iteracion: 318
--- next_x
1274.07
1274.46
1274.84
1275.22
1275.61
1275.99
1276.37
1276.75
1277.13
1277.52
1277.9
1278.28
1278.65
1279.04
1279.41
1279.79
1280.17
1280.55
1280.92
1281.3
1281.67
1282.05
1282.42
1282.8
1283.17
1283.55
1283.92
1284.29
1284.67
1285.04
1285.41
1285.78
1286.15
1286.52
1286.89
1287.26
1287.63
1288
1288.37
1288.74
1289.1
1289.47
1289.84
1290.2
1290.57
1290.93
1291.3
1291.66
1292.03
1292.39
--- next_y
1187.5
1187.48
1187.47
1187.45
1187.44
1187.42
1187.41
1187.39
1187.38
1187.36
1187.34
1187.33
1187.31
1187.3
1187.28
1187.27
1187.25
1187.24
1187.22
1187.21
1187.19
1187.18
1187.16
1187.15
1187.13
1187.12
1187.1
1187.09
1187.07
1187.06
1187.04
1187.03
1187.01
1187
1186.98
1186.97
1186.95
1186.94
1186.92
1186.91
1186.89
1186.88
1186.86
1186.85
1186.83
1186.82
1186.8
1186.79
1186.77
1186.76
iteracion: 318
--- next_x
1274.07
1274.46
1274.84
1275.22
1275.61
1275.99
1276.37
1276.75
1277.13
1277.52
1277.9
1278.28
1278.65
1279.04
1279.41
1279.79
1280.17
1280.55
1280.92
1281.3
1281.67
1282.05
1282.42
1282.8
1283.17
1283.55
1283.92
1284.29
1284.67
1285.04
1285.41
1285.78
1286.15
1286.52
1286.89
1287.26
1287.63
1288
1288.37
1288.74
1289.1
1289.47
1289.84
1290.2
1290.57
1290.93
1291.3
1291.65
1292.01
1292.37
--- next_y
1187.5
1187.48
1187.47
1187.45
1187.44
1187.42
1187.41
1187.39
1187.38
1187.36
1187.34
1187.33
1187.31
1187.3
1187.28
1187.27
1187.25
1187.24
1187.22
1187.21
1187.19
1187.18
1187.16
1187.15
1187.13
1187.12
1187.1
1187.09
1187.07
1187.06
1187.04
1187.03
1187.01
1187
1186.98
1186.97
1186.95
1186.94
1186.92
1186.91
1186.89
1186.88
1186.86
1186.85
1186.83
1186.82
1186.8
1186.78
1186.74
1186.69
iteracion: 318
--- next_x
1274.07
1274.46
1274.84
1275.22
1275.61
1275.99
1276.37
1276.75
1277.13
1277.52
1277.9
1278.28
1278.65
1279.04
1279.41
1279.79
1280.17
1280.55
1280.92
1281.3
1281.67
1282.05
1282.42
1282.8
1283.17
1283.55
1283.92
1284.29
1284.67
1285.04
1285.41
1285.78
1286.15
1286.52
1286.89
1287.26
1287.63
1288
1288.37
1288.74
1289.1
1289.47
1289.84
1290.2
1290.57
1290.93
1291.3
1291.66
1292.02
1292.39
--- next_y
1187.5
1187.48
1187.47
1187.45
1187.44
1187.42
1187.41
1187.39
1187.38
1187.36
1187.34
1187.33
1187.31
1187.3
1187.28
1187.27
1187.25
1187.24
1187.22
1187.21
1187.19
1187.18
1187.16
1187.15
1187.13
1187.12
1187.1
1187.09
1187.07
1187.06
1187.04
1187.03
1187.01
1187
1186.98
1186.97
1186.95
1186.94
1186.92
1186.91
1186.89
1186.88
1186.86
1186.85
1186.83
1186.82
1186.8
1186.8
1186.81
1186.83
