iteracion: 311
--- next_x
1261.91
1262.31
1262.71
1263.1
1263.5
1263.9
1264.3
1264.69
1265.09
1265.49
1265.88
1266.28
1266.67
1267.06
1267.46
1267.85
1268.24
1268.63
1269.03
1269.42
1269.81
1270.2
1270.59
1270.98
1271.37
1271.75
1272.14
1272.53
1272.91
1273.3
1273.69
1274.07
1274.46
1274.84
1275.22
1275.61
1275.99
1276.37
1276.75
1277.13
1277.52
1277.9
1278.28
1278.65
1279.04
1279.41
1279.79
1280.17
1280.55
1280.93
--- next_y
1187.96
1187.94
1187.93
1187.92
1187.9
1187.89
1187.88
1187.86
1187.85
1187.84
1187.82
1187.81
1187.79
1187.78
1187.76
1187.75
1187.73
1187.72
1187.7
1187.69
1187.67
1187.66
1187.64
1187.62
1187.61
1187.59
1187.58
1187.56
1187.54
1187.53
1187.51
1187.5
1187.48
1187.47
1187.45
1187.44
1187.42
1187.41
1187.39
1187.38
1187.36
1187.34
1187.33
1187.31
1187.3
1187.28
1187.27
1187.25
1187.24
1187.22
iteracion: 311
--- next_x
1261.91
1262.31
1262.71
1263.1
1263.5
1263.9
1264.3
1264.69
1265.09
1265.49
1265.88
1266.28
1266.67
1267.06
1267.46
1267.85
1268.24
1268.63
1269.03
1269.42
1269.81
1270.2
1270.59
1270.98
1271.37
1271.75
1272.14
1272.53
1272.91
1273.3
1273.69
1274.07
1274.46
1274.84
1275.22
1275.61
1275.99
1276.37
1276.75
1277.13
1277.52
1277.9
1278.28
1278.65
1279.04
1279.41
1279.78
1280.15
1280.52
1280.89
--- next_y
1187.96
1187.94
1187.93
1187.92
1187.9
1187.89
1187.88
1187.86
1187.85
1187.84
1187.82
1187.81
1187.79
1187.78
1187.76
1187.75
1187.73
1187.72
1187.7
1187.69
1187.67
1187.66
1187.64
1187.62
1187.61
1187.59
1187.58
1187.56
1187.54
1187.53
1187.51
1187.5
1187.48
1187.47
1187.45
1187.44
1187.42
1187.41
1187.39
1187.38
1187.36
1187.34
1187.33
1187.31
1187.3
1187.27
1187.23
1187.18
1187.12
1187.05
iteracion: 311
--- next_x
1261.91
1262.31
1262.71
1263.1
1263.5
1263.9
1264.3
1264.69
1265.09
1265.49
1265.88
1266.28
1266.67
1267.06
1267.46
1267.85
1268.24
1268.63
1269.03
1269.42
1269.81
1270.2
1270.59
1270.98
1271.37
1271.75
1272.14
1272.53
1272.91
1273.3
1273.69
1274.07
1274.46
1274.84
1275.22
1275.61
1275.99
1276.37
1276.75
1277.13
1277.52
1277.9
1278.28
1278.65
1279.04
1279.41
1279.79
1280.16
1280.54
1280.92
--- next_y
1187.96
1187.94
1187.93
1187.92
1187.9
1187.89
1187.88
1187.86
1187.85
1187.84
1187.82
1187.81
1187.79
1187.78
1187.76
1187.75
1187.73
1187.72
1187.7
1187.69
1187.67
1187.66
1187.64
1187.62
1187.61
1187.59
1187.58
1187.56
1187.54
1187.53
1187.51
1187.5
1187.48
1187.47
1187.45
1187.44
1187.42
1187.41
1187.39
1187.38
1187.36
1187.34
1187.33
1187.31
1187.3
1187.29
1187.3
1187.32
1187.36
1187.4
