iteracion: 292
--- next_x
1228.87
1229.3
1229.73
1230.17
1230.6
1231.03
1231.46
1231.89
1232.32
1232.76
1233.19
1233.62
1234.05
1234.48
1234.91
1235.34
1235.76
1236.19
1236.62
1237.05
1237.47
1237.9
1238.33
1238.76
1239.18
1239.61
1240.03
1240.45
1240.88
1241.3
1241.72
1242.15
1242.57
1242.99
1243.41
1243.83
1244.25
1244.67
1245.09
1245.51
1245.92
1246.34
1246.76
1247.18
1247.59
1248.01
1248.43
1248.85
1249.27
1249.68
--- next_y
1188.61
1188.62
1188.63
1188.64
1188.65
1188.66
1188.67
1188.68
1188.68
1188.69
1188.69
1188.69
1188.69
1188.69
1188.69
1188.69
1188.69
1188.69
1188.68
1188.68
1188.67
1188.66
1188.66
1188.65
1188.64
1188.63
1188.62
1188.61
1188.6
1188.59
1188.58
1188.57
1188.56
1188.55
1188.54
1188.53
1188.52
1188.5
1188.49
1188.48
1188.46
1188.45
1188.44
1188.42
1188.41
1188.4
1188.39
1188.37
1188.36
1188.35
iteracion: 292
--- next_x
1228.87
1229.3
1229.73
1230.17
1230.6
1231.03
1231.46
1231.89
1232.32
1232.76
1233.19
1233.62
1234.05
1234.48
1234.91
1235.34
1235.76
1236.19
1236.62
1237.05
1237.47
1237.9
1238.33
1238.76
1239.18
1239.61
1240.03
1240.45
1240.88
1241.3
1241.72
1242.15
1242.57
1242.99
1243.41
1243.83
1244.25
1244.67
1245.09
1245.51
1245.92
1246.34
1246.76
1247.17
1247.58
1247.99
1248.4
1248.8
1249.21
1249.62
--- next_y
1188.61
1188.62
1188.63
1188.64
1188.65
1188.66
1188.67
1188.68
1188.68
1188.69
1188.69
1188.69
1188.69
1188.69
1188.69
1188.69
1188.69
1188.69
1188.68
1188.68
1188.67
1188.66
1188.66
1188.65
1188.64
1188.63
1188.62
1188.61
1188.6
1188.59
1188.58
1188.57
1188.56
1188.55
1188.54
1188.53
1188.52
1188.5
1188.49
1188.48
1188.46
1188.45
1188.44
1188.41
1188.36
1188.3
1188.22
1188.12
1188.01
1187.89
iteracion: 292
--- next_x
1228.87
1229.3
1229.73
1230.17
1230.6
1231.03
1231.46
1231.89
1232.32
1232.76
1233.19
1233.62
1234.05
1234.48
1234.91
1235.34
1235.76
1236.19
1236.62
1237.05
1237.47
1237.9
1238.33
1238.76
1239.18
1239.61
1240.03
1240.45
1240.88
1241.3
1241.72
1242.15
1242.57
1242.99
1243.41
1243.83
1244.25
1244.67
1245.09
1245.51
1245.92
1246.34
1246.76
1247.17
1247.58
1248
1248.41
1248.82
1249.24
1249.65
--- next_y
1188.61
1188.62
1188.63
1188.64
1188.65
1188.66
1188.67
1188.68
1188.68
1188.69
1188.69
1188.69
1188.69
1188.69
1188.69
1188.69
1188.69
1188.69
1188.68
1188.68
1188.67
1188.66
1188.66
1188.65
1188.64
1188.63
1188.62
1188.61
1188.6
1188.59
1188.58
1188.57
1188.56
1188.55
1188.54
1188.53
1188.52
1188.5
1188.49
1188.48
1188.46
1188.45
1188.44
1188.44
1188.46
1188.5
1188.55
1188.62
1188.71
1188.8
