iteracion: 300
--- next_x
1242.57
1242.99
1243.41
1243.83
1244.25
1244.67
1245.09
1245.51
1245.92
1246.34
1246.76
1247.17
1247.59
1248.01
1248.42
1248.84
1249.25
1249.67
1250.08
1250.5
1250.91
1251.33
1251.74
1252.15
1252.56
1252.97
1253.39
1253.8
1254.21
1254.62
1255.03
1255.43
1255.84
1256.25
1256.66
1257.07
1257.47
1257.88
1258.28
1258.69
1259.09
1259.5
1259.9
1260.3
1260.7
1261.11
1261.51
1261.91
1262.31
1262.71
--- next_y
1188.56
1188.55
1188.54
1188.53
1188.52
1188.5
1188.49
1188.48
1188.46
1188.45
1188.44
1188.42
1188.41
1188.4
1188.39
1188.37
1188.36
1188.35
1188.33
1188.32
1188.31
1188.29
1188.28
1188.27
1188.26
1188.24
1188.23
1188.22
1188.2
1188.19
1188.18
1188.16
1188.15
1188.14
1188.12
1188.11
1188.1
1188.09
1188.07
1188.06
1188.05
1188.03
1188.02
1188.01
1187.99
1187.98
1187.97
1187.96
1187.94
1187.93
iteracion: 300
--- next_x
1242.57
1242.99
1243.41
1243.83
1244.25
1244.67
1245.09
1245.51
1245.92
1246.34
1246.76
1247.17
1247.59
1248.01
1248.42
1248.84
1249.25
1249.67
1250.08
1250.5
1250.91
1251.33
1251.74
1252.15
1252.56
1252.97
1253.39
1253.8
1254.21
1254.62
1255.03
1255.43
1255.84
1256.25
1256.66
1257.07
1257.47
1257.88
1258.28
1258.69
1259.09
1259.5
1259.9
1260.3
1260.7
1261.11
1261.51
1261.9
1262.29
1262.69
--- next_y
1188.56
1188.55
1188.54
1188.53
1188.52
1188.5
1188.49
1188.48
1188.46
1188.45
1188.44
1188.42
1188.41
1188.4
1188.39
1188.37
1188.36
1188.35
1188.33
1188.32
1188.31
1188.29
1188.28
1188.27
1188.26
1188.24
1188.23
1188.22
1188.2
1188.19
1188.18
1188.16
1188.15
1188.14
1188.12
1188.11
1188.1
1188.09
1188.07
1188.06
1188.05
1188.03
1188.02
1188.01
1187.99
1187.98
1187.97
1187.94
1187.89
1187.82
iteracion: 300
--- next_x
1242.57
1242.99
1243.41
1243.83
1244.25
1244.67
1245.09
1245.51
1245.92
1246.34
1246.76
1247.17
1247.59
1248.01
1248.42
1248.84
1249.25
1249.67
1250.08
1250.5
1250.91
1251.33
1251.74
1252.15
1252.56
1252.97
1253.39
1253.8
1254.21
1254.62
1255.03
1255.43
1255.84
1256.25
1256.66
1257.07
1257.47
1257.88
1258.28
1258.69
1259.09
1259.5
1259.9
1260.3
1260.7
1261.11
1261.51
1261.9
1262.3
1262.7
--- next_y
1188.56
1188.55
1188.54
1188.53
1188.52
1188.5
1188.49
1188.48
1188.46
1188.45
1188.44
1188.42
1188.41
1188.4
1188.39
1188.37
1188.36
1188.35
1188.33
1188.32
1188.31
1188.29
1188.28
1188.27
1188.26
1188.24
1188.23
1188.22
1188.2
1188.19
1188.18
1188.16
1188.15
1188.14
1188.12
1188.11
1188.1
1188.09
1188.07
1188.06
1188.05
1188.03
1188.02
1188.01
1187.99
1187.98
1187.97
1187.97
1187.99
1188.03
