iteracion: 314
--- next_x
1267.46
1267.85
1268.24
1268.63
1269.03
1269.42
1269.81
1270.2
1270.59
1270.98
1271.37
1271.75
1272.14
1272.53
1272.91
1273.3
1273.69
1274.07
1274.46
1274.84
1275.22
1275.61
1275.99
1276.37
1276.75
1277.13
1277.52
1277.9
1278.28
1278.65
1279.04
1279.41
1279.79
1280.17
1280.55
1280.92
1281.3
1281.67
1282.05
1282.42
1282.8
1283.17
1283.55
1283.92
1284.29
1284.67
1285.04
1285.41
1285.79
1286.16
--- next_y
1187.76
1187.75
1187.73
1187.72
1187.7
1187.69
1187.67
1187.66
1187.64
1187.62
1187.61
1187.59
1187.58
1187.56
1187.54
1187.53
1187.51
1187.5
1187.48
1187.47
1187.45
1187.44
1187.42
1187.41
1187.39
1187.38
1187.36
1187.34
1187.33
1187.31
1187.3
1187.28
1187.27
1187.25
1187.24
1187.22
1187.21
1187.19
1187.18
1187.16
1187.15
1187.13
1187.12
1187.1
1187.09
1187.07
1187.06
1187.04
1187.03
1187.01
iteracion: 314
--- next_x
1267.46
1267.85
1268.24
1268.63
1269.03
1269.42
1269.81
1270.2
1270.59
1270.98
1271.37
1271.75
1272.14
1272.53
1272.91
1273.3
1273.69
1274.07
1274.46
1274.84
1275.22
1275.61
1275.99
1276.37
1276.75
1277.13
1277.52
1277.9
1278.28
1278.65
1279.04
1279.41
1279.79
1280.17
1280.55
1280.92
1281.3
1281.67
1282.05
1282.42
1282.8
1283.17
1283.55
1283.92
1284.29
1284.67
1285.03
1285.4
1285.76
1286.13
--- next_y
1187.76
1187.75
1187.73
1187.72
1187.7
1187.69
1187.67
1187.66
1187.64
1187.62
1187.61
1187.59
1187.58
1187.56
1187.54
1187.53
1187.51
1187.5
1187.48
1187.47
1187.45
1187.44
1187.42
1187.41
1187.39
1187.38
1187.36
1187.34
1187.33
1187.31
1187.3
1187.28
1187.27
1187.25
1187.24
1187.22
1187.21
1187.19
1187.18
1187.16
1187.15
1187.13
1187.12
1187.1
1187.09
1187.07
1187.05
1187.01
1186.96
1186.9
iteracion: 314
--- next_x
1267.46
1267.85
1268.24
1268.63
1269.03
1269.42
1269.81
1270.2
1270.59
1270.98
1271.37
1271.75
1272.14
1272.53
1272.91
1273.3
1273.69
1274.07
1274.46
1274.84
1275.22
1275.61
1275.99
1276.37
1276.75
1277.13
1277.52
1277.9
1278.28
1278.65
1279.04
1279.41
1279.79
1280.17
1280.55
1280.92
1281.3
1281.67
1282.05
1282.42
1282.8
1283.17
1283.55
1283.92
1284.29
1284.67
1285.04
1285.41
1285.78
1286.15
--- next_y
1187.76
1187.75
1187.73
1187.72
1187.7
1187.69
1187.67
1187.66
1187.64
1187.62
1187.61
1187.59
1187.58
1187.56
1187.54
1187.53
1187.51
1187.5
1187.48
1187.47
1187.45
1187.44
1187.42
1187.41
1187.39
1187.38
1187.36
1187.34
1187.33
1187.31
1187.3
1187.28
1187.27
1187.25
1187.24
1187.22
1187.21
1187.19
1187.18
1187.16
1187.15
1187.13
1187.12
1187.1
1187.09
1187.07
1187.07
1187.08
1187.1
1187.13
