iteracion: 280
--- next_x
1202.88
1203.32
1203.76
1204.2
1204.65
1205.09
1205.53
1205.97
1206.41
1206.85
1207.3
1207.74
1208.18
1208.62
1209.06
1209.5
1209.94
1210.39
1210.83
1211.27
1211.71
1212.15
1212.6
1213.04
1213.48
1213.92
1214.36
1214.8
1215.24
1215.69
1216.13
1216.57
1217.01
1217.45
1217.89
1218.34
1218.78
1219.22
1219.66
1220.1
1220.54
1220.98
1221.42
1221.87
1222.31
1222.75
1223.19
1223.63
1224.07
1224.52
--- next_y
1187.6
1187.62
1187.64
1187.66
1187.68
1187.7
1187.72
1187.74
1187.76
1187.78
1187.8
1187.82
1187.84
1187.86
1187.87
1187.89
1187.91
1187.93
1187.94
1187.96
1187.98
1187.99
1188.01
1188.03
1188.05
1188.06
1188.08
1188.09
1188.11
1188.13
1188.14
1188.16
1188.18
1188.19
1188.21
1188.22
1188.24
1188.26
1188.27
1188.29
1188.31
1188.32
1188.34
1188.35
1188.37
1188.39
1188.4
1188.42
1188.43
1188.45
iteracion: 280
--- next_x
1202.88
1203.32
1203.76
1204.2
1204.65
1205.09
1205.53
1205.97
1206.41
1206.85
1207.3
1207.74
1208.18
1208.62
1209.06
1209.5
1209.94
1210.39
1210.83
1211.27
1211.71
1212.15
1212.6
1213.04
1213.48
1213.92
1214.36
1214.8
1215.24
1215.69
1216.13
1216.57
1217.01
1217.45
1217.89
1218.34
1218.78
1219.22
1219.66
1220.1
1220.54
1220.98
1221.42
1221.87
1222.31
1222.74
1223.17
1223.61
1224.04
1224.48
--- next_y
1187.6
1187.62
1187.64
1187.66
1187.68
1187.7
1187.72
1187.74
1187.76
1187.78
1187.8
1187.82
1187.84
1187.86
1187.87
1187.89
1187.91
1187.93
1187.94
1187.96
1187.98
1187.99
1188.01
1188.03
1188.05
1188.06
1188.08
1188.09
1188.11
1188.13
1188.14
1188.16
1188.18
1188.19
1188.21
1188.22
1188.24
1188.26
1188.27
1188.29
1188.31
1188.32
1188.34
1188.35
1188.37
1188.36
1188.33
1188.28
1188.2
1188.11
iteracion: 280
--- next_x
1202.88
1203.32
1203.76
1204.2
1204.65
1205.09
1205.53
1205.97
1206.41
1206.85
1207.3
1207.74
1208.18
1208.62
1209.06
1209.5
1209.94
1210.39
1210.83
1211.27
1211.71
1212.15
1212.6
1213.04
1213.48
1213.92
1214.36
1214.8
1215.24
1215.69
1216.13
1216.57
1217.01
1217.45
1217.89
1218.34
1218.78
1219.22
1219.66
1220.1
1220.54
1220.98
1221.42
1221.87
1222.31
1222.74
1223.18
1223.61
1224.05
1224.48
--- next_y
1187.6
1187.62
1187.64
1187.66
1187.68
1187.7
1187.72
1187.74
1187.76
1187.78
1187.8
1187.82
1187.84
1187.86
1187.87
1187.89
1187.91
1187.93
1187.94
1187.96
1187.98
1187.99
1188.01
1188.03
1188.05
1188.06
1188.08
1188.09
1188.11
1188.13
1188.14
1188.16
1188.18
1188.19
1188.21
1188.22
1188.24
1188.26
1188.27
1188.29
1188.31
1188.32
1188.34
1188.35
1188.37
1188.41
1188.47
1188.56
1188.66
1188.79
