iteracion: 351
--- next_x
1322.58
1322.89
1323.21
1323.52
1323.84
1324.15
1324.47
1324.78
1325.09
1325.4
1325.72
1326.03
1326.34
1326.65
1326.96
1327.27
1327.58
1327.89
1328.2
1328.51
1328.82
1329.12
1329.43
1329.74
1330.05
1330.35
1330.66
1330.97
1331.27
1331.57
1331.88
1332.18
1332.49
1332.79
1333.09
1333.39
1333.7
1334
1334.3
1334.6
1334.9
1335.2
1335.5
1335.8
1336.09
1336.39
1336.69
1336.99
1337.29
1337.59
--- next_y
1184.26
1184.23
1184.19
1184.16
1184.12
1184.09
1184.05
1184.02
1183.98
1183.95
1183.91
1183.88
1183.84
1183.81
1183.77
1183.74
1183.7
1183.67
1183.63
1183.6
1183.57
1183.53
1183.5
1183.46
1183.43
1183.4
1183.36
1183.33
1183.3
1183.26
1183.23
1183.2
1183.16
1183.13
1183.1
1183.07
1183.03
1183
1182.97
1182.94
1182.91
1182.88
1182.84
1182.81
1182.78
1182.75
1182.72
1182.69
1182.66
1182.63
iteracion: 351
--- next_x
1322.58
1322.89
1323.21
1323.52
1323.84
1324.15
1324.47
1324.78
1325.09
1325.4
1325.72
1326.03
1326.34
1326.65
1326.96
1327.27
1327.58
1327.89
1328.2
1328.51
1328.82
1329.12
1329.43
1329.74
1330.05
1330.35
1330.66
1330.97
1331.27
1331.57
1331.88
1332.18
1332.49
1332.79
1333.09
1333.39
1333.7
1334
1334.3
1334.6
1334.9
1335.2
1335.5
1335.8
1336.09
1336.39
1336.69
1336.98
1337.27
1337.56
--- next_y
1184.26
1184.23
1184.19
1184.16
1184.12
1184.09
1184.05
1184.02
1183.98
1183.95
1183.91
1183.88
1183.84
1183.81
1183.77
1183.74
1183.7
1183.67
1183.63
1183.6
1183.57
1183.53
1183.5
1183.46
1183.43
1183.4
1183.36
1183.33
1183.3
1183.26
1183.23
1183.2
1183.16
1183.13
1183.1
1183.07
1183.03
1183
1182.97
1182.94
1182.91
1182.88
1182.84
1182.81
1182.78
1182.75
1182.72
1182.68
1182.64
1182.59
iteracion: 351
--- next_x
1322.58
1322.89
1323.21
1323.52
1323.84
1324.15
1324.47
1324.78
1325.09
1325.4
1325.72
1326.03
1326.34
1326.65
1326.96
1327.27
1327.58
1327.89
1328.2
1328.51
1328.82
1329.12
1329.43
1329.74
1330.05
1330.35
1330.66
1330.97
1331.27
1331.57
1331.88
1332.18
1332.49
1332.79
1333.09
1333.39
1333.7
1334
1334.3
1334.6
1334.9
1335.2
1335.5
1335.8
1336.09
1336.39
1336.69
1336.98
1337.28
1337.57
--- next_y
1184.26
1184.23
1184.19
1184.16
1184.12
1184.09
1184.05
1184.02
1183.98
1183.95
1183.91
1183.88
1183.84
1183.81
1183.77
1183.74
1183.7
1183.67
1183.63
1183.6
1183.57
1183.53
1183.5
1183.46
1183.43
1183.4
1183.36
1183.33
1183.3
1183.26
1183.23
1183.2
1183.16
1183.13
1183.1
1183.07
1183.03
1183
1182.97
1182.94
1182.91
1182.88
1182.84
1182.81
1182.78
1182.75
1182.73
1182.71
1182.69
1182.68
