iteracion: 283
--- next_x
1208.62
1209.06
1209.5
1209.94
1210.39
1210.83
1211.27
1211.71
1212.15
1212.6
1213.04
1213.48
1213.92
1214.36
1214.8
1215.24
1215.69
1216.13
1216.57
1217.01
1217.45
1217.89
1218.34
1218.78
1219.22
1219.66
1220.1
1220.54
1220.98
1221.42
1221.87
1222.31
1222.75
1223.19
1223.63
1224.07
1224.51
1224.94
1225.38
1225.82
1226.25
1226.69
1227.13
1227.56
1228
1228.43
1228.87
1229.3
1229.74
1230.17
--- next_y
1187.86
1187.87
1187.89
1187.91
1187.93
1187.94
1187.96
1187.98
1187.99
1188.01
1188.03
1188.05
1188.06
1188.08
1188.09
1188.11
1188.13
1188.14
1188.16
1188.18
1188.19
1188.21
1188.22
1188.24
1188.26
1188.27
1188.29
1188.31
1188.32
1188.34
1188.35
1188.37
1188.38
1188.4
1188.42
1188.43
1188.45
1188.46
1188.48
1188.5
1188.51
1188.53
1188.55
1188.56
1188.58
1188.59
1188.61
1188.62
1188.63
1188.64
iteracion: 283
--- next_x
1208.62
1209.06
1209.5
1209.94
1210.39
1210.83
1211.27
1211.71
1212.15
1212.6
1213.04
1213.48
1213.92
1214.36
1214.8
1215.24
1215.69
1216.13
1216.57
1217.01
1217.45
1217.89
1218.34
1218.78
1219.22
1219.66
1220.1
1220.54
1220.98
1221.42
1221.87
1222.31
1222.75
1223.19
1223.63
1224.07
1224.51
1224.94
1225.38
1225.82
1226.25
1226.69
1227.13
1227.56
1228
1228.43
1228.86
1229.28
1229.71
1230.14
--- next_y
1187.86
1187.87
1187.89
1187.91
1187.93
1187.94
1187.96
1187.98
1187.99
1188.01
1188.03
1188.05
1188.06
1188.08
1188.09
1188.11
1188.13
1188.14
1188.16
1188.18
1188.19
1188.21
1188.22
1188.24
1188.26
1188.27
1188.29
1188.31
1188.32
1188.34
1188.35
1188.37
1188.38
1188.4
1188.42
1188.43
1188.45
1188.46
1188.48
1188.5
1188.51
1188.53
1188.55
1188.56
1188.58
1188.59
1188.58
1188.54
1188.47
1188.38
iteracion: 283
--- next_x
1208.62
1209.06
1209.5
1209.94
1210.39
1210.83
1211.27
1211.71
1212.15
1212.6
1213.04
1213.48
1213.92
1214.36
1214.8
1215.24
1215.69
1216.13
1216.57
1217.01
1217.45
1217.89
1218.34
1218.78
1219.22
1219.66
1220.1
1220.54
1220.98
1221.42
1221.87
1222.31
1222.75
1223.19
1223.63
1224.07
1224.51
1224.94
1225.38
1225.82
1226.25
1226.69
1227.13
1227.56
1228
1228.43
1228.86
1229.29
1229.72
1230.15
--- next_y
1187.86
1187.87
1187.89
1187.91
1187.93
1187.94
1187.96
1187.98
1187.99
1188.01
1188.03
1188.05
1188.06
1188.08
1188.09
1188.11
1188.13
1188.14
1188.16
1188.18
1188.19
1188.21
1188.22
1188.24
1188.26
1188.27
1188.29
1188.31
1188.32
1188.34
1188.35
1188.37
1188.38
1188.4
1188.42
1188.43
1188.45
1188.46
1188.48
1188.5
1188.51
1188.53
1188.55
1188.56
1188.58
1188.59
1188.63
1188.69
1188.78
1188.89
