iteracion: 307
--- next_x
1255.03
1255.43
1255.84
1256.25
1256.66
1257.07
1257.47
1257.88
1258.28
1258.69
1259.09
1259.5
1259.9
1260.3
1260.7
1261.11
1261.51
1261.91
1262.31
1262.71
1263.1
1263.5
1263.9
1264.3
1264.69
1265.09
1265.49
1265.88
1266.28
1266.67
1267.06
1267.46
1267.85
1268.24
1268.63
1269.03
1269.42
1269.81
1270.2
1270.59
1270.98
1271.37
1271.75
1272.14
1272.53
1272.92
1273.3
1273.69
1274.08
1274.47
--- next_y
1188.18
1188.16
1188.15
1188.14
1188.12
1188.11
1188.1
1188.09
1188.07
1188.06
1188.05
1188.03
1188.02
1188.01
1187.99
1187.98
1187.97
1187.96
1187.94
1187.93
1187.92
1187.9
1187.89
1187.88
1187.86
1187.85
1187.84
1187.82
1187.81
1187.79
1187.78
1187.76
1187.75
1187.73
1187.72
1187.7
1187.69
1187.67
1187.66
1187.64
1187.62
1187.61
1187.59
1187.58
1187.56
1187.54
1187.53
1187.51
1187.5
1187.48
iteracion: 307
--- next_x
1255.03
1255.43
1255.84
1256.25
1256.66
1257.07
1257.47
1257.88
1258.28
1258.69
1259.09
1259.5
1259.9
1260.3
1260.7
1261.11
1261.51
1261.91
1262.31
1262.71
1263.1
1263.5
1263.9
1264.3
1264.69
1265.09
1265.49
1265.88
1266.28
1266.67
1267.06
1267.46
1267.85
1268.24
1268.63
1269.03
1269.42
1269.81
1270.2
1270.59
1270.98
1271.37
1271.75
1272.14
1272.53
1272.91
1273.29
1273.67
1274.05
1274.43
--- next_y
1188.18
1188.16
1188.15
1188.14
1188.12
1188.11
1188.1
1188.09
1188.07
1188.06
1188.05
1188.03
1188.02
1188.01
1187.99
1187.98
1187.97
1187.96
1187.94
1187.93
1187.92
1187.9
1187.89
1187.88
1187.86
1187.85
1187.84
1187.82
1187.81
1187.79
1187.78
1187.76
1187.75
1187.73
1187.72
1187.7
1187.69
1187.67
1187.66
1187.64
1187.62
1187.61
1187.59
1187.58
1187.56
1187.53
1187.49
1187.43
1187.37
1187.29
iteracion: 307
--- next_x
1255.03
1255.43
1255.84
1256.25
1256.66
1257.07
1257.47
1257.88
1258.28
1258.69
1259.09
1259.5
1259.9
1260.3
1260.7
1261.11
1261.51
1261.91
1262.31
1262.71
1263.1
1263.5
1263.9
1264.3
1264.69
1265.09
1265.49
1265.88
1266.28
1266.67
1267.06
1267.46
1267.85
1268.24
1268.63
1269.03
1269.42
1269.81
1270.2
1270.59
1270.98
1271.37
1271.75
1272.14
1272.53
1272.91
1273.29
1273.68
1274.06
1274.45
--- next_y
1188.18
1188.16
1188.15
1188.14
1188.12
1188.11
1188.1
1188.09
1188.07
1188.06
1188.05
1188.03
1188.02
1188.01
1187.99
1187.98
1187.97
1187.96
1187.94
1187.93
1187.92
1187.9
1187.89
1187.88
1187.86
1187.85
1187.84
1187.82
1187.81
1187.79
1187.78
1187.76
1187.75
1187.73
1187.72
1187.7
1187.69
1187.67
1187.66
1187.64
1187.62
1187.61
1187.59
1187.58
1187.56
1187.56
1187.57
1187.59
1187.63
1187.68
