iteracion: 324
--- next_x
1283.17
1283.55
1283.92
1284.29
1284.67
1285.04
1285.41
1285.78
1286.15
1286.52
1286.89
1287.26
1287.63
1288
1288.37
1288.74
1289.1
1289.47
1289.84
1290.2
1290.57
1290.93
1291.3
1291.66
1292.03
1292.39
1292.75
1293.11
1293.47
1293.83
1294.19
1294.55
1294.91
1295.27
1295.63
1295.99
1296.34
1296.7
1297.06
1297.41
1297.77
1298.12
1298.47
1298.83
1299.18
1299.54
1299.89
1300.24
1300.59
1300.95
--- next_y
1187.13
1187.12
1187.1
1187.09
1187.07
1187.06
1187.04
1187.03
1187.01
1187
1186.98
1186.97
1186.95
1186.94
1186.92
1186.91
1186.89
1186.88
1186.86
1186.85
1186.83
1186.82
1186.8
1186.79
1186.77
1186.76
1186.74
1186.73
1186.71
1186.7
1186.68
1186.67
1186.65
1186.64
1186.62
1186.61
1186.59
1186.58
1186.56
1186.55
1186.53
1186.51
1186.49
1186.47
1186.45
1186.43
1186.41
1186.39
1186.37
1186.35
iteracion: 324
--- next_x
1283.17
1283.55
1283.92
1284.29
1284.67
1285.04
1285.41
1285.78
1286.15
1286.52
1286.89
1287.26
1287.63
1288
1288.37
1288.74
1289.1
1289.47
1289.84
1290.2
1290.57
1290.93
1291.3
1291.66
1292.03
1292.39
1292.75
1293.11
1293.47
1293.83
1294.19
1294.55
1294.91
1295.27
1295.63
1295.99
1296.34
1296.7
1297.06
1297.41
1297.77
1298.12
1298.47
1298.83
1299.18
1299.54
1299.88
1300.22
1300.57
1300.91
--- next_y
1187.13
1187.12
1187.1
1187.09
1187.07
1187.06
1187.04
1187.03
1187.01
1187
1186.98
1186.97
1186.95
1186.94
1186.92
1186.91
1186.89
1186.88
1186.86
1186.85
1186.83
1186.82
1186.8
1186.79
1186.77
1186.76
1186.74
1186.73
1186.71
1186.7
1186.68
1186.67
1186.65
1186.64
1186.62
1186.61
1186.59
1186.58
1186.56
1186.55
1186.53
1186.51
1186.49
1186.47
1186.45
1186.43
1186.4
1186.36
1186.31
1186.25
iteracion: 324
--- next_x
1283.17
1283.55
1283.92
1284.29
1284.67
1285.04
1285.41
1285.78
1286.15
1286.52
1286.89
1287.26
1287.63
1288
1288.37
1288.74
1289.1
1289.47
1289.84
1290.2
1290.57
1290.93
1291.3
1291.66
1292.03
1292.39
1292.75
1293.11
1293.47
1293.83
1294.19
1294.55
1294.91
1295.27
1295.63
1295.99
1296.34
1296.7
1297.06
1297.41
1297.77
1298.12
1298.47
1298.83
1299.18
1299.54
1299.89
1300.24
1300.59
1300.94
--- next_y
1187.13
1187.12
1187.1
1187.09
1187.07
1187.06
1187.04
1187.03
1187.01
1187
1186.98
1186.97
1186.95
1186.94
1186.92
1186.91
1186.89
1186.88
1186.86
1186.85
1186.83
1186.82
1186.8
1186.79
1186.77
1186.76
1186.74
1186.73
1186.71
1186.7
1186.68
1186.67
1186.65
1186.64
1186.62
1186.61
1186.59
1186.58
1186.56
1186.55
1186.53
1186.51
1186.49
1186.47
1186.45
1186.43
1186.42
1186.42
1186.43
1186.45
