iteracion: 286
--- next_x
1216.57
1217.01
1217.45
1217.89
1218.34
1218.78
1219.22
1219.66
1220.1
1220.54
1220.98
1221.42
1221.87
1222.31
1222.75
1223.19
1223.63
1224.07
1224.51
1224.94
1225.38
1225.82
1226.25
1226.69
1227.13
1227.56
1228
1228.43
1228.87
1229.3
1229.73
1230.17
1230.6
1231.03
1231.46
1231.89
1232.32
1232.76
1233.19
1233.62
1234.05
1234.48
1234.91
1235.34
1235.77
1236.2
1236.63
1237.06
1237.49
1237.92
--- next_y
1188.16
1188.18
1188.19
1188.21
1188.22
1188.24
1188.26
1188.27
1188.29
1188.31
1188.32
1188.34
1188.35
1188.37
1188.38
1188.4
1188.42
1188.43
1188.45
1188.46
1188.48
1188.5
1188.51
1188.53
1188.55
1188.56
1188.58
1188.59
1188.61
1188.62
1188.63
1188.64
1188.65
1188.66
1188.67
1188.68
1188.68
1188.69
1188.69
1188.69
1188.69
1188.69
1188.69
1188.69
1188.69
1188.69
1188.68
1188.68
1188.67
1188.66
iteracion: 286
--- next_x
1216.57
1217.01
1217.45
1217.89
1218.34
1218.78
1219.22
1219.66
1220.1
1220.54
1220.98
1221.42
1221.87
1222.31
1222.75
1223.19
1223.63
1224.07
1224.51
1224.94
1225.38
1225.82
1226.25
1226.69
1227.13
1227.56
1228
1228.43
1228.87
1229.3
1229.73
1230.17
1230.6
1231.03
1231.46
1231.89
1232.32
1232.76
1233.19
1233.62
1234.05
1234.48
1234.91
1235.34
1235.76
1236.18
1236.6
1237.02
1237.44
1237.86
--- next_y
1188.16
1188.18
1188.19
1188.21
1188.22
1188.24
1188.26
1188.27
1188.29
1188.31
1188.32
1188.34
1188.35
1188.37
1188.38
1188.4
1188.42
1188.43
1188.45
1188.46
1188.48
1188.5
1188.51
1188.53
1188.55
1188.56
1188.58
1188.59
1188.61
1188.62
1188.63
1188.64
1188.65
1188.66
1188.67
1188.68
1188.68
1188.69
1188.69
1188.69
1188.69
1188.69
1188.69
1188.69
1188.67
1188.62
1188.56
1188.47
1188.36
1188.24
iteracion: 286
--- next_x
1216.57
1217.01
1217.45
1217.89
1218.34
1218.78
1219.22
1219.66
1220.1
1220.54
1220.98
1221.42
1221.87
1222.31
1222.75
1223.19
1223.63
1224.07
1224.51
1224.94
1225.38
1225.82
1226.25
1226.69
1227.13
1227.56
1228
1228.43
1228.87
1229.3
1229.73
1230.17
1230.6
1231.03
1231.46
1231.89
1232.32
1232.76
1233.19
1233.62
1234.05
1234.48
1234.91
1235.34
1235.76
1236.19
1236.61
1237.03
1237.46
1237.88
--- next_y
1188.16
1188.18
1188.19
1188.21
1188.22
1188.24
1188.26
1188.27
1188.29
1188.31
1188.32
1188.34
1188.35
1188.37
1188.38
1188.4
1188.42
1188.43
1188.45
1188.46
1188.48
1188.5
1188.51
1188.53
1188.55
1188.56
1188.58
1188.59
1188.61
1188.62
1188.63
1188.64
1188.65
1188.66
1188.67
1188.68
1188.68
1188.69
1188.69
1188.69
1188.69
1188.69
1188.69
1188.69
1188.71
1188.75
1188.8
1188.88
1188.97
1189.08
