iteracion: 289
--- next_x
1221.87
1222.31
1222.75
1223.19
1223.63
1224.07
1224.51
1224.94
1225.38
1225.82
1226.25
1226.69
1227.13
1227.56
1228
1228.43
1228.87
1229.3
1229.73
1230.17
1230.6
1231.03
1231.46
1231.89
1232.32
1232.76
1233.19
1233.62
1234.05
1234.48
1234.91
1235.34
1235.76
1236.19
1236.62
1237.05
1237.47
1237.9
1238.33
1238.76
1239.18
1239.61
1240.03
1240.45
1240.88
1241.3
1241.73
1242.15
1242.57
1243
--- next_y
1188.35
1188.37
1188.38
1188.4
1188.42
1188.43
1188.45
1188.46
1188.48
1188.5
1188.51
1188.53
1188.55
1188.56
1188.58
1188.59
1188.61
1188.62
1188.63
1188.64
1188.65
1188.66
1188.67
1188.68
1188.68
1188.69
1188.69
1188.69
1188.69
1188.69
1188.69
1188.69
1188.69
1188.69
1188.68
1188.68
1188.67
1188.66
1188.66
1188.65
1188.64
1188.63
1188.62
1188.61
1188.6
1188.59
1188.58
1188.57
1188.56
1188.55
iteracion: 289
--- next_x
1221.87
1222.31
1222.75
1223.19
1223.63
1224.07
1224.51
1224.94
1225.38
1225.82
1226.25
1226.69
1227.13
1227.56
1228
1228.43
1228.87
1229.3
1229.73
1230.17
1230.6
1231.03
1231.46
1231.89
1232.32
1232.76
1233.19
1233.62
1234.05
1234.48
1234.91
1235.34
1235.76
1236.19
1236.62
1237.05
1237.47
1237.9
1238.33
1238.76
1239.18
1239.61
1240.03
1240.45
1240.88
1241.3
1241.72
1242.13
1242.55
1242.96
--- next_y
1188.35
1188.37
1188.38
1188.4
1188.42
1188.43
1188.45
1188.46
1188.48
1188.5
1188.51
1188.53
1188.55
1188.56
1188.58
1188.59
1188.61
1188.62
1188.63
1188.64
1188.65
1188.66
1188.67
1188.68
1188.68
1188.69
1188.69
1188.69
1188.69
1188.69
1188.69
1188.69
1188.69
1188.69
1188.68
1188.68
1188.67
1188.66
1188.66
1188.65
1188.64
1188.63
1188.62
1188.61
1188.6
1188.59
1188.56
1188.5
1188.43
1188.32
iteracion: 289
--- next_x
1221.87
1222.31
1222.75
1223.19
1223.63
1224.07
1224.51
1224.94
1225.38
1225.82
1226.25
1226.69
1227.13
1227.56
1228
1228.43
1228.87
1229.3
1229.73
1230.17
1230.6
1231.03
1231.46
1231.89
1232.32
1232.76
1233.19
1233.62
1234.05
1234.48
1234.91
1235.34
1235.76
1236.19
1236.62
1237.05
1237.47
1237.9
1238.33
1238.76
1239.18
1239.61
1240.03
1240.45
1240.88
1241.3
1241.72
1242.14
1242.56
1242.98
--- next_y
1188.35
1188.37
1188.38
1188.4
1188.42
1188.43
1188.45
1188.46
1188.48
1188.5
1188.51
1188.53
1188.55
1188.56
1188.58
1188.59
1188.61
1188.62
1188.63
1188.64
1188.65
1188.66
1188.67
1188.68
1188.68
1188.69
1188.69
1188.69
1188.69
1188.69
1188.69
1188.69
1188.69
1188.69
1188.68
1188.68
1188.67
1188.66
1188.66
1188.65
1188.64
1188.63
1188.62
1188.61
1188.6
1188.59
1188.6
1188.64
1188.69
1188.77
