iteracion: 322
--- next_x
1280.17
1280.55
1280.92
1281.3
1281.67
1282.05
1282.42
1282.8
1283.17
1283.55
1283.92
1284.29
1284.67
1285.04
1285.41
1285.78
1286.15
1286.52
1286.89
1287.26
1287.63
1288
1288.37
1288.74
1289.1
1289.47
1289.84
1290.2
1290.57
1290.93
1291.3
1291.66
1292.03
1292.39
1292.75
1293.11
1293.47
1293.83
1294.19
1294.55
1294.91
1295.27
1295.63
1295.99
1296.34
1296.7
1297.06
1297.42
1297.77
1298.13
--- next_y
1187.25
1187.24
1187.22
1187.21
1187.19
1187.18
1187.16
1187.15
1187.13
1187.12
1187.1
1187.09
1187.07
1187.06
1187.04
1187.03
1187.01
1187
1186.98
1186.97
1186.95
1186.94
1186.92
1186.91
1186.89
1186.88
1186.86
1186.85
1186.83
1186.82
1186.8
1186.79
1186.77
1186.76
1186.74
1186.73
1186.71
1186.7
1186.68
1186.67
1186.65
1186.64
1186.62
1186.61
1186.59
1186.58
1186.56
1186.54
1186.53
1186.51
iteracion: 322
--- next_x
1280.17
1280.55
1280.92
1281.3
1281.67
1282.05
1282.42
1282.8
1283.17
1283.55
1283.92
1284.29
1284.67
1285.04
1285.41
1285.78
1286.15
1286.52
1286.89
1287.26
1287.63
1288
1288.37
1288.74
1289.1
1289.47
1289.84
1290.2
1290.57
1290.93
1291.3
1291.66
1292.03
1292.39
1292.75
1293.11
1293.47
1293.83
1294.19
1294.55
1294.91
1295.27
1295.63
1295.99
1296.34
1296.7
1297.05
1297.4
1297.74
1298.09
--- next_y
1187.25
1187.24
1187.22
1187.21
1187.19
1187.18
1187.16
1187.15
1187.13
1187.12
1187.1
1187.09
1187.07
1187.06
1187.04
1187.03
1187.01
1187
1186.98
1186.97
1186.95
1186.94
1186.92
1186.91
1186.89
1186.88
1186.86
1186.85
1186.83
1186.82
1186.8
1186.79
1186.77
1186.76
1186.74
1186.73
1186.71
1186.7
1186.68
1186.67
1186.65
1186.64
1186.62
1186.61
1186.59
1186.58
1186.55
1186.52
1186.47
1186.41
iteracion: 322
--- next_x
1280.17
1280.55
1280.92
1281.3
1281.67
1282.05
1282.42
1282.8
1283.17
1283.55
1283.92
1284.29
1284.67
1285.04
1285.41
1285.78
1286.15
1286.52
1286.89
1287.26
1287.63
1288
1288.37
1288.74
1289.1
1289.47
1289.84
1290.2
1290.57
1290.93
1291.3
1291.66
1292.03
1292.39
1292.75
1293.11
1293.47
1293.83
1294.19
1294.55
1294.91
1295.27
1295.63
1295.99
1296.34
1296.7
1297.06
1297.41
1297.77
1298.12
--- next_y
1187.25
1187.24
1187.22
1187.21
1187.19
1187.18
1187.16
1187.15
1187.13
1187.12
1187.1
1187.09
1187.07
1187.06
1187.04
1187.03
1187.01
1187
1186.98
1186.97
1186.95
1186.94
1186.92
1186.91
1186.89
1186.88
1186.86
1186.85
1186.83
1186.82
1186.8
1186.79
1186.77
1186.76
1186.74
1186.73
1186.71
1186.7
1186.68
1186.67
1186.65
1186.64
1186.62
1186.61
1186.59
1186.58
1186.57
1186.57
1186.59
1186.61
