iteracion: 354
--- next_x
1326.03
1326.34
1326.65
1326.96
1327.27
1327.58
1327.89
1328.2
1328.51
1328.82
1329.12
1329.43
1329.74
1330.05
1330.35
1330.66
1330.97
1331.27
1331.57
1331.88
1332.18
1332.49
1332.79
1333.09
1333.39
1333.7
1334
1334.3
1334.6
1334.9
1335.2
1335.5
1335.8
1336.09
1336.39
1336.69
1336.98
1337.28
1337.58
1337.87
1338.17
1338.46
1338.76
1339.05
1339.34
1339.63
1339.93
1340.22
1340.51
1340.8
--- next_y
1183.88
1183.84
1183.81
1183.77
1183.74
1183.7
1183.67
1183.63
1183.6
1183.57
1183.53
1183.5
1183.46
1183.43
1183.4
1183.36
1183.33
1183.3
1183.26
1183.23
1183.2
1183.16
1183.13
1183.1
1183.07
1183.03
1183
1182.97
1182.94
1182.91
1182.88
1182.84
1182.81
1182.78
1182.75
1182.72
1182.69
1182.66
1182.63
1182.6
1182.58
1182.55
1182.52
1182.48
1182.46
1182.43
1182.4
1182.37
1182.34
1182.31
iteracion: 354
--- next_x
1326.03
1326.34
1326.65
1326.96
1327.27
1327.58
1327.89
1328.2
1328.51
1328.82
1329.12
1329.43
1329.74
1330.05
1330.35
1330.66
1330.97
1331.27
1331.57
1331.88
1332.18
1332.49
1332.79
1333.09
1333.39
1333.7
1334
1334.3
1334.6
1334.9
1335.2
1335.5
1335.8
1336.09
1336.39
1336.69
1336.98
1337.28
1337.58
1337.87
1338.17
1338.46
1338.76
1339.05
1339.34
1339.63
1339.93
1340.21
1340.5
1340.79
--- next_y
1183.88
1183.84
1183.81
1183.77
1183.74
1183.7
1183.67
1183.63
1183.6
1183.57
1183.53
1183.5
1183.46
1183.43
1183.4
1183.36
1183.33
1183.3
1183.26
1183.23
1183.2
1183.16
1183.13
1183.1
1183.07
1183.03
1183
1182.97
1182.94
1182.91
1182.88
1182.84
1182.81
1182.78
1182.75
1182.72
1182.69
1182.66
1182.63
1182.6
1182.58
1182.55
1182.52
1182.48
1182.46
1182.43
1182.4
1182.36
1182.32
1182.28
iteracion: 354
--- next_x
1326.03
1326.34
1326.65
1326.96
1327.27
1327.58
1327.89
1328.2
1328.51
1328.82
1329.12
1329.43
1329.74
1330.05
1330.35
1330.66
1330.97
1331.27
1331.57
1331.88
1332.18
1332.49
1332.79
1333.09
1333.39
1333.7
1334
1334.3
1334.6
1334.9
1335.2
1335.5
1335.8
1336.09
1336.39
1336.69
1336.98
1337.28
1337.58
1337.87
1338.17
1338.46
1338.76
1339.05
1339.34
1339.63
1339.93
1340.21
1340.5
1340.79
--- next_y
1183.88
1183.84
1183.81
1183.77
1183.74
1183.7
1183.67
1183.63
1183.6
1183.57
1183.53
1183.5
1183.46
1183.43
1183.4
1183.36
1183.33
1183.3
1183.26
1183.23
1183.2
1183.16
1183.13
1183.1
1183.07
1183.03
1183
1182.97
1182.94
1182.91
1182.88
1182.84
1182.81
1182.78
1182.75
1182.72
1182.69
1182.66
1182.63
1182.6
1182.58
1182.55
1182.52
1182.48
1182.46
1182.43
1182.4
1182.37
1182.35
1182.34
