iteracion: 293
--- next_x
1231.03
1231.46
1231.89
1232.32
1232.76
1233.19
1233.62
1234.05
1234.48
1234.91
1235.34
1235.76
1236.19
1236.62
1237.05
1237.47
1237.9
1238.33
1238.76
1239.18
1239.61
1240.03
1240.45
1240.88
1241.3
1241.72
1242.15
1242.57
1242.99
1243.41
1243.83
1244.25
1244.67
1245.09
1245.51
1245.92
1246.34
1246.76
1247.17
1247.59
1248.01
1248.42
1248.84
1249.25
1249.67
1250.09
1250.5
1250.92
1251.33
1251.75
--- next_y
1188.66
1188.67
1188.68
1188.68
1188.69
1188.69
1188.69
1188.69
1188.69
1188.69
1188.69
1188.69
1188.69
1188.68
1188.68
1188.67
1188.66
1188.66
1188.65
1188.64
1188.63
1188.62
1188.61
1188.6
1188.59
1188.58
1188.57
1188.56
1188.55
1188.54
1188.53
1188.52
1188.5
1188.49
1188.48
1188.46
1188.45
1188.44
1188.42
1188.41
1188.4
1188.39
1188.37
1188.36
1188.35
1188.33
1188.32
1188.31
1188.29
1188.28
iteracion: 293
--- next_x
1231.03
1231.46
1231.89
1232.32
1232.76
1233.19
1233.62
1234.05
1234.48
1234.91
1235.34
1235.76
1236.19
1236.62
1237.05
1237.47
1237.9
1238.33
1238.76
1239.18
1239.61
1240.03
1240.45
1240.88
1241.3
1241.72
1242.15
1242.57
1242.99
1243.41
1243.83
1244.25
1244.67
1245.09
1245.51
1245.92
1246.34
1246.76
1247.17
1247.59
1248.01
1248.42
1248.84
1249.25
1249.67
1250.08
1250.49
1250.89
1251.3
1251.7
--- next_y
1188.66
1188.67
1188.68
1188.68
1188.69
1188.69
1188.69
1188.69
1188.69
1188.69
1188.69
1188.69
1188.69
1188.68
1188.68
1188.67
1188.66
1188.66
1188.65
1188.64
1188.63
1188.62
1188.61
1188.6
1188.59
1188.58
1188.57
1188.56
1188.55
1188.54
1188.53
1188.52
1188.5
1188.49
1188.48
1188.46
1188.45
1188.44
1188.42
1188.41
1188.4
1188.39
1188.37
1188.36
1188.35
1188.32
1188.26
1188.19
1188.11
1188
iteracion: 293
--- next_x
1231.03
1231.46
1231.89
1232.32
1232.76
1233.19
1233.62
1234.05
1234.48
1234.91
1235.34
1235.76
1236.19
1236.62
1237.05
1237.47
1237.9
1238.33
1238.76
1239.18
1239.61
1240.03
1240.45
1240.88
1241.3
1241.72
1242.15
1242.57
1242.99
1243.41
1243.83
1244.25
1244.67
1245.09
1245.51
1245.92
1246.34
1246.76
1247.17
1247.59
1248.01
1248.42
1248.84
1249.25
1249.67
1250.08
1250.49
1250.9
1251.31
1251.72
--- next_y
1188.66
1188.67
1188.68
1188.68
1188.69
1188.69
1188.69
1188.69
1188.69
1188.69
1188.69
1188.69
1188.69
1188.68
1188.68
1188.67
1188.66
1188.66
1188.65
1188.64
1188.63
1188.62
1188.61
1188.6
1188.59
1188.58
1188.57
1188.56
1188.55
1188.54
1188.53
1188.52
1188.5
1188.49
1188.48
1188.46
1188.45
1188.44
1188.42
1188.41
1188.4
1188.39
1188.37
1188.36
1188.35
1188.35
1188.38
1188.42
1188.48
1188.56
