iteracion: 549
--- next_x
1629.24
1629.54
1629.83
1630.12
1630.41
1630.71
1631
1631.29
1631.58
1631.87
1632.16
1632.45
1632.73
1633.02
1633.31
1633.6
1633.88
1634.17
1634.45
1634.73
1635.02
1635.3
1635.58
1635.86
1636.14
1636.42
1636.7
1636.98
1637.26
1637.54
1637.81
1638.09
1638.37
1638.64
1638.92
1639.19
1639.47
1639.74
1640.02
1640.29
1640.56
1640.83
1641.1
1641.37
1641.64
1641.91
1642.18
1642.45
1642.72
1642.98
--- next_y
1152.82
1152.79
1152.76
1152.73
1152.69
1152.66
1152.63
1152.6
1152.57
1152.54
1152.5
1152.47
1152.44
1152.41
1152.38
1152.35
1152.32
1152.29
1152.26
1152.22
1152.19
1152.17
1152.14
1152.11
1152.08
1152.05
1152.02
1151.99
1151.96
1151.94
1151.91
1151.88
1151.86
1151.83
1151.8
1151.78
1151.75
1151.72
1151.7
1151.67
1151.65
1151.62
1151.6
1151.57
1151.55
1151.52
1151.5
1151.47
1151.45
1151.42
iteracion: 549
--- next_x
1629.24
1629.54
1629.83
1630.12
1630.41
1630.71
1631
1631.29
1631.58
1631.87
1632.16
1632.45
1632.73
1633.02
1633.31
1633.6
1633.88
1634.17
1634.45
1634.73
1635.02
1635.3
1635.58
1635.86
1636.14
1636.42
1636.7
1636.98
1637.26
1637.54
1637.81
1638.09
1638.37
1638.64
1638.92
1639.19
1639.47
1639.74
1640.02
1640.29
1640.56
1640.83
1641.1
1641.37
1641.64
1641.91
1642.18
1642.44
1642.71
1642.98
--- next_y
1152.82
1152.79
1152.76
1152.73
1152.69
1152.66
1152.63
1152.6
1152.57
1152.54
1152.5
1152.47
1152.44
1152.41
1152.38
1152.35
1152.32
1152.29
1152.26
1152.22
1152.19
1152.17
1152.14
1152.11
1152.08
1152.05
1152.02
1151.99
1151.96
1151.94
1151.91
1151.88
1151.86
1151.83
1151.8
1151.78
1151.75
1151.72
1151.7
1151.67
1151.65
1151.62
1151.6
1151.57
1151.55
1151.52
1151.5
1151.47
1151.44
1151.42
iteracion: 549
--- next_x
1629.24
1629.54
1629.83
1630.12
1630.41
1630.71
1631
1631.29
1631.58
1631.87
1632.16
1632.45
1632.73
1633.02
1633.31
1633.6
1633.88
1634.17
1634.45
1634.73
1635.02
1635.3
1635.58
1635.86
1636.14
1636.42
1636.7
1636.98
1637.26
1637.54
1637.81
1638.09
1638.37
1638.64
1638.92
1639.19
1639.47
1639.74
1640.02
1640.29
1640.56
1640.83
1641.1
1641.37
1641.64
1641.91
1642.18
1642.44
1642.71
1642.98
--- next_y
1152.82
1152.79
1152.76
1152.73
1152.69
1152.66
1152.63
1152.6
1152.57
1152.54
1152.5
1152.47
1152.44
1152.41
1152.38
1152.35
1152.32
1152.29
1152.26
1152.22
1152.19
1152.17
1152.14
1152.11
1152.08
1152.05
1152.02
1151.99
1151.96
1151.94
1151.91
1151.88
1151.86
1151.83
1151.8
1151.78
1151.75
1151.72
1151.7
1151.67
1151.65
1151.62
1151.6
1151.57
1151.55
1151.52
1151.5
1151.47
1151.45
1151.43
