iteracion: 3992
--- next_x
235.839
236.025
236.21
236.396
236.581
236.765
236.95
237.134
237.318
237.502
237.685
237.868
238.051
238.233
238.416
238.598
238.78
238.961
239.143
239.324
239.505
239.686
239.866
240.046
240.226
240.406
240.586
240.764
240.943
241.122
241.301
241.479
241.657
241.835
242.012
242.19
242.367
242.544
242.72
242.897
243.074
243.25
243.425
243.601
243.777
243.952
244.128
244.303
244.479
244.654
--- next_y
1837.63
1837.24
1836.85
1836.46
1836.07
1835.68
1835.29
1834.9
1834.52
1834.13
1833.74
1833.36
1832.98
1832.59
1832.21
1831.83
1831.44
1831.06
1830.68
1830.3
1829.92
1829.54
1829.16
1828.78
1828.4
1828.03
1827.65
1827.27
1826.9
1826.52
1826.14
1825.77
1825.39
1825.02
1824.65
1824.27
1823.9
1823.53
1823.16
1822.78
1822.41
1822.04
1821.67
1821.3
1820.93
1820.56
1820.19
1819.82
1819.45
1819.08
iteracion: 3992
--- next_x
235.839
236.025
236.21
236.396
236.581
236.765
236.95
237.134
237.318
237.502
237.685
237.868
238.051
238.233
238.416
238.598
238.78
238.961
239.143
239.324
239.505
239.686
239.866
240.046
240.226
240.406
240.586
240.764
240.943
241.122
241.301
241.479
241.657
241.835
242.012
242.19
242.367
242.544
242.72
242.897
243.074
243.25
243.425
243.601
243.777
243.947
244.114
244.277
244.437
244.594
--- next_y
1837.63
1837.24
1836.85
1836.46
1836.07
1835.68
1835.29
1834.9
1834.52
1834.13
1833.74
1833.36
1832.98
1832.59
1832.21
1831.83
1831.44
1831.06
1830.68
1830.3
1829.92
1829.54
1829.16
1828.78
1828.4
1828.03
1827.65
1827.27
1826.9
1826.52
1826.14
1825.77
1825.39
1825.02
1824.65
1824.27
1823.9
1823.53
1823.16
1822.78
1822.41
1822.04
1821.67
1821.3
1820.93
1820.57
1820.2
1819.83
1819.46
1819.08
iteracion: 3992
--- next_x
235.839
236.025
236.21
236.396
236.581
236.765
236.95
237.134
237.318
237.502
237.685
237.868
238.051
238.233
238.416
238.598
238.78
238.961
239.143
239.324
239.505
239.686
239.866
240.046
240.226
240.406
240.586
240.764
240.943
241.122
241.301
241.479
241.657
241.835
242.012
242.19
242.367
242.544
242.72
242.897
243.074
243.25
243.425
243.601
243.777
243.953
244.134
244.317
244.504
244.693
--- next_y
1837.63
1837.24
1836.85
1836.46
1836.07
1835.68
1835.29
1834.9
1834.52
1834.13
1833.74
1833.36
1832.98
1832.59
1832.21
1831.83
1831.44
1831.06
1830.68
1830.3
1829.92
1829.54
1829.16
1828.78
1828.4
1828.03
1827.65
1827.27
1826.9
1826.52
1826.14
1825.77
1825.39
1825.02
1824.65
1824.27
1823.9
1823.53
1823.16
1822.78
1822.41
1822.04
1821.67
1821.3
1820.93
1820.57
1820.2
1819.84
1819.48
1819.12
