iteracion: 3987
--- next_x
231.498
231.686
231.875
232.063
232.254
232.445
232.635
232.826
233.017
233.206
233.395
233.585
233.774
233.963
234.152
234.341
234.529
234.717
234.904
235.092
235.279
235.465
235.652
235.839
236.025
236.21
236.396
236.581
236.765
236.95
237.134
237.318
237.502
237.685
237.868
238.051
238.233
238.416
238.598
238.78
238.961
239.143
239.324
239.505
239.686
239.866
240.047
240.228
240.409
240.59
--- next_y
1846.75
1846.36
1845.96
1845.56
1845.16
1844.76
1844.36
1843.96
1843.56
1843.16
1842.76
1842.36
1841.97
1841.57
1841.17
1840.78
1840.38
1839.98
1839.59
1839.2
1838.81
1838.41
1838.02
1837.63
1837.24
1836.85
1836.46
1836.07
1835.68
1835.29
1834.9
1834.52
1834.13
1833.74
1833.36
1832.98
1832.59
1832.21
1831.83
1831.44
1831.06
1830.68
1830.3
1829.92
1829.54
1829.16
1828.78
1828.4
1828.02
1827.64
iteracion: 3987
--- next_x
231.498
231.686
231.875
232.063
232.254
232.445
232.635
232.826
233.017
233.206
233.395
233.585
233.774
233.963
234.152
234.341
234.529
234.717
234.904
235.092
235.279
235.465
235.652
235.839
236.025
236.21
236.396
236.581
236.765
236.95
237.134
237.318
237.502
237.685
237.868
238.051
238.233
238.416
238.598
238.78
238.961
239.143
239.324
239.505
239.686
239.866
240.042
240.213
240.381
240.545
--- next_y
1846.75
1846.36
1845.96
1845.56
1845.16
1844.76
1844.36
1843.96
1843.56
1843.16
1842.76
1842.36
1841.97
1841.57
1841.17
1840.78
1840.38
1839.98
1839.59
1839.2
1838.81
1838.41
1838.02
1837.63
1837.24
1836.85
1836.46
1836.07
1835.68
1835.29
1834.9
1834.52
1834.13
1833.74
1833.36
1832.98
1832.59
1832.21
1831.83
1831.44
1831.06
1830.68
1830.3
1829.92
1829.54
1829.16
1828.78
1828.41
1828.02
1827.64
iteracion: 3987
--- next_x
231.498
231.686
231.875
232.063
232.254
232.445
232.635
232.826
233.017
233.206
233.395
233.585
233.774
233.963
234.152
234.341
234.529
234.717
234.904
235.092
235.279
235.465
235.652
235.839
236.025
236.21
236.396
236.581
236.765
236.95
237.134
237.318
237.502
237.685
237.868
238.051
238.233
238.416
238.598
238.78
238.961
239.143
239.324
239.505
239.686
239.866
240.049
240.234
240.424
240.617
--- next_y
1846.75
1846.36
1845.96
1845.56
1845.16
1844.76
1844.36
1843.96
1843.56
1843.16
1842.76
1842.36
1841.97
1841.57
1841.17
1840.78
1840.38
1839.98
1839.59
1839.2
1838.81
1838.41
1838.02
1837.63
1837.24
1836.85
1836.46
1836.07
1835.68
1835.29
1834.9
1834.52
1834.13
1833.74
1833.36
1832.98
1832.59
1832.21
1831.83
1831.44
1831.06
1830.68
1830.3
1829.92
1829.54
1829.16
1828.79
1828.41
1828.04
1827.67
