iteracion: 274
--- next_x
1265.36
1265.8
1266.25
1266.69
1267.13
1267.58
1268.02
1268.46
1268.91
1269.35
1269.79
1270.24
1270.68
1271.12
1271.57
1272.01
1272.45
1272.9
1273.34
1273.78
1274.23
1274.67
1275.11
1275.56
1276
1276.44
1276.88
1277.33
1277.77
1278.21
1278.66
1279.1
1279.55
1279.99
1280.43
1280.87
1281.32
1281.76
1282.2
1282.65
1283.09
1283.53
1283.98
1284.42
1284.86
1285.31
1285.75
1286.19
1286.64
1287.08
--- next_y
1187.87
1187.85
1187.84
1187.83
1187.81
1187.8
1187.79
1187.77
1187.76
1187.74
1187.73
1187.72
1187.7
1187.69
1187.67
1187.66
1187.65
1187.63
1187.62
1187.6
1187.59
1187.57
1187.56
1187.54
1187.53
1187.51
1187.5
1187.48
1187.47
1187.45
1187.44
1187.42
1187.41
1187.39
1187.38
1187.36
1187.35
1187.33
1187.31
1187.3
1187.28
1187.27
1187.25
1187.23
1187.22
1187.2
1187.18
1187.16
1187.15
1187.13
iteracion: 274
--- next_x
1265.36
1265.8
1266.25
1266.69
1267.13
1267.58
1268.02
1268.46
1268.91
1269.35
1269.79
1270.24
1270.68
1271.12
1271.57
1272.01
1272.45
1272.9
1273.34
1273.78
1274.23
1274.67
1275.11
1275.56
1276
1276.44
1276.88
1277.33
1277.77
1278.21
1278.66
1279.1
1279.55
1279.99
1280.43
1280.87
1281.32
1281.76
1282.2
1282.65
1283.09
1283.53
1283.98
1284.42
1284.86
1285.31
1285.74
1286.18
1286.61
1287.05
--- next_y
1187.87
1187.85
1187.84
1187.83
1187.81
1187.8
1187.79
1187.77
1187.76
1187.74
1187.73
1187.72
1187.7
1187.69
1187.67
1187.66
1187.65
1187.63
1187.62
1187.6
1187.59
1187.57
1187.56
1187.54
1187.53
1187.51
1187.5
1187.48
1187.47
1187.45
1187.44
1187.42
1187.41
1187.39
1187.38
1187.36
1187.35
1187.33
1187.31
1187.3
1187.28
1187.27
1187.25
1187.23
1187.22
1187.2
1187.18
1187.15
1187.12
1187.08
iteracion: 274
--- next_x
1265.36
1265.8
1266.25
1266.69
1267.13
1267.58
1268.02
1268.46
1268.91
1269.35
1269.79
1270.24
1270.68
1271.12
1271.57
1272.01
1272.45
1272.9
1273.34
1273.78
1274.23
1274.67
1275.11
1275.56
1276
1276.44
1276.88
1277.33
1277.77
1278.21
1278.66
1279.1
1279.55
1279.99
1280.43
1280.87
1281.32
1281.76
1282.2
1282.65
1283.09
1283.53
1283.98
1284.42
1284.86
1285.31
1285.75
1286.19
1286.63
1287.07
--- next_y
1187.87
1187.85
1187.84
1187.83
1187.81
1187.8
1187.79
1187.77
1187.76
1187.74
1187.73
1187.72
1187.7
1187.69
1187.67
1187.66
1187.65
1187.63
1187.62
1187.6
1187.59
1187.57
1187.56
1187.54
1187.53
1187.51
1187.5
1187.48
1187.47
1187.45
1187.44
1187.42
1187.41
1187.39
1187.38
1187.36
1187.35
1187.33
1187.31
1187.3
1187.28
1187.27
1187.25
1187.23
1187.22
1187.2
1187.19
1187.18
1187.17
1187.17
