iteracion: 1873
--- next_x
2313.05
2313.14
2313.22
2313.3
2313.38
2313.46
2313.54
2313.62
2313.7
2313.77
2313.85
2313.93
2314.01
2314.09
2314.16
2314.24
2314.32
2314.39
2314.47
2314.55
2314.62
2314.7
2314.77
2314.85
2314.92
2315
2315.07
2315.14
2315.22
2315.29
2315.36
2315.43
2315.51
2315.57
2315.65
2315.72
2315.78
2315.85
2315.92
2315.99
2316.06
2316.12
2316.19
2316.26
2316.33
2316.39
2316.46
2316.53
2316.59
2316.66
--- next_y
2425.28
2425.62
2425.96
2426.29
2426.63
2426.97
2427.3
2427.64
2427.97
2428.31
2428.64
2428.97
2429.31
2429.64
2429.97
2430.3
2430.63
2430.96
2431.29
2431.62
2431.95
2432.28
2432.61
2432.93
2433.26
2433.59
2433.91
2434.24
2434.56
2434.89
2435.21
2435.53
2435.86
2436.18
2436.5
2436.82
2437.14
2437.46
2437.78
2438.1
2438.42
2438.74
2439.05
2439.37
2439.69
2440
2440.32
2440.64
2440.95
2441.27
iteracion: 1873
--- next_x
2313.05
2313.14
2313.22
2313.3
2313.38
2313.46
2313.54
2313.62
2313.7
2313.77
2313.85
2313.93
2314.01
2314.09
2314.16
2314.24
2314.32
2314.39
2314.47
2314.55
2314.62
2314.7
2314.77
2314.85
2314.92
2315
2315.07
2315.14
2315.22
2315.29
2315.36
2315.43
2315.51
2315.57
2315.65
2315.72
2315.78
2315.85
2315.92
2315.99
2316.06
2316.12
2316.19
2316.26
2316.33
2316.39
2316.46
2316.53
2316.6
2316.68
--- next_y
2425.28
2425.62
2425.96
2426.29
2426.63
2426.97
2427.3
2427.64
2427.97
2428.31
2428.64
2428.97
2429.31
2429.64
2429.97
2430.3
2430.63
2430.96
2431.29
2431.62
2431.95
2432.28
2432.61
2432.93
2433.26
2433.59
2433.91
2434.24
2434.56
2434.89
2435.21
2435.53
2435.86
2436.18
2436.5
2436.82
2437.14
2437.46
2437.78
2438.1
2438.42
2438.74
2439.05
2439.37
2439.69
2440
2440.32
2440.63
2440.95
2441.26
iteracion: 1873
--- next_x
2313.05
2313.14
2313.22
2313.3
2313.38
2313.46
2313.54
2313.62
2313.7
2313.77
2313.85
2313.93
2314.01
2314.09
2314.16
2314.24
2314.32
2314.39
2314.47
2314.55
2314.62
2314.7
2314.77
2314.85
2314.92
2315
2315.07
2315.14
2315.22
2315.29
2315.36
2315.43
2315.51
2315.57
2315.65
2315.72
2315.78
2315.85
2315.92
2315.99
2316.06
2316.12
2316.19
2316.26
2316.33
2316.39
2316.46
2316.52
2316.58
2316.64
--- next_y
2425.28
2425.62
2425.96
2426.29
2426.63
2426.97
2427.3
2427.64
2427.97
2428.31
2428.64
2428.97
2429.31
2429.64
2429.97
2430.3
2430.63
2430.96
2431.29
2431.62
2431.95
2432.28
2432.61
2432.93
2433.26
2433.59
2433.91
2434.24
2434.56
2434.89
2435.21
2435.53
2435.86
2436.18
2436.5
2436.82
2437.14
2437.46
2437.78
2438.1
2438.42
2438.74
2439.05
2439.37
2439.69
2440
2440.32
2440.63
2440.95
2441.26
