iteracion: 278
--- next_x
1272.45
1272.9
1273.34
1273.78
1274.23
1274.67
1275.11
1275.56
1276
1276.44
1276.88
1277.33
1277.77
1278.21
1278.66
1279.1
1279.55
1279.99
1280.43
1280.87
1281.32
1281.76
1282.2
1282.65
1283.09
1283.53
1283.98
1284.42
1284.86
1285.31
1285.74
1286.18
1286.62
1287.06
1287.49
1287.93
1288.36
1288.79
1289.22
1289.65
1290.08
1290.51
1290.93
1291.35
1291.78
1292.2
1292.62
1293.05
1293.47
1293.89
--- next_y
1187.65
1187.63
1187.62
1187.6
1187.59
1187.57
1187.56
1187.54
1187.53
1187.51
1187.5
1187.48
1187.47
1187.45
1187.44
1187.42
1187.41
1187.39
1187.38
1187.36
1187.35
1187.33
1187.31
1187.3
1187.28
1187.27
1187.25
1187.23
1187.22
1187.2
1187.18
1187.16
1187.15
1187.13
1187.11
1187.09
1187.07
1187.05
1187.04
1187.02
1186.99
1186.97
1186.95
1186.93
1186.91
1186.89
1186.86
1186.84
1186.81
1186.79
iteracion: 278
--- next_x
1272.45
1272.9
1273.34
1273.78
1274.23
1274.67
1275.11
1275.56
1276
1276.44
1276.88
1277.33
1277.77
1278.21
1278.66
1279.1
1279.55
1279.99
1280.43
1280.87
1281.32
1281.76
1282.2
1282.65
1283.09
1283.53
1283.98
1284.42
1284.86
1285.31
1285.74
1286.18
1286.62
1287.06
1287.49
1287.93
1288.36
1288.79
1289.22
1289.65
1290.08
1290.51
1290.93
1291.35
1291.78
1292.2
1292.61
1293.03
1293.45
1293.86
--- next_y
1187.65
1187.63
1187.62
1187.6
1187.59
1187.57
1187.56
1187.54
1187.53
1187.51
1187.5
1187.48
1187.47
1187.45
1187.44
1187.42
1187.41
1187.39
1187.38
1187.36
1187.35
1187.33
1187.31
1187.3
1187.28
1187.27
1187.25
1187.23
1187.22
1187.2
1187.18
1187.16
1187.15
1187.13
1187.11
1187.09
1187.07
1187.05
1187.04
1187.02
1186.99
1186.97
1186.95
1186.93
1186.91
1186.89
1186.86
1186.83
1186.79
1186.75
iteracion: 278
--- next_x
1272.45
1272.9
1273.34
1273.78
1274.23
1274.67
1275.11
1275.56
1276
1276.44
1276.88
1277.33
1277.77
1278.21
1278.66
1279.1
1279.55
1279.99
1280.43
1280.87
1281.32
1281.76
1282.2
1282.65
1283.09
1283.53
1283.98
1284.42
1284.86
1285.31
1285.74
1286.18
1286.62
1287.06
1287.49
1287.93
1288.36
1288.79
1289.22
1289.65
1290.08
1290.51
1290.93
1291.35
1291.78
1292.2
1292.62
1293.04
1293.46
1293.88
--- next_y
1187.65
1187.63
1187.62
1187.6
1187.59
1187.57
1187.56
1187.54
1187.53
1187.51
1187.5
1187.48
1187.47
1187.45
1187.44
1187.42
1187.41
1187.39
1187.38
1187.36
1187.35
1187.33
1187.31
1187.3
1187.28
1187.27
1187.25
1187.23
1187.22
1187.2
1187.18
1187.16
1187.15
1187.13
1187.11
1187.09
1187.07
1187.05
1187.04
1187.02
1186.99
1186.97
1186.95
1186.93
1186.91
1186.89
1186.87
1186.85
1186.84
1186.83
