iteracion: 1183
--- next_x
2132.87
2132.93
2132.99
2133.05
2133.1
2133.16
2133.22
2133.28
2133.33
2133.39
2133.45
2133.5
2133.56
2133.62
2133.67
2133.73
2133.78
2133.84
2133.89
2133.95
2134.01
2134.06
2134.12
2134.17
2134.23
2134.28
2134.34
2134.39
2134.45
2134.5
2134.56
2134.61
2134.67
2134.72
2134.78
2134.83
2134.88
2134.94
2134.99
2135.04
2135.1
2135.15
2135.2
2135.26
2135.31
2135.36
2135.41
2135.46
2135.51
2135.57
--- next_y
1584.34
1584.66
1584.98
1585.3
1585.61
1585.93
1586.25
1586.56
1586.88
1587.19
1587.5
1587.82
1588.13
1588.44
1588.75
1589.06
1589.37
1589.68
1589.99
1590.3
1590.6
1590.91
1591.21
1591.52
1591.82
1592.13
1592.43
1592.73
1593.03
1593.34
1593.63
1593.93
1594.23
1594.53
1594.83
1595.13
1595.43
1595.72
1596.02
1596.32
1596.61
1596.91
1597.2
1597.49
1597.79
1598.08
1598.37
1598.67
1598.96
1599.25
iteracion: 1183
--- next_x
2132.87
2132.93
2132.99
2133.05
2133.1
2133.16
2133.22
2133.28
2133.33
2133.39
2133.45
2133.5
2133.56
2133.62
2133.67
2133.73
2133.78
2133.84
2133.89
2133.95
2134.01
2134.06
2134.12
2134.17
2134.23
2134.28
2134.34
2134.39
2134.45
2134.5
2134.56
2134.61
2134.67
2134.72
2134.78
2134.83
2134.88
2134.94
2134.99
2135.04
2135.1
2135.15
2135.2
2135.26
2135.31
2135.36
2135.41
2135.47
2135.52
2135.58
--- next_y
1584.34
1584.66
1584.98
1585.3
1585.61
1585.93
1586.25
1586.56
1586.88
1587.19
1587.5
1587.82
1588.13
1588.44
1588.75
1589.06
1589.37
1589.68
1589.99
1590.3
1590.6
1590.91
1591.21
1591.52
1591.82
1592.13
1592.43
1592.73
1593.03
1593.34
1593.63
1593.93
1594.23
1594.53
1594.83
1595.13
1595.43
1595.72
1596.02
1596.32
1596.61
1596.91
1597.2
1597.49
1597.79
1598.08
1598.37
1598.66
1598.95
1599.24
iteracion: 1183
--- next_x
2132.87
2132.93
2132.99
2133.05
2133.1
2133.16
2133.22
2133.28
2133.33
2133.39
2133.45
2133.5
2133.56
2133.62
2133.67
2133.73
2133.78
2133.84
2133.89
2133.95
2134.01
2134.06
2134.12
2134.17
2134.23
2134.28
2134.34
2134.39
2134.45
2134.5
2134.56
2134.61
2134.67
2134.72
2134.78
2134.83
2134.88
2134.94
2134.99
2135.04
2135.1
2135.15
2135.2
2135.26
2135.31
2135.36
2135.41
2135.46
2135.51
2135.55
--- next_y
1584.34
1584.66
1584.98
1585.3
1585.61
1585.93
1586.25
1586.56
1586.88
1587.19
1587.5
1587.82
1588.13
1588.44
1588.75
1589.06
1589.37
1589.68
1589.99
1590.3
1590.6
1590.91
1591.21
1591.52
1591.82
1592.13
1592.43
1592.73
1593.03
1593.34
1593.63
1593.93
1594.23
1594.53
1594.83
1595.13
1595.43
1595.72
1596.02
1596.32
1596.61
1596.91
1597.2
1597.49
1597.79
1598.08
1598.37
1598.66
1598.96
1599.25
