iteracion: 1818
--- next_x
2293.45
2293.54
2293.62
2293.71
2293.8
2293.89
2293.97
2294.06
2294.15
2294.23
2294.32
2294.4
2294.49
2294.57
2294.66
2294.74
2294.82
2294.91
2294.99
2295.08
2295.16
2295.24
2295.32
2295.41
2295.49
2295.57
2295.65
2295.74
2295.82
2295.9
2295.98
2296.07
2296.15
2296.23
2296.31
2296.39
2296.47
2296.55
2296.64
2296.72
2296.8
2296.88
2296.96
2297.04
2297.12
2297.2
2297.28
2297.37
2297.45
2297.53
--- next_y
2361.32
2361.58
2361.85
2362.11
2362.36
2362.62
2362.88
2363.14
2363.4
2363.66
2363.91
2364.17
2364.42
2364.68
2364.93
2365.18
2365.44
2365.69
2365.94
2366.19
2366.44
2366.69
2366.94
2367.19
2367.44
2367.68
2367.93
2368.18
2368.42
2368.67
2368.91
2369.16
2369.4
2369.64
2369.88
2370.12
2370.36
2370.6
2370.84
2371.08
2371.32
2371.56
2371.79
2372.03
2372.27
2372.5
2372.74
2372.97
2373.21
2373.44
iteracion: 1818
--- next_x
2293.45
2293.54
2293.62
2293.71
2293.8
2293.89
2293.97
2294.06
2294.15
2294.23
2294.32
2294.4
2294.49
2294.57
2294.66
2294.74
2294.82
2294.91
2294.99
2295.08
2295.16
2295.24
2295.32
2295.41
2295.49
2295.57
2295.65
2295.74
2295.82
2295.9
2295.98
2296.07
2296.15
2296.23
2296.31
2296.39
2296.47
2296.55
2296.64
2296.72
2296.8
2296.88
2296.96
2297.04
2297.12
2297.2
2297.28
2297.37
2297.45
2297.53
--- next_y
2361.32
2361.58
2361.85
2362.11
2362.36
2362.62
2362.88
2363.14
2363.4
2363.66
2363.91
2364.17
2364.42
2364.68
2364.93
2365.18
2365.44
2365.69
2365.94
2366.19
2366.44
2366.69
2366.94
2367.19
2367.44
2367.68
2367.93
2368.18
2368.42
2368.67
2368.91
2369.16
2369.4
2369.64
2369.88
2370.12
2370.36
2370.6
2370.84
2371.08
2371.32
2371.56
2371.79
2372.03
2372.27
2372.5
2372.74
2372.97
2373.21
2373.44
iteracion: 1818
--- next_x
2293.45
2293.54
2293.62
2293.71
2293.8
2293.89
2293.97
2294.06
2294.15
2294.23
2294.32
2294.4
2294.49
2294.57
2294.66
2294.74
2294.82
2294.91
2294.99
2295.08
2295.16
2295.24
2295.32
2295.41
2295.49
2295.57
2295.65
2295.74
2295.82
2295.9
2295.98
2296.07
2296.15
2296.23
2296.31
2296.39
2296.47
2296.55
2296.64
2296.72
2296.8
2296.88
2296.96
2297.04
2297.12
2297.2
2297.28
2297.36
2297.44
2297.52
--- next_y
2361.32
2361.58
2361.85
2362.11
2362.36
2362.62
2362.88
2363.14
2363.4
2363.66
2363.91
2364.17
2364.42
2364.68
2364.93
2365.18
2365.44
2365.69
2365.94
2366.19
2366.44
2366.69
2366.94
2367.19
2367.44
2367.68
2367.93
2368.18
2368.42
2368.67
2368.91
2369.16
2369.4
2369.64
2369.88
2370.12
2370.36
2370.6
2370.84
2371.08
2371.32
2371.56
2371.79
2372.03
2372.27
2372.5
2372.74
2372.97
2373.21
2373.44
