iteracion: 1526
--- next_x
2206.43
2206.51
2206.59
2206.68
2206.76
2206.84
2206.92
2207.01
2207.09
2207.17
2207.25
2207.34
2207.42
2207.5
2207.59
2207.67
2207.75
2207.83
2207.92
2208
2208.08
2208.16
2208.25
2208.33
2208.41
2208.49
2208.58
2208.66
2208.74
2208.82
2208.91
2208.99
2209.07
2209.16
2209.24
2209.32
2209.4
2209.48
2209.56
2209.64
2209.72
2209.8
2209.88
2209.96
2210.04
2210.12
2210.2
2210.28
2210.36
2210.44
--- next_y
2002.05
2002.48
2002.91
2003.35
2003.79
2004.22
2004.66
2005.1
2005.54
2005.98
2006.42
2006.86
2007.29
2007.73
2008.17
2008.61
2009.05
2009.48
2009.92
2010.36
2010.8
2011.24
2011.68
2012.11
2012.55
2012.99
2013.43
2013.87
2014.31
2014.74
2015.18
2015.62
2016.06
2016.5
2016.93
2017.37
2017.81
2018.25
2018.69
2019.12
2019.56
2019.99
2020.43
2020.86
2021.3
2021.73
2022.17
2022.6
2023.03
2023.47
iteracion: 1526
--- next_x
2206.43
2206.51
2206.59
2206.68
2206.76
2206.84
2206.92
2207.01
2207.09
2207.17
2207.25
2207.34
2207.42
2207.5
2207.59
2207.67
2207.75
2207.83
2207.92
2208
2208.08
2208.16
2208.25
2208.33
2208.41
2208.49
2208.58
2208.66
2208.74
2208.82
2208.91
2208.99
2209.07
2209.16
2209.24
2209.32
2209.4
2209.48
2209.56
2209.64
2209.72
2209.8
2209.88
2209.96
2210.04
2210.12
2210.2
2210.29
2210.38
2210.48
--- next_y
2002.05
2002.48
2002.91
2003.35
2003.79
2004.22
2004.66
2005.1
2005.54
2005.98
2006.42
2006.86
2007.29
2007.73
2008.17
2008.61
2009.05
2009.48
2009.92
2010.36
2010.8
2011.24
2011.68
2012.11
2012.55
2012.99
2013.43
2013.87
2014.31
2014.74
2015.18
2015.62
2016.06
2016.5
2016.93
2017.37
2017.81
2018.25
2018.69
2019.12
2019.56
2019.99
2020.43
2020.86
2021.3
2021.73
2022.16
2022.58
2023.01
2023.43
iteracion: 1526
--- next_x
2206.43
2206.51
2206.59
2206.68
2206.76
2206.84
2206.92
2207.01
2207.09
2207.17
2207.25
2207.34
2207.42
2207.5
2207.59
2207.67
2207.75
2207.83
2207.92
2208
2208.08
2208.16
2208.25
2208.33
2208.41
2208.49
2208.58
2208.66
2208.74
2208.82
2208.91
2208.99
2209.07
2209.16
2209.24
2209.32
2209.4
2209.48
2209.56
2209.64
2209.72
2209.8
2209.88
2209.96
2210.04
2210.12
2210.19
2210.26
2210.33
2210.39
--- next_y
2002.05
2002.48
2002.91
2003.35
2003.79
2004.22
2004.66
2005.1
2005.54
2005.98
2006.42
2006.86
2007.29
2007.73
2008.17
2008.61
2009.05
2009.48
2009.92
2010.36
2010.8
2011.24
2011.68
2012.11
2012.55
2012.99
2013.43
2013.87
2014.31
2014.74
2015.18
2015.62
2016.06
2016.5
2016.93
2017.37
2017.81
2018.25
2018.69
2019.12
2019.56
2019.99
2020.43
2020.86
2021.3
2021.73
2022.16
2022.59
2023.03
2023.46
