iteracion: 2002
--- next_x
2337.81
2337.81
2337.82
2337.82
2337.83
2337.83
2337.84
2337.84
2337.84
2337.85
2337.85
2337.85
2337.86
2337.86
2337.86
2337.86
2337.87
2337.87
2337.87
2337.87
2337.87
2337.87
2337.88
2337.88
2337.88
2337.88
2337.88
2337.88
2337.88
2337.88
2337.88
2337.88
2337.88
2337.88
2337.88
2337.88
2337.88
2337.88
2337.88
2337.88
2337.88
2337.88
2337.88
2337.88
2337.88
2337.88
2337.88
2337.88
2337.88
2337.88
--- next_y
2579.09
2579.35
2579.62
2579.88
2580.14
2580.41
2580.67
2580.94
2581.21
2581.48
2581.75
2582.02
2582.29
2582.57
2582.85
2583.13
2583.4
2583.68
2583.95
2584.23
2584.51
2584.78
2585.05
2585.32
2585.59
2585.86
2586.14
2586.41
2586.68
2586.95
2587.21
2587.48
2587.75
2588.01
2588.28
2588.55
2588.81
2589.07
2589.34
2589.6
2589.86
2590.12
2590.38
2590.64
2590.9
2591.16
2591.42
2591.68
2591.94
2592.2
iteracion: 2002
--- next_x
2337.81
2337.81
2337.82
2337.82
2337.83
2337.83
2337.84
2337.84
2337.84
2337.85
2337.85
2337.85
2337.86
2337.86
2337.86
2337.86
2337.87
2337.87
2337.87
2337.87
2337.87
2337.87
2337.88
2337.88
2337.88
2337.88
2337.88
2337.88
2337.88
2337.88
2337.88
2337.88
2337.88
2337.88
2337.88
2337.88
2337.88
2337.88
2337.88
2337.88
2337.88
2337.88
2337.88
2337.88
2337.88
2337.88
2337.88
2337.88
2337.89
2337.89
--- next_y
2579.09
2579.35
2579.62
2579.88
2580.14
2580.41
2580.67
2580.94
2581.21
2581.48
2581.75
2582.02
2582.29
2582.57
2582.85
2583.13
2583.4
2583.68
2583.95
2584.23
2584.51
2584.78
2585.05
2585.32
2585.59
2585.86
2586.14
2586.41
2586.68
2586.95
2587.21
2587.48
2587.75
2588.01
2588.28
2588.55
2588.81
2589.07
2589.34
2589.6
2589.86
2590.12
2590.38
2590.64
2590.9
2591.16
2591.42
2591.68
2591.93
2592.19
iteracion: 2002
--- next_x
2337.81
2337.81
2337.82
2337.82
2337.83
2337.83
2337.84
2337.84
2337.84
2337.85
2337.85
2337.85
2337.86
2337.86
2337.86
2337.86
2337.87
2337.87
2337.87
2337.87
2337.87
2337.87
2337.88
2337.88
2337.88
2337.88
2337.88
2337.88
2337.88
2337.88
2337.88
2337.88
2337.88
2337.88
2337.88
2337.88
2337.88
2337.88
2337.88
2337.88
2337.88
2337.88
2337.88
2337.88
2337.88
2337.88
2337.88
2337.88
2337.87
2337.87
--- next_y
2579.09
2579.35
2579.62
2579.88
2580.14
2580.41
2580.67
2580.94
2581.21
2581.48
2581.75
2582.02
2582.29
2582.57
2582.85
2583.13
2583.4
2583.68
2583.95
2584.23
2584.51
2584.78
2585.05
2585.32
2585.59
2585.86
2586.14
2586.41
2586.68
2586.95
2587.21
2587.48
2587.75
2588.01
2588.28
2588.55
2588.81
2589.07
2589.34
2589.6
2589.86
2590.12
2590.38
2590.64
2590.9
2591.16
2591.42
2591.68
2591.93
2592.19
