iteracion: 1083
--- next_x
2112.74
2112.78
2112.82
2112.86
2112.9
2112.94
2112.98
2113.02
2113.06
2113.1
2113.14
2113.18
2113.22
2113.25
2113.29
2113.33
2113.37
2113.41
2113.44
2113.48
2113.52
2113.56
2113.59
2113.63
2113.67
2113.71
2113.74
2113.78
2113.82
2113.86
2113.9
2113.93
2113.97
2114.01
2114.05
2114.09
2114.12
2114.16
2114.2
2114.24
2114.27
2114.31
2114.35
2114.39
2114.43
2114.46
2114.5
2114.54
2114.58
2114.62
--- next_y
1465.98
1466.27
1466.57
1466.86
1467.15
1467.44
1467.73
1468.02
1468.31
1468.6
1468.89
1469.18
1469.47
1469.76
1470.04
1470.33
1470.62
1470.9
1471.19
1471.47
1471.76
1472.04
1472.32
1472.61
1472.89
1473.17
1473.45
1473.73
1474.02
1474.29
1474.57
1474.85
1475.13
1475.41
1475.69
1475.96
1476.24
1476.52
1476.79
1477.07
1477.34
1477.62
1477.89
1478.16
1478.43
1478.71
1478.98
1479.25
1479.52
1479.8
iteracion: 1083
--- next_x
2112.74
2112.78
2112.82
2112.86
2112.9
2112.94
2112.98
2113.02
2113.06
2113.1
2113.14
2113.18
2113.22
2113.25
2113.29
2113.33
2113.37
2113.41
2113.44
2113.48
2113.52
2113.56
2113.59
2113.63
2113.67
2113.71
2113.74
2113.78
2113.82
2113.86
2113.9
2113.93
2113.97
2114.01
2114.05
2114.09
2114.12
2114.16
2114.2
2114.24
2114.27
2114.31
2114.35
2114.39
2114.43
2114.46
2114.5
2114.54
2114.58
2114.63
--- next_y
1465.98
1466.27
1466.57
1466.86
1467.15
1467.44
1467.73
1468.02
1468.31
1468.6
1468.89
1469.18
1469.47
1469.76
1470.04
1470.33
1470.62
1470.9
1471.19
1471.47
1471.76
1472.04
1472.32
1472.61
1472.89
1473.17
1473.45
1473.73
1474.02
1474.29
1474.57
1474.85
1475.13
1475.41
1475.69
1475.96
1476.24
1476.52
1476.79
1477.07
1477.34
1477.62
1477.89
1478.16
1478.43
1478.71
1478.98
1479.25
1479.51
1479.78
iteracion: 1083
--- next_x
2112.74
2112.78
2112.82
2112.86
2112.9
2112.94
2112.98
2113.02
2113.06
2113.1
2113.14
2113.18
2113.22
2113.25
2113.29
2113.33
2113.37
2113.41
2113.44
2113.48
2113.52
2113.56
2113.59
2113.63
2113.67
2113.71
2113.74
2113.78
2113.82
2113.86
2113.9
2113.93
2113.97
2114.01
2114.05
2114.09
2114.12
2114.16
2114.2
2114.24
2114.27
2114.31
2114.35
2114.39
2114.43
2114.46
2114.5
2114.54
2114.57
2114.6
--- next_y
1465.98
1466.27
1466.57
1466.86
1467.15
1467.44
1467.73
1468.02
1468.31
1468.6
1468.89
1469.18
1469.47
1469.76
1470.04
1470.33
1470.62
1470.9
1471.19
1471.47
1471.76
1472.04
1472.32
1472.61
1472.89
1473.17
1473.45
1473.73
1474.02
1474.29
1474.57
1474.85
1475.13
1475.41
1475.69
1475.96
1476.24
1476.52
1476.79
1477.07
1477.34
1477.62
1477.89
1478.16
1478.43
1478.71
1478.98
1479.25
1479.52
1479.79
