iteracion: 941
--- next_x
2058.61
2058.7
2058.8
2058.9
2059
2059.09
2059.19
2059.29
2059.38
2059.48
2059.57
2059.67
2059.76
2059.86
2059.95
2060.04
2060.14
2060.23
2060.32
2060.41
2060.51
2060.6
2060.69
2060.78
2060.87
2060.97
2061.06
2061.15
2061.24
2061.33
2061.42
2061.51
2061.6
2061.69
2061.78
2061.86
2061.95
2062.04
2062.13
2062.22
2062.31
2062.39
2062.48
2062.57
2062.66
2062.74
2062.83
2062.92
2063
2063.09
--- next_y
1282.89
1283.13
1283.36
1283.6
1283.83
1284.07
1284.3
1284.54
1284.77
1285
1285.23
1285.46
1285.69
1285.92
1286.15
1286.38
1286.61
1286.84
1287.07
1287.3
1287.52
1287.75
1287.98
1288.2
1288.43
1288.65
1288.88
1289.1
1289.33
1289.55
1289.77
1289.99
1290.22
1290.44
1290.66
1290.88
1291.1
1291.32
1291.54
1291.75
1291.97
1292.19
1292.4
1292.62
1292.84
1293.05
1293.27
1293.49
1293.7
1293.92
iteracion: 941
--- next_x
2058.61
2058.7
2058.8
2058.9
2059
2059.09
2059.19
2059.29
2059.38
2059.48
2059.57
2059.67
2059.76
2059.86
2059.95
2060.04
2060.14
2060.23
2060.32
2060.41
2060.51
2060.6
2060.69
2060.78
2060.87
2060.97
2061.06
2061.15
2061.24
2061.33
2061.42
2061.51
2061.6
2061.69
2061.78
2061.86
2061.95
2062.04
2062.13
2062.22
2062.31
2062.39
2062.48
2062.57
2062.66
2062.74
2062.83
2062.92
2063.01
2063.1
--- next_y
1282.89
1283.13
1283.36
1283.6
1283.83
1284.07
1284.3
1284.54
1284.77
1285
1285.23
1285.46
1285.69
1285.92
1286.15
1286.38
1286.61
1286.84
1287.07
1287.3
1287.52
1287.75
1287.98
1288.2
1288.43
1288.65
1288.88
1289.1
1289.33
1289.55
1289.77
1289.99
1290.22
1290.44
1290.66
1290.88
1291.1
1291.32
1291.54
1291.75
1291.97
1292.19
1292.4
1292.62
1292.84
1293.05
1293.27
1293.48
1293.7
1293.91
iteracion: 941
--- next_x
2058.61
2058.7
2058.8
2058.9
2059
2059.09
2059.19
2059.29
2059.38
2059.48
2059.57
2059.67
2059.76
2059.86
2059.95
2060.04
2060.14
2060.23
2060.32
2060.41
2060.51
2060.6
2060.69
2060.78
2060.87
2060.97
2061.06
2061.15
2061.24
2061.33
2061.42
2061.51
2061.6
2061.69
2061.78
2061.86
2061.95
2062.04
2062.13
2062.22
2062.31
2062.39
2062.48
2062.57
2062.66
2062.74
2062.83
2062.91
2062.99
2063.07
--- next_y
1282.89
1283.13
1283.36
1283.6
1283.83
1284.07
1284.3
1284.54
1284.77
1285
1285.23
1285.46
1285.69
1285.92
1286.15
1286.38
1286.61
1286.84
1287.07
1287.3
1287.52
1287.75
1287.98
1288.2
1288.43
1288.65
1288.88
1289.1
1289.33
1289.55
1289.77
1289.99
1290.22
1290.44
1290.66
1290.88
1291.1
1291.32
1291.54
1291.75
1291.97
1292.19
1292.4
1292.62
1292.84
1293.05
1293.27
1293.48
1293.7
1293.92
