iteracion: 2305
--- next_x
2179.74
2179.31
2178.88
2178.45
2178.03
2177.6
2177.17
2176.74
2176.32
2175.89
2175.46
2175.03
2174.6
2174.17
2173.74
2173.31
2172.88
2172.45
2172.01
2171.58
2171.15
2170.72
2170.29
2169.86
2169.42
2168.99
2168.56
2168.12
2167.69
2167.26
2166.82
2166.39
2165.95
2165.52
2165.09
2164.65
2164.22
2163.78
2163.34
2162.91
2162.47
2162.03
2161.6
2161.16
2160.72
2160.29
2159.85
2159.41
2158.97
2158.54
--- next_y
3000.58
3000.69
3000.81
3000.93
3001.04
3001.15
3001.26
3001.38
3001.49
3001.59
3001.7
3001.81
3001.91
3002.01
3002.12
3002.22
3002.32
3002.42
3002.52
3002.62
3002.71
3002.81
3002.9
3003
3003.09
3003.18
3003.27
3003.36
3003.45
3003.53
3003.62
3003.7
3003.79
3003.87
3003.95
3004.03
3004.11
3004.19
3004.27
3004.34
3004.42
3004.49
3004.56
3004.64
3004.71
3004.78
3004.85
3004.92
3004.98
3005.05
iteracion: 2305
--- next_x
2179.74
2179.31
2178.88
2178.45
2178.03
2177.6
2177.17
2176.74
2176.32
2175.89
2175.46
2175.03
2174.6
2174.17
2173.74
2173.31
2172.88
2172.45
2172.01
2171.58
2171.15
2170.72
2170.29
2169.86
2169.42
2168.99
2168.56
2168.12
2167.69
2167.26
2166.82
2166.39
2165.95
2165.52
2165.09
2164.65
2164.22
2163.78
2163.34
2162.91
2162.47
2162.03
2161.6
2161.16
2160.72
2160.29
2159.86
2159.43
2159
2158.57
--- next_y
3000.58
3000.69
3000.81
3000.93
3001.04
3001.15
3001.26
3001.38
3001.49
3001.59
3001.7
3001.81
3001.91
3002.01
3002.12
3002.22
3002.32
3002.42
3002.52
3002.62
3002.71
3002.81
3002.9
3003
3003.09
3003.18
3003.27
3003.36
3003.45
3003.53
3003.62
3003.7
3003.79
3003.87
3003.95
3004.03
3004.11
3004.19
3004.27
3004.34
3004.42
3004.49
3004.56
3004.64
3004.71
3004.78
3004.84
3004.9
3004.96
3005
