iteracion: 1146
--- next_x
2178.48
2178.54
2178.61
2178.67
2178.73
2178.79
2178.86
2178.92
2178.98
2179.04
2179.1
2179.16
2179.22
2179.28
2179.34
2179.41
2179.47
2179.53
2179.58
2179.64
2179.7
2179.76
2179.82
2179.88
2179.93
2179.99
2180.05
2180.11
2180.16
2180.22
2180.27
2180.33
2180.38
2180.44
2180.49
2180.55
2180.6
2180.66
2180.71
2180.76
2180.81
2180.87
2180.92
2180.97
2181.02
2181.07
2181.12
2181.17
2181.22
2181.27
--- next_y
1819.93
1820.34
1820.75
1821.16
1821.57
1821.98
1822.38
1822.79
1823.19
1823.6
1824
1824.4
1824.8
1825.19
1825.59
1825.98
1826.38
1826.77
1827.16
1827.55
1827.94
1828.33
1828.71
1829.1
1829.48
1829.86
1830.24
1830.62
1831
1831.38
1831.75
1832.13
1832.51
1832.88
1833.25
1833.62
1833.99
1834.36
1834.73
1835.09
1835.46
1835.83
1836.19
1836.55
1836.91
1837.28
1837.64
1838
1838.36
1838.72
iteracion: 1146
--- next_x
2178.48
2178.54
2178.61
2178.67
2178.73
2178.79
2178.86
2178.92
2178.98
2179.04
2179.1
2179.16
2179.22
2179.28
2179.34
2179.41
2179.47
2179.53
2179.58
2179.64
2179.7
2179.76
2179.82
2179.88
2179.93
2179.99
2180.05
2180.11
2180.16
2180.22
2180.27
2180.33
2180.38
2180.44
2180.49
2180.55
2180.6
2180.66
2180.71
2180.76
2180.81
2180.87
2180.92
2180.97
2181.02
2181.07
2181.12
2181.18
2181.23
2181.29
--- next_y
1819.93
1820.34
1820.75
1821.16
1821.57
1821.98
1822.38
1822.79
1823.19
1823.6
1824
1824.4
1824.8
1825.19
1825.59
1825.98
1826.38
1826.77
1827.16
1827.55
1827.94
1828.33
1828.71
1829.1
1829.48
1829.86
1830.24
1830.62
1831
1831.38
1831.75
1832.13
1832.51
1832.88
1833.25
1833.62
1833.99
1834.36
1834.73
1835.09
1835.46
1835.83
1836.19
1836.55
1836.91
1837.28
1837.63
1837.99
1838.35
1838.71
iteracion: 1146
--- next_x
2178.48
2178.54
2178.61
2178.67
2178.73
2178.79
2178.86
2178.92
2178.98
2179.04
2179.1
2179.16
2179.22
2179.28
2179.34
2179.41
2179.47
2179.53
2179.58
2179.64
2179.7
2179.76
2179.82
2179.88
2179.93
2179.99
2180.05
2180.11
2180.16
2180.22
2180.27
2180.33
2180.38
2180.44
2180.49
2180.55
2180.6
2180.66
2180.71
2180.76
2180.81
2180.87
2180.92
2180.97
2181.02
2181.07
2181.12
2181.16
2181.2
2181.24
--- next_y
1819.93
1820.34
1820.75
1821.16
1821.57
1821.98
1822.38
1822.79
1823.19
1823.6
1824
1824.4
1824.8
1825.19
1825.59
1825.98
1826.38
1826.77
1827.16
1827.55
1827.94
1828.33
1828.71
1829.1
1829.48
1829.86
1830.24
1830.62
1831
1831.38
1831.75
1832.13
1832.51
1832.88
1833.25
1833.62
1833.99
1834.36
1834.73
1835.09
1835.46
1835.83
1836.19
1836.55
1836.91
1837.28
1837.63
1837.99
1838.35
1838.71
