iteracion: 461
--- next_x
1522.97
1523.39
1523.81
1524.23
1524.64
1525.06
1525.48
1525.89
1526.31
1526.72
1527.13
1527.54
1527.95
1528.36
1528.76
1529.17
1529.57
1529.97
1530.38
1530.77
1531.17
1531.57
1531.97
1532.36
1532.76
1533.15
1533.54
1533.93
1534.32
1534.71
1535.1
1535.48
1535.87
1536.25
1536.63
1537.01
1537.39
1537.77
1538.15
1538.53
1538.91
1539.28
1539.65
1540.03
1540.4
1540.78
1541.15
1541.53
1541.9
1542.27
--- next_y
1161.76
1161.72
1161.69
1161.66
1161.62
1161.59
1161.56
1161.52
1161.49
1161.46
1161.42
1161.39
1161.36
1161.32
1161.29
1161.26
1161.22
1161.19
1161.16
1161.12
1161.09
1161.06
1161.03
1160.99
1160.96
1160.93
1160.89
1160.86
1160.83
1160.8
1160.76
1160.73
1160.7
1160.67
1160.63
1160.6
1160.57
1160.54
1160.5
1160.47
1160.44
1160.4
1160.37
1160.34
1160.31
1160.27
1160.24
1160.21
1160.18
1160.15
iteracion: 461
--- next_x
1522.97
1523.39
1523.81
1524.23
1524.64
1525.06
1525.48
1525.89
1526.31
1526.72
1527.13
1527.54
1527.95
1528.36
1528.76
1529.17
1529.57
1529.97
1530.38
1530.77
1531.17
1531.57
1531.97
1532.36
1532.76
1533.15
1533.54
1533.93
1534.32
1534.71
1535.1
1535.48
1535.87
1536.25
1536.63
1537.01
1537.39
1537.77
1538.15
1538.53
1538.91
1539.28
1539.65
1540.03
1540.4
1540.77
1541.14
1541.51
1541.88
1542.25
--- next_y
1161.76
1161.72
1161.69
1161.66
1161.62
1161.59
1161.56
1161.52
1161.49
1161.46
1161.42
1161.39
1161.36
1161.32
1161.29
1161.26
1161.22
1161.19
1161.16
1161.12
1161.09
1161.06
1161.03
1160.99
1160.96
1160.93
1160.89
1160.86
1160.83
1160.8
1160.76
1160.73
1160.7
1160.67
1160.63
1160.6
1160.57
1160.54
1160.5
1160.47
1160.44
1160.4
1160.37
1160.34
1160.31
1160.27
1160.24
1160.2
1160.15
1160.11
iteracion: 461
--- next_x
1522.97
1523.39
1523.81
1524.23
1524.64
1525.06
1525.48
1525.89
1526.31
1526.72
1527.13
1527.54
1527.95
1528.36
1528.76
1529.17
1529.57
1529.97
1530.38
1530.77
1531.17
1531.57
1531.97
1532.36
1532.76
1533.15
1533.54
1533.93
1534.32
1534.71
1535.1
1535.48
1535.87
1536.25
1536.63
1537.01
1537.39
1537.77
1538.15
1538.53
1538.91
1539.28
1539.65
1540.03
1540.4
1540.77
1541.14
1541.51
1541.89
1542.26
--- next_y
1161.76
1161.72
1161.69
1161.66
1161.62
1161.59
1161.56
1161.52
1161.49
1161.46
1161.42
1161.39
1161.36
1161.32
1161.29
1161.26
1161.22
1161.19
1161.16
1161.12
1161.09
1161.06
1161.03
1160.99
1160.96
1160.93
1160.89
1160.86
1160.83
1160.8
1160.76
1160.73
1160.7
1160.67
1160.63
1160.6
1160.57
1160.54
1160.5
1160.47
1160.44
1160.4
1160.37
1160.34
1160.31
1160.28
1160.25
1160.23
1160.21
1160.19
