iteracion: 903
--- next_x
2038.37
2038.54
2038.71
2038.89
2039.06
2039.23
2039.4
2039.57
2039.74
2039.91
2040.08
2040.25
2040.42
2040.58
2040.75
2040.91
2041.08
2041.25
2041.41
2041.57
2041.74
2041.9
2042.06
2042.22
2042.38
2042.54
2042.7
2042.86
2043.02
2043.18
2043.34
2043.49
2043.65
2043.8
2043.96
2044.11
2044.27
2044.42
2044.57
2044.72
2044.88
2045.03
2045.18
2045.33
2045.48
2045.63
2045.78
2045.93
2046.08
2046.23
--- next_y
1242.42
1242.72
1243.02
1243.31
1243.61
1243.9
1244.2
1244.49
1244.79
1245.08
1245.37
1245.66
1245.96
1246.25
1246.54
1246.83
1247.12
1247.41
1247.7
1247.99
1248.28
1248.58
1248.86
1249.15
1249.44
1249.73
1250.02
1250.3
1250.59
1250.88
1251.16
1251.45
1251.74
1252.02
1252.31
1252.59
1252.88
1253.16
1253.44
1253.73
1254.01
1254.3
1254.58
1254.86
1255.14
1255.42
1255.7
1255.99
1256.27
1256.55
iteracion: 903
--- next_x
2038.37
2038.54
2038.71
2038.89
2039.06
2039.23
2039.4
2039.57
2039.74
2039.91
2040.08
2040.25
2040.42
2040.58
2040.75
2040.91
2041.08
2041.25
2041.41
2041.57
2041.74
2041.9
2042.06
2042.22
2042.38
2042.54
2042.7
2042.86
2043.02
2043.18
2043.34
2043.49
2043.65
2043.8
2043.96
2044.11
2044.27
2044.42
2044.57
2044.72
2044.88
2045.03
2045.18
2045.33
2045.48
2045.63
2045.78
2045.94
2046.09
2046.24
--- next_y
1242.42
1242.72
1243.02
1243.31
1243.61
1243.9
1244.2
1244.49
1244.79
1245.08
1245.37
1245.66
1245.96
1246.25
1246.54
1246.83
1247.12
1247.41
1247.7
1247.99
1248.28
1248.58
1248.86
1249.15
1249.44
1249.73
1250.02
1250.3
1250.59
1250.88
1251.16
1251.45
1251.74
1252.02
1252.31
1252.59
1252.88
1253.16
1253.44
1253.73
1254.01
1254.3
1254.58
1254.86
1255.14
1255.42
1255.7
1255.98
1256.26
1256.54
iteracion: 903
--- next_x
2038.37
2038.54
2038.71
2038.89
2039.06
2039.23
2039.4
2039.57
2039.74
2039.91
2040.08
2040.25
2040.42
2040.58
2040.75
2040.91
2041.08
2041.25
2041.41
2041.57
2041.74
2041.9
2042.06
2042.22
2042.38
2042.54
2042.7
2042.86
2043.02
2043.18
2043.34
2043.49
2043.65
2043.8
2043.96
2044.11
2044.27
2044.42
2044.57
2044.72
2044.88
2045.03
2045.18
2045.33
2045.48
2045.63
2045.78
2045.92
2046.07
2046.21
--- next_y
1242.42
1242.72
1243.02
1243.31
1243.61
1243.9
1244.2
1244.49
1244.79
1245.08
1245.37
1245.66
1245.96
1246.25
1246.54
1246.83
1247.12
1247.41
1247.7
1247.99
1248.28
1248.58
1248.86
1249.15
1249.44
1249.73
1250.02
1250.3
1250.59
1250.88
1251.16
1251.45
1251.74
1252.02
1252.31
1252.59
1252.88
1253.16
1253.44
1253.73
1254.01
1254.3
1254.58
1254.86
1255.14
1255.42
1255.7
1255.98
1256.26
1256.54
