iteracion: 489
--- next_x
1545.96
1546.39
1546.82
1547.25
1547.68
1548.11
1548.54
1548.96
1549.39
1549.82
1550.24
1550.67
1551.09
1551.52
1551.94
1552.37
1552.79
1553.21
1553.63
1554.05
1554.47
1554.89
1555.31
1555.73
1556.15
1556.57
1556.98
1557.4
1557.81
1558.23
1558.64
1559.06
1559.47
1559.88
1560.29
1560.7
1561.11
1561.52
1561.93
1562.34
1562.75
1563.16
1563.56
1563.97
1564.38
1564.78
1565.18
1565.59
1566
1566.4
--- next_y
1159.85
1159.81
1159.77
1159.73
1159.69
1159.65
1159.61
1159.57
1159.53
1159.49
1159.45
1159.42
1159.38
1159.34
1159.3
1159.27
1159.23
1159.19
1159.15
1159.12
1159.08
1159.05
1159.01
1158.97
1158.94
1158.9
1158.87
1158.83
1158.8
1158.76
1158.73
1158.69
1158.66
1158.63
1158.59
1158.56
1158.53
1158.49
1158.46
1158.43
1158.4
1158.37
1158.34
1158.31
1158.28
1158.24
1158.21
1158.19
1158.16
1158.13
iteracion: 489
--- next_x
1545.96
1546.39
1546.82
1547.25
1547.68
1548.11
1548.54
1548.96
1549.39
1549.82
1550.24
1550.67
1551.09
1551.52
1551.94
1552.37
1552.79
1553.21
1553.63
1554.05
1554.47
1554.89
1555.31
1555.73
1556.15
1556.57
1556.98
1557.4
1557.81
1558.23
1558.64
1559.06
1559.47
1559.88
1560.29
1560.7
1561.11
1561.52
1561.93
1562.34
1562.75
1563.16
1563.56
1563.97
1564.38
1564.78
1565.18
1565.59
1565.99
1566.39
--- next_y
1159.85
1159.81
1159.77
1159.73
1159.69
1159.65
1159.61
1159.57
1159.53
1159.49
1159.45
1159.42
1159.38
1159.34
1159.3
1159.27
1159.23
1159.19
1159.15
1159.12
1159.08
1159.05
1159.01
1158.97
1158.94
1158.9
1158.87
1158.83
1158.8
1158.76
1158.73
1158.69
1158.66
1158.63
1158.59
1158.56
1158.53
1158.49
1158.46
1158.43
1158.4
1158.37
1158.34
1158.31
1158.28
1158.24
1158.21
1158.18
1158.15
1158.11
iteracion: 489
--- next_x
1545.96
1546.39
1546.82
1547.25
1547.68
1548.11
1548.54
1548.96
1549.39
1549.82
1550.24
1550.67
1551.09
1551.52
1551.94
1552.37
1552.79
1553.21
1553.63
1554.05
1554.47
1554.89
1555.31
1555.73
1556.15
1556.57
1556.98
1557.4
1557.81
1558.23
1558.64
1559.06
1559.47
1559.88
1560.29
1560.7
1561.11
1561.52
1561.93
1562.34
1562.75
1563.16
1563.56
1563.97
1564.38
1564.78
1565.18
1565.59
1565.99
1566.39
--- next_y
1159.85
1159.81
1159.77
1159.73
1159.69
1159.65
1159.61
1159.57
1159.53
1159.49
1159.45
1159.42
1159.38
1159.34
1159.3
1159.27
1159.23
1159.19
1159.15
1159.12
1159.08
1159.05
1159.01
1158.97
1158.94
1158.9
1158.87
1158.83
1158.8
1158.76
1158.73
1158.69
1158.66
1158.63
1158.59
1158.56
1158.53
1158.49
1158.46
1158.43
1158.4
1158.37
1158.34
1158.31
1158.28
1158.24
1158.21
1158.19
1158.17
1158.15
