iteracion: 1029
--- next_x
2093.27
2093.39
2093.51
2093.64
2093.76
2093.88
2093.99
2094.11
2094.23
2094.35
2094.47
2094.59
2094.71
2094.83
2094.95
2095.06
2095.18
2095.3
2095.41
2095.53
2095.64
2095.76
2095.88
2095.99
2096.11
2096.22
2096.34
2096.45
2096.57
2096.68
2096.79
2096.91
2097.02
2097.13
2097.25
2097.36
2097.47
2097.59
2097.7
2097.82
2097.93
2098.04
2098.15
2098.26
2098.38
2098.49
2098.6
2098.71
2098.82
2098.93
--- next_y
1381.01
1381.42
1381.82
1382.23
1382.63
1383.04
1383.44
1383.84
1384.25
1384.65
1385.05
1385.45
1385.86
1386.26
1386.65
1387.05
1387.45
1387.85
1388.25
1388.64
1389.04
1389.43
1389.83
1390.22
1390.62
1391.01
1391.4
1391.79
1392.18
1392.57
1392.96
1393.35
1393.74
1394.13
1394.52
1394.9
1395.29
1395.67
1396.06
1396.45
1396.83
1397.21
1397.6
1397.98
1398.36
1398.74
1399.13
1399.51
1399.89
1400.27
iteracion: 1029
--- next_x
2093.27
2093.39
2093.51
2093.64
2093.76
2093.88
2093.99
2094.11
2094.23
2094.35
2094.47
2094.59
2094.71
2094.83
2094.95
2095.06
2095.18
2095.3
2095.41
2095.53
2095.64
2095.76
2095.88
2095.99
2096.11
2096.22
2096.34
2096.45
2096.57
2096.68
2096.79
2096.91
2097.02
2097.13
2097.25
2097.36
2097.47
2097.59
2097.7
2097.82
2097.93
2098.04
2098.15
2098.26
2098.38
2098.49
2098.6
2098.72
2098.84
2098.96
--- next_y
1381.01
1381.42
1381.82
1382.23
1382.63
1383.04
1383.44
1383.84
1384.25
1384.65
1385.05
1385.45
1385.86
1386.26
1386.65
1387.05
1387.45
1387.85
1388.25
1388.64
1389.04
1389.43
1389.83
1390.22
1390.62
1391.01
1391.4
1391.79
1392.18
1392.57
1392.96
1393.35
1393.74
1394.13
1394.52
1394.9
1395.29
1395.67
1396.06
1396.45
1396.83
1397.21
1397.6
1397.98
1398.36
1398.74
1399.12
1399.5
1399.87
1400.25
iteracion: 1029
--- next_x
2093.27
2093.39
2093.51
2093.64
2093.76
2093.88
2093.99
2094.11
2094.23
2094.35
2094.47
2094.59
2094.71
2094.83
2094.95
2095.06
2095.18
2095.3
2095.41
2095.53
2095.64
2095.76
2095.88
2095.99
2096.11
2096.22
2096.34
2096.45
2096.57
2096.68
2096.79
2096.91
2097.02
2097.13
2097.25
2097.36
2097.47
2097.59
2097.7
2097.82
2097.93
2098.04
2098.15
2098.26
2098.38
2098.49
2098.59
2098.7
2098.8
2098.89
--- next_y
1381.01
1381.42
1381.82
1382.23
1382.63
1383.04
1383.44
1383.84
1384.25
1384.65
1385.05
1385.45
1385.86
1386.26
1386.65
1387.05
1387.45
1387.85
1388.25
1388.64
1389.04
1389.43
1389.83
1390.22
1390.62
1391.01
1391.4
1391.79
1392.18
1392.57
1392.96
1393.35
1393.74
1394.13
1394.52
1394.9
1395.29
1395.67
1396.06
1396.45
1396.83
1397.21
1397.6
1397.98
1398.36
1398.74
1399.12
1399.5
1399.88
1400.26
