iteracion: 972
--- next_x
2135.7
2135.77
2135.84
2135.91
2135.98
2136.05
2136.11
2136.18
2136.25
2136.32
2136.38
2136.45
2136.52
2136.58
2136.65
2136.71
2136.78
2136.84
2136.91
2136.97
2137.04
2137.1
2137.17
2137.23
2137.29
2137.36
2137.42
2137.48
2137.54
2137.61
2137.67
2137.73
2137.79
2137.85
2137.91
2137.97
2138.04
2138.1
2138.16
2138.22
2138.28
2138.34
2138.4
2138.46
2138.52
2138.58
2138.64
2138.7
2138.77
2138.83
--- next_y
1599.94
1600.32
1600.7
1601.08
1601.45
1601.83
1602.2
1602.58
1602.95
1603.32
1603.69
1604.06
1604.43
1604.8
1605.16
1605.52
1605.89
1606.25
1606.61
1606.97
1607.33
1607.68
1608.04
1608.39
1608.75
1609.1
1609.45
1609.8
1610.15
1610.49
1610.84
1611.18
1611.53
1611.87
1612.21
1612.55
1612.89
1613.23
1613.57
1613.91
1614.24
1614.58
1614.91
1615.24
1615.57
1615.9
1616.23
1616.56
1616.89
1617.22
iteracion: 972
--- next_x
2135.7
2135.77
2135.84
2135.91
2135.98
2136.05
2136.11
2136.18
2136.25
2136.32
2136.38
2136.45
2136.52
2136.58
2136.65
2136.71
2136.78
2136.84
2136.91
2136.97
2137.04
2137.1
2137.17
2137.23
2137.29
2137.36
2137.42
2137.48
2137.54
2137.61
2137.67
2137.73
2137.79
2137.85
2137.91
2137.97
2138.04
2138.1
2138.16
2138.22
2138.28
2138.34
2138.4
2138.46
2138.52
2138.58
2138.64
2138.71
2138.77
2138.84
--- next_y
1599.94
1600.32
1600.7
1601.08
1601.45
1601.83
1602.2
1602.58
1602.95
1603.32
1603.69
1604.06
1604.43
1604.8
1605.16
1605.52
1605.89
1606.25
1606.61
1606.97
1607.33
1607.68
1608.04
1608.39
1608.75
1609.1
1609.45
1609.8
1610.15
1610.49
1610.84
1611.18
1611.53
1611.87
1612.21
1612.55
1612.89
1613.23
1613.57
1613.91
1614.24
1614.58
1614.91
1615.24
1615.57
1615.9
1616.23
1616.55
1616.88
1617.2
iteracion: 972
--- next_x
2135.7
2135.77
2135.84
2135.91
2135.98
2136.05
2136.11
2136.18
2136.25
2136.32
2136.38
2136.45
2136.52
2136.58
2136.65
2136.71
2136.78
2136.84
2136.91
2136.97
2137.04
2137.1
2137.17
2137.23
2137.29
2137.36
2137.42
2137.48
2137.54
2137.61
2137.67
2137.73
2137.79
2137.85
2137.91
2137.97
2138.04
2138.1
2138.16
2138.22
2138.28
2138.34
2138.4
2138.46
2138.52
2138.58
2138.64
2138.7
2138.75
2138.81
--- next_y
1599.94
1600.32
1600.7
1601.08
1601.45
1601.83
1602.2
1602.58
1602.95
1603.32
1603.69
1604.06
1604.43
1604.8
1605.16
1605.52
1605.89
1606.25
1606.61
1606.97
1607.33
1607.68
1608.04
1608.39
1608.75
1609.1
1609.45
1609.8
1610.15
1610.49
1610.84
1611.18
1611.53
1611.87
1612.21
1612.55
1612.89
1613.23
1613.57
1613.91
1614.24
1614.58
1614.91
1615.24
1615.57
1615.9
1616.23
1616.56
1616.89
1617.22
