iteracion: 1674
--- next_x
2253.94
2254.01
2254.08
2254.16
2254.23
2254.31
2254.38
2254.46
2254.53
2254.6
2254.68
2254.75
2254.82
2254.89
2254.97
2255.04
2255.11
2255.18
2255.25
2255.32
2255.39
2255.46
2255.52
2255.59
2255.66
2255.73
2255.8
2255.86
2255.93
2256
2256.06
2256.13
2256.2
2256.26
2256.33
2256.39
2256.46
2256.52
2256.59
2256.65
2256.72
2256.78
2256.84
2256.91
2256.97
2257.03
2257.1
2257.16
2257.22
2257.28
--- next_y
2195.55
2195.9
2196.25
2196.6
2196.95
2197.3
2197.65
2198
2198.34
2198.69
2199.04
2199.38
2199.72
2200.07
2200.41
2200.76
2201.1
2201.44
2201.78
2202.12
2202.46
2202.8
2203.14
2203.48
2203.82
2204.15
2204.49
2204.82
2205.16
2205.49
2205.83
2206.16
2206.49
2206.83
2207.16
2207.49
2207.82
2208.16
2208.49
2208.82
2209.15
2209.47
2209.8
2210.13
2210.46
2210.78
2211.11
2211.44
2211.77
2212.09
iteracion: 1674
--- next_x
2253.94
2254.01
2254.08
2254.16
2254.23
2254.31
2254.38
2254.46
2254.53
2254.6
2254.68
2254.75
2254.82
2254.89
2254.97
2255.04
2255.11
2255.18
2255.25
2255.32
2255.39
2255.46
2255.52
2255.59
2255.66
2255.73
2255.8
2255.86
2255.93
2256
2256.06
2256.13
2256.2
2256.26
2256.33
2256.39
2256.46
2256.52
2256.59
2256.65
2256.72
2256.78
2256.84
2256.91
2256.97
2257.03
2257.1
2257.16
2257.23
2257.3
--- next_y
2195.55
2195.9
2196.25
2196.6
2196.95
2197.3
2197.65
2198
2198.34
2198.69
2199.04
2199.38
2199.72
2200.07
2200.41
2200.76
2201.1
2201.44
2201.78
2202.12
2202.46
2202.8
2203.14
2203.48
2203.82
2204.15
2204.49
2204.82
2205.16
2205.49
2205.83
2206.16
2206.49
2206.83
2207.16
2207.49
2207.82
2208.16
2208.49
2208.82
2209.15
2209.47
2209.8
2210.13
2210.46
2210.78
2211.11
2211.43
2211.76
2212.08
iteracion: 1674
--- next_x
2253.94
2254.01
2254.08
2254.16
2254.23
2254.31
2254.38
2254.46
2254.53
2254.6
2254.68
2254.75
2254.82
2254.89
2254.97
2255.04
2255.11
2255.18
2255.25
2255.32
2255.39
2255.46
2255.52
2255.59
2255.66
2255.73
2255.8
2255.86
2255.93
2256
2256.06
2256.13
2256.2
2256.26
2256.33
2256.39
2256.46
2256.52
2256.59
2256.65
2256.72
2256.78
2256.84
2256.91
2256.97
2257.03
2257.09
2257.15
2257.21
2257.26
--- next_y
2195.55
2195.9
2196.25
2196.6
2196.95
2197.3
2197.65
2198
2198.34
2198.69
2199.04
2199.38
2199.72
2200.07
2200.41
2200.76
2201.1
2201.44
2201.78
2202.12
2202.46
2202.8
2203.14
2203.48
2203.82
2204.15
2204.49
2204.82
2205.16
2205.49
2205.83
2206.16
2206.49
2206.83
2207.16
2207.49
2207.82
2208.16
2208.49
2208.82
2209.15
2209.47
2209.8
2210.13
2210.46
2210.78
2211.11
2211.43
2211.76
2212.08
