iteracion: 1830
--- next_x
2297.36
2297.45
2297.53
2297.61
2297.69
2297.77
2297.85
2297.93
2298.02
2298.1
2298.19
2298.27
2298.35
2298.44
2298.52
2298.61
2298.7
2298.78
2298.87
2298.96
2299.05
2299.13
2299.22
2299.31
2299.4
2299.49
2299.58
2299.68
2299.77
2299.86
2299.95
2300.04
2300.14
2300.23
2300.32
2300.42
2300.51
2300.61
2300.7
2300.79
2300.89
2300.98
2301.07
2301.16
2301.26
2301.35
2301.44
2301.53
2301.62
2301.72
--- next_y
2372.97
2373.2
2373.44
2373.68
2373.91
2374.15
2374.39
2374.63
2374.87
2375.11
2375.35
2375.6
2375.84
2376.09
2376.34
2376.58
2376.84
2377.09
2377.34
2377.59
2377.85
2378.11
2378.36
2378.62
2378.89
2379.15
2379.41
2379.68
2379.94
2380.21
2380.48
2380.75
2381.02
2381.29
2381.56
2381.84
2382.11
2382.39
2382.66
2382.94
2383.21
2383.48
2383.75
2384.03
2384.3
2384.57
2384.84
2385.11
2385.38
2385.65
iteracion: 1830
--- next_x
2297.36
2297.45
2297.53
2297.61
2297.69
2297.77
2297.85
2297.93
2298.02
2298.1
2298.19
2298.27
2298.35
2298.44
2298.52
2298.61
2298.7
2298.78
2298.87
2298.96
2299.05
2299.13
2299.22
2299.31
2299.4
2299.49
2299.58
2299.68
2299.77
2299.86
2299.95
2300.04
2300.14
2300.23
2300.32
2300.42
2300.51
2300.61
2300.7
2300.79
2300.89
2300.98
2301.07
2301.16
2301.26
2301.35
2301.44
2301.53
2301.63
2301.72
--- next_y
2372.97
2373.2
2373.44
2373.68
2373.91
2374.15
2374.39
2374.63
2374.87
2375.11
2375.35
2375.6
2375.84
2376.09
2376.34
2376.58
2376.84
2377.09
2377.34
2377.59
2377.85
2378.11
2378.36
2378.62
2378.89
2379.15
2379.41
2379.68
2379.94
2380.21
2380.48
2380.75
2381.02
2381.29
2381.56
2381.84
2382.11
2382.39
2382.66
2382.94
2383.21
2383.48
2383.75
2384.03
2384.3
2384.57
2384.84
2385.11
2385.38
2385.64
iteracion: 1830
--- next_x
2297.36
2297.45
2297.53
2297.61
2297.69
2297.77
2297.85
2297.93
2298.02
2298.1
2298.19
2298.27
2298.35
2298.44
2298.52
2298.61
2298.7
2298.78
2298.87
2298.96
2299.05
2299.13
2299.22
2299.31
2299.4
2299.49
2299.58
2299.68
2299.77
2299.86
2299.95
2300.04
2300.14
2300.23
2300.32
2300.42
2300.51
2300.61
2300.7
2300.79
2300.89
2300.98
2301.07
2301.16
2301.26
2301.35
2301.44
2301.53
2301.62
2301.71
--- next_y
2372.97
2373.2
2373.44
2373.68
2373.91
2374.15
2374.39
2374.63
2374.87
2375.11
2375.35
2375.6
2375.84
2376.09
2376.34
2376.58
2376.84
2377.09
2377.34
2377.59
2377.85
2378.11
2378.36
2378.62
2378.89
2379.15
2379.41
2379.68
2379.94
2380.21
2380.48
2380.75
2381.02
2381.29
2381.56
2381.84
2382.11
2382.39
2382.66
2382.94
2383.21
2383.48
2383.75
2384.03
2384.3
2384.57
2384.84
2385.11
2385.37
2385.64
