iteracion: 499
--- next_x
1561.52
1561.93
1562.34
1562.75
1563.16
1563.56
1563.97
1564.38
1564.78
1565.18
1565.59
1565.99
1566.39
1566.8
1567.19
1567.6
1568
1568.39
1568.79
1569.19
1569.59
1569.99
1570.38
1570.78
1571.17
1571.57
1571.96
1572.36
1572.75
1573.14
1573.53
1573.92
1574.31
1574.7
1575.09
1575.48
1575.86
1576.25
1576.64
1577.02
1577.41
1577.79
1578.18
1578.56
1578.94
1579.32
1579.71
1580.09
1580.47
1580.85
--- next_y
1158.49
1158.46
1158.43
1158.4
1158.37
1158.34
1158.31
1158.28
1158.24
1158.21
1158.18
1158.16
1158.13
1158.1
1158.07
1158.04
1158.01
1157.98
1157.95
1157.92
1157.89
1157.87
1157.84
1157.81
1157.79
1157.76
1157.73
1157.71
1157.68
1157.65
1157.63
1157.6
1157.58
1157.55
1157.52
1157.5
1157.47
1157.45
1157.42
1157.39
1157.37
1157.34
1157.32
1157.29
1157.27
1157.24
1157.21
1157.19
1157.16
1157.14
iteracion: 499
--- next_x
1561.52
1561.93
1562.34
1562.75
1563.16
1563.56
1563.97
1564.38
1564.78
1565.18
1565.59
1565.99
1566.39
1566.8
1567.19
1567.6
1568
1568.39
1568.79
1569.19
1569.59
1569.99
1570.38
1570.78
1571.17
1571.57
1571.96
1572.36
1572.75
1573.14
1573.53
1573.92
1574.31
1574.7
1575.09
1575.48
1575.86
1576.25
1576.64
1577.02
1577.41
1577.79
1578.18
1578.56
1578.94
1579.32
1579.7
1580.08
1580.46
1580.83
--- next_y
1158.49
1158.46
1158.43
1158.4
1158.37
1158.34
1158.31
1158.28
1158.24
1158.21
1158.18
1158.16
1158.13
1158.1
1158.07
1158.04
1158.01
1157.98
1157.95
1157.92
1157.89
1157.87
1157.84
1157.81
1157.79
1157.76
1157.73
1157.71
1157.68
1157.65
1157.63
1157.6
1157.58
1157.55
1157.52
1157.5
1157.47
1157.45
1157.42
1157.39
1157.37
1157.34
1157.32
1157.29
1157.27
1157.24
1157.21
1157.18
1157.15
1157.11
iteracion: 499
--- next_x
1561.52
1561.93
1562.34
1562.75
1563.16
1563.56
1563.97
1564.38
1564.78
1565.18
1565.59
1565.99
1566.39
1566.8
1567.19
1567.6
1568
1568.39
1568.79
1569.19
1569.59
1569.99
1570.38
1570.78
1571.17
1571.57
1571.96
1572.36
1572.75
1573.14
1573.53
1573.92
1574.31
1574.7
1575.09
1575.48
1575.86
1576.25
1576.64
1577.02
1577.41
1577.79
1578.18
1578.56
1578.94
1579.32
1579.7
1580.08
1580.46
1580.84
--- next_y
1158.49
1158.46
1158.43
1158.4
1158.37
1158.34
1158.31
1158.28
1158.24
1158.21
1158.18
1158.16
1158.13
1158.1
1158.07
1158.04
1158.01
1157.98
1157.95
1157.92
1157.89
1157.87
1157.84
1157.81
1157.79
1157.76
1157.73
1157.71
1157.68
1157.65
1157.63
1157.6
1157.58
1157.55
1157.52
1157.5
1157.47
1157.45
1157.42
1157.39
1157.37
1157.34
1157.32
1157.29
1157.27
1157.24
1157.22
1157.2
1157.18
1157.17
