iteracion: 795
--- next_x
1958.4
1958.68
1958.97
1959.26
1959.54
1959.82
1960.11
1960.39
1960.67
1960.96
1961.24
1961.53
1961.81
1962.1
1962.39
1962.68
1962.97
1963.26
1963.54
1963.84
1964.13
1964.42
1964.71
1965
1965.29
1965.57
1965.86
1966.14
1966.43
1966.71
1966.99
1967.27
1967.55
1967.82
1968.1
1968.37
1968.64
1968.91
1969.18
1969.44
1969.71
1969.97
1970.23
1970.49
1970.75
1971.01
1971.27
1971.53
1971.79
1972.05
--- next_y
1169.8
1169.93
1170.07
1170.2
1170.33
1170.46
1170.59
1170.72
1170.85
1170.99
1171.12
1171.26
1171.39
1171.53
1171.67
1171.81
1171.94
1172.08
1172.22
1172.37
1172.51
1172.65
1172.8
1172.94
1173.08
1173.23
1173.37
1173.52
1173.66
1173.8
1173.95
1174.09
1174.23
1174.38
1174.52
1174.66
1174.81
1174.95
1175.1
1175.24
1175.38
1175.52
1175.67
1175.81
1175.95
1176.09
1176.24
1176.38
1176.53
1176.67
iteracion: 795
--- next_x
1958.4
1958.68
1958.97
1959.26
1959.54
1959.82
1960.11
1960.39
1960.67
1960.96
1961.24
1961.53
1961.81
1962.1
1962.39
1962.68
1962.97
1963.26
1963.54
1963.84
1964.13
1964.42
1964.71
1965
1965.29
1965.57
1965.86
1966.14
1966.43
1966.71
1966.99
1967.27
1967.55
1967.82
1968.1
1968.37
1968.64
1968.91
1969.18
1969.44
1969.71
1969.97
1970.23
1970.49
1970.75
1971.01
1971.27
1971.53
1971.79
1972.06
--- next_y
1169.8
1169.93
1170.07
1170.2
1170.33
1170.46
1170.59
1170.72
1170.85
1170.99
1171.12
1171.26
1171.39
1171.53
1171.67
1171.81
1171.94
1172.08
1172.22
1172.37
1172.51
1172.65
1172.8
1172.94
1173.08
1173.23
1173.37
1173.52
1173.66
1173.8
1173.95
1174.09
1174.23
1174.38
1174.52
1174.66
1174.81
1174.95
1175.1
1175.24
1175.38
1175.52
1175.67
1175.81
1175.95
1176.09
1176.24
1176.38
1176.52
1176.66
iteracion: 795
--- next_x
1958.4
1958.68
1958.97
1959.26
1959.54
1959.82
1960.11
1960.39
1960.67
1960.96
1961.24
1961.53
1961.81
1962.1
1962.39
1962.68
1962.97
1963.26
1963.54
1963.84
1964.13
1964.42
1964.71
1965
1965.29
1965.57
1965.86
1966.14
1966.43
1966.71
1966.99
1967.27
1967.55
1967.82
1968.1
1968.37
1968.64
1968.91
1969.18
1969.44
1969.71
1969.97
1970.23
1970.49
1970.75
1971.01
1971.26
1971.52
1971.77
1972.02
--- next_y
1169.8
1169.93
1170.07
1170.2
1170.33
1170.46
1170.59
1170.72
1170.85
1170.99
1171.12
1171.26
1171.39
1171.53
1171.67
1171.81
1171.94
1172.08
1172.22
1172.37
1172.51
1172.65
1172.8
1172.94
1173.08
1173.23
1173.37
1173.52
1173.66
1173.8
1173.95
1174.09
1174.23
1174.38
1174.52
1174.66
1174.81
1174.95
1175.1
1175.24
1175.38
1175.52
1175.67
1175.81
1175.95
1176.09
1176.24
1176.38
1176.52
1176.67
