iteracion: 463
--- next_x
1526.72
1527.13
1527.54
1527.95
1528.36
1528.76
1529.17
1529.57
1529.97
1530.38
1530.77
1531.17
1531.57
1531.97
1532.36
1532.76
1533.15
1533.54
1533.93
1534.32
1534.71
1535.1
1535.48
1535.87
1536.25
1536.63
1537.01
1537.39
1537.77
1538.15
1538.53
1538.91
1539.28
1539.65
1540.03
1540.4
1540.77
1541.14
1541.51
1541.88
1542.25
1542.61
1542.98
1543.34
1543.71
1544.07
1544.43
1544.8
1545.16
1545.53
--- next_y
1161.46
1161.42
1161.39
1161.36
1161.32
1161.29
1161.26
1161.22
1161.19
1161.16
1161.12
1161.09
1161.06
1161.03
1160.99
1160.96
1160.93
1160.89
1160.86
1160.83
1160.8
1160.76
1160.73
1160.7
1160.67
1160.63
1160.6
1160.57
1160.54
1160.5
1160.47
1160.44
1160.4
1160.37
1160.34
1160.31
1160.28
1160.24
1160.21
1160.18
1160.15
1160.12
1160.09
1160.05
1160.02
1159.99
1159.96
1159.93
1159.9
1159.87
iteracion: 463
--- next_x
1526.72
1527.13
1527.54
1527.95
1528.36
1528.76
1529.17
1529.57
1529.97
1530.38
1530.77
1531.17
1531.57
1531.97
1532.36
1532.76
1533.15
1533.54
1533.93
1534.32
1534.71
1535.1
1535.48
1535.87
1536.25
1536.63
1537.01
1537.39
1537.77
1538.15
1538.53
1538.91
1539.28
1539.65
1540.03
1540.4
1540.77
1541.14
1541.51
1541.88
1542.25
1542.61
1542.98
1543.34
1543.71
1544.07
1544.43
1544.79
1545.15
1545.51
--- next_y
1161.46
1161.42
1161.39
1161.36
1161.32
1161.29
1161.26
1161.22
1161.19
1161.16
1161.12
1161.09
1161.06
1161.03
1160.99
1160.96
1160.93
1160.89
1160.86
1160.83
1160.8
1160.76
1160.73
1160.7
1160.67
1160.63
1160.6
1160.57
1160.54
1160.5
1160.47
1160.44
1160.4
1160.37
1160.34
1160.31
1160.28
1160.24
1160.21
1160.18
1160.15
1160.12
1160.09
1160.05
1160.02
1159.99
1159.96
1159.92
1159.88
1159.84
iteracion: 463
--- next_x
1526.72
1527.13
1527.54
1527.95
1528.36
1528.76
1529.17
1529.57
1529.97
1530.38
1530.77
1531.17
1531.57
1531.97
1532.36
1532.76
1533.15
1533.54
1533.93
1534.32
1534.71
1535.1
1535.48
1535.87
1536.25
1536.63
1537.01
1537.39
1537.77
1538.15
1538.53
1538.91
1539.28
1539.65
1540.03
1540.4
1540.77
1541.14
1541.51
1541.88
1542.25
1542.61
1542.98
1543.34
1543.71
1544.07
1544.43
1544.79
1545.15
1545.51
--- next_y
1161.46
1161.42
1161.39
1161.36
1161.32
1161.29
1161.26
1161.22
1161.19
1161.16
1161.12
1161.09
1161.06
1161.03
1160.99
1160.96
1160.93
1160.89
1160.86
1160.83
1160.8
1160.76
1160.73
1160.7
1160.67
1160.63
1160.6
1160.57
1160.54
1160.5
1160.47
1160.44
1160.4
1160.37
1160.34
1160.31
1160.28
1160.24
1160.21
1160.18
1160.15
1160.12
1160.09
1160.05
1160.02
1159.99
1159.96
1159.94
1159.91
1159.89
