iteracion: 1862
--- next_x
2309.12
2309.21
2309.31
2309.4
2309.49
2309.58
2309.68
2309.77
2309.86
2309.96
2310.05
2310.15
2310.24
2310.34
2310.43
2310.52
2310.61
2310.71
2310.8
2310.89
2310.98
2311.07
2311.16
2311.25
2311.34
2311.43
2311.52
2311.61
2311.69
2311.78
2311.87
2311.95
2312.04
2312.13
2312.22
2312.3
2312.39
2312.47
2312.55
2312.64
2312.72
2312.8
2312.89
2312.97
2313.05
2313.14
2313.22
2313.3
2313.38
2313.46
--- next_y
2410.02
2410.36
2410.7
2411.04
2411.39
2411.73
2412.08
2412.43
2412.78
2413.13
2413.48
2413.83
2414.19
2414.54
2414.89
2415.25
2415.6
2415.95
2416.3
2416.65
2417.01
2417.36
2417.71
2418.06
2418.41
2418.75
2419.1
2419.45
2419.8
2420.14
2420.49
2420.84
2421.18
2421.53
2421.87
2422.22
2422.56
2422.9
2423.24
2423.58
2423.92
2424.26
2424.6
2424.94
2425.28
2425.62
2425.96
2426.3
2426.64
2426.98
iteracion: 1862
--- next_x
2309.12
2309.21
2309.31
2309.4
2309.49
2309.58
2309.68
2309.77
2309.86
2309.96
2310.05
2310.15
2310.24
2310.34
2310.43
2310.52
2310.61
2310.71
2310.8
2310.89
2310.98
2311.07
2311.16
2311.25
2311.34
2311.43
2311.52
2311.61
2311.69
2311.78
2311.87
2311.95
2312.04
2312.13
2312.22
2312.3
2312.39
2312.47
2312.55
2312.64
2312.72
2312.8
2312.89
2312.97
2313.05
2313.14
2313.22
2313.3
2313.39
2313.48
--- next_y
2410.02
2410.36
2410.7
2411.04
2411.39
2411.73
2412.08
2412.43
2412.78
2413.13
2413.48
2413.83
2414.19
2414.54
2414.89
2415.25
2415.6
2415.95
2416.3
2416.65
2417.01
2417.36
2417.71
2418.06
2418.41
2418.75
2419.1
2419.45
2419.8
2420.14
2420.49
2420.84
2421.18
2421.53
2421.87
2422.22
2422.56
2422.9
2423.24
2423.58
2423.92
2424.26
2424.6
2424.94
2425.28
2425.62
2425.96
2426.29
2426.63
2426.96
iteracion: 1862
--- next_x
2309.12
2309.21
2309.31
2309.4
2309.49
2309.58
2309.68
2309.77
2309.86
2309.96
2310.05
2310.15
2310.24
2310.34
2310.43
2310.52
2310.61
2310.71
2310.8
2310.89
2310.98
2311.07
2311.16
2311.25
2311.34
2311.43
2311.52
2311.61
2311.69
2311.78
2311.87
2311.95
2312.04
2312.13
2312.22
2312.3
2312.39
2312.47
2312.55
2312.64
2312.72
2312.8
2312.89
2312.97
2313.05
2313.14
2313.21
2313.29
2313.36
2313.44
--- next_y
2410.02
2410.36
2410.7
2411.04
2411.39
2411.73
2412.08
2412.43
2412.78
2413.13
2413.48
2413.83
2414.19
2414.54
2414.89
2415.25
2415.6
2415.95
2416.3
2416.65
2417.01
2417.36
2417.71
2418.06
2418.41
2418.75
2419.1
2419.45
2419.8
2420.14
2420.49
2420.84
2421.18
2421.53
2421.87
2422.22
2422.56
2422.9
2423.24
2423.58
2423.92
2424.26
2424.6
2424.94
2425.28
2425.62
2425.95
2426.29
2426.63
2426.96
