iteracion: 1588
--- next_x
2226.87
2226.97
2227.06
2227.15
2227.25
2227.34
2227.43
2227.53
2227.62
2227.71
2227.8
2227.9
2227.99
2228.08
2228.17
2228.26
2228.36
2228.45
2228.54
2228.63
2228.72
2228.81
2228.9
2228.99
2229.08
2229.17
2229.26
2229.35
2229.44
2229.53
2229.62
2229.71
2229.8
2229.89
2229.98
2230.07
2230.16
2230.25
2230.34
2230.43
2230.52
2230.61
2230.7
2230.79
2230.88
2230.96
2231.05
2231.14
2231.23
2231.32
--- next_y
2092.79
2093.1
2093.41
2093.72
2094.03
2094.34
2094.65
2094.96
2095.27
2095.57
2095.88
2096.19
2096.49
2096.8
2097.1
2097.4
2097.7
2098.01
2098.31
2098.61
2098.91
2099.2
2099.5
2099.8
2100.1
2100.4
2100.69
2100.99
2101.28
2101.58
2101.87
2102.16
2102.46
2102.75
2103.04
2103.34
2103.63
2103.92
2104.21
2104.5
2104.79
2105.08
2105.37
2105.65
2105.94
2106.23
2106.51
2106.8
2107.09
2107.38
iteracion: 1588
--- next_x
2226.87
2226.97
2227.06
2227.15
2227.25
2227.34
2227.43
2227.53
2227.62
2227.71
2227.8
2227.9
2227.99
2228.08
2228.17
2228.26
2228.36
2228.45
2228.54
2228.63
2228.72
2228.81
2228.9
2228.99
2229.08
2229.17
2229.26
2229.35
2229.44
2229.53
2229.62
2229.71
2229.8
2229.89
2229.98
2230.07
2230.16
2230.25
2230.34
2230.43
2230.52
2230.61
2230.7
2230.79
2230.88
2230.96
2231.05
2231.14
2231.23
2231.33
--- next_y
2092.79
2093.1
2093.41
2093.72
2094.03
2094.34
2094.65
2094.96
2095.27
2095.57
2095.88
2096.19
2096.49
2096.8
2097.1
2097.4
2097.7
2098.01
2098.31
2098.61
2098.91
2099.2
2099.5
2099.8
2100.1
2100.4
2100.69
2100.99
2101.28
2101.58
2101.87
2102.16
2102.46
2102.75
2103.04
2103.34
2103.63
2103.92
2104.21
2104.5
2104.79
2105.08
2105.37
2105.65
2105.94
2106.23
2106.51
2106.8
2107.08
2107.37
iteracion: 1588
--- next_x
2226.87
2226.97
2227.06
2227.15
2227.25
2227.34
2227.43
2227.53
2227.62
2227.71
2227.8
2227.9
2227.99
2228.08
2228.17
2228.26
2228.36
2228.45
2228.54
2228.63
2228.72
2228.81
2228.9
2228.99
2229.08
2229.17
2229.26
2229.35
2229.44
2229.53
2229.62
2229.71
2229.8
2229.89
2229.98
2230.07
2230.16
2230.25
2230.34
2230.43
2230.52
2230.61
2230.7
2230.79
2230.88
2230.96
2231.05
2231.14
2231.22
2231.31
--- next_y
2092.79
2093.1
2093.41
2093.72
2094.03
2094.34
2094.65
2094.96
2095.27
2095.57
2095.88
2096.19
2096.49
2096.8
2097.1
2097.4
2097.7
2098.01
2098.31
2098.61
2098.91
2099.2
2099.5
2099.8
2100.1
2100.4
2100.69
2100.99
2101.28
2101.58
2101.87
2102.16
2102.46
2102.75
2103.04
2103.34
2103.63
2103.92
2104.21
2104.5
2104.79
2105.08
2105.37
2105.65
2105.94
2106.23
2106.51
2106.8
2107.08
2107.37
