iteracion: 3892
--- next_x
183.837
183.947
184.057
184.169
184.281
184.393
184.505
184.619
184.732
184.846
184.96
185.074
185.189
185.305
185.421
185.537
185.654
185.771
185.888
186.006
186.124
186.242
186.361
186.48
186.599
186.719
186.839
186.959
187.079
187.2
187.322
187.443
187.564
187.686
187.809
187.931
188.054
188.177
188.3
188.423
188.547
188.669
188.793
188.916
189.04
189.165
189.289
189.414
189.539
189.665
--- next_y
1953.1
1952.76
1952.41
1952.07
1951.73
1951.38
1951.04
1950.7
1950.37
1950.03
1949.69
1949.36
1949.02
1948.68
1948.35
1948.02
1947.68
1947.35
1947.02
1946.69
1946.36
1946.03
1945.7
1945.37
1945.05
1944.72
1944.39
1944.07
1943.74
1943.42
1943.1
1942.78
1942.46
1942.14
1941.82
1941.5
1941.18
1940.86
1940.55
1940.23
1939.91
1939.6
1939.29
1938.98
1938.66
1938.35
1938.04
1937.73
1937.41
1937.1
iteracion: 3892
--- next_x
183.837
183.947
184.057
184.169
184.281
184.393
184.505
184.619
184.732
184.846
184.96
185.074
185.189
185.305
185.421
185.537
185.654
185.771
185.888
186.006
186.124
186.242
186.361
186.48
186.599
186.719
186.839
186.959
187.079
187.2
187.322
187.443
187.564
187.686
187.809
187.931
188.054
188.177
188.3
188.423
188.547
188.669
188.793
188.916
189.04
189.165
189.287
189.408
189.528
189.646
--- next_y
1953.1
1952.76
1952.41
1952.07
1951.73
1951.38
1951.04
1950.7
1950.37
1950.03
1949.69
1949.36
1949.02
1948.68
1948.35
1948.02
1947.68
1947.35
1947.02
1946.69
1946.36
1946.03
1945.7
1945.37
1945.05
1944.72
1944.39
1944.07
1943.74
1943.42
1943.1
1942.78
1942.46
1942.14
1941.82
1941.5
1941.18
1940.86
1940.55
1940.23
1939.91
1939.6
1939.29
1938.98
1938.66
1938.35
1938.04
1937.73
1937.41
1937.1
iteracion: 3892
--- next_x
183.837
183.947
184.057
184.169
184.281
184.393
184.505
184.619
184.732
184.846
184.96
185.074
185.189
185.305
185.421
185.537
185.654
185.771
185.888
186.006
186.124
186.242
186.361
186.48
186.599
186.719
186.839
186.959
187.079
187.2
187.322
187.443
187.564
187.686
187.809
187.931
188.054
188.177
188.3
188.423
188.547
188.669
188.793
188.916
189.04
189.165
189.289
189.416
189.544
189.675
--- next_y
1953.1
1952.76
1952.41
1952.07
1951.73
1951.38
1951.04
1950.7
1950.37
1950.03
1949.69
1949.36
1949.02
1948.68
1948.35
1948.02
1947.68
1947.35
1947.02
1946.69
1946.36
1946.03
1945.7
1945.37
1945.05
1944.72
1944.39
1944.07
1943.74
1943.42
1943.1
1942.78
1942.46
1942.14
1941.82
1941.5
1941.18
1940.86
1940.55
1940.23
1939.91
1939.6
1939.29
1938.98
1938.66
1938.35
1938.04
1937.74
1937.43
1937.12
