iteracion: 1876
--- next_x
2314.01
2314.09
2314.16
2314.24
2314.32
2314.39
2314.47
2314.55
2314.62
2314.7
2314.77
2314.85
2314.92
2315
2315.07
2315.14
2315.22
2315.29
2315.36
2315.43
2315.51
2315.57
2315.65
2315.72
2315.78
2315.85
2315.92
2315.99
2316.06
2316.12
2316.19
2316.26
2316.33
2316.39
2316.46
2316.53
2316.59
2316.66
2316.72
2316.79
2316.86
2316.92
2316.98
2317.05
2317.11
2317.18
2317.24
2317.3
2317.37
2317.43
--- next_y
2429.31
2429.64
2429.97
2430.3
2430.63
2430.96
2431.29
2431.62
2431.95
2432.28
2432.61
2432.93
2433.26
2433.59
2433.91
2434.24
2434.56
2434.89
2435.21
2435.53
2435.86
2436.18
2436.5
2436.82
2437.14
2437.46
2437.78
2438.1
2438.42
2438.74
2439.05
2439.37
2439.69
2440
2440.32
2440.63
2440.95
2441.26
2441.57
2441.89
2442.2
2442.51
2442.82
2443.13
2443.44
2443.75
2444.06
2444.37
2444.69
2445
iteracion: 1876
--- next_x
2314.01
2314.09
2314.16
2314.24
2314.32
2314.39
2314.47
2314.55
2314.62
2314.7
2314.77
2314.85
2314.92
2315
2315.07
2315.14
2315.22
2315.29
2315.36
2315.43
2315.51
2315.57
2315.65
2315.72
2315.78
2315.85
2315.92
2315.99
2316.06
2316.12
2316.19
2316.26
2316.33
2316.39
2316.46
2316.53
2316.59
2316.66
2316.72
2316.79
2316.86
2316.92
2316.98
2317.05
2317.11
2317.18
2317.24
2317.31
2317.38
2317.44
--- next_y
2429.31
2429.64
2429.97
2430.3
2430.63
2430.96
2431.29
2431.62
2431.95
2432.28
2432.61
2432.93
2433.26
2433.59
2433.91
2434.24
2434.56
2434.89
2435.21
2435.53
2435.86
2436.18
2436.5
2436.82
2437.14
2437.46
2437.78
2438.1
2438.42
2438.74
2439.05
2439.37
2439.69
2440
2440.32
2440.63
2440.95
2441.26
2441.57
2441.89
2442.2
2442.51
2442.82
2443.13
2443.44
2443.75
2444.06
2444.37
2444.68
2444.98
iteracion: 1876
--- next_x
2314.01
2314.09
2314.16
2314.24
2314.32
2314.39
2314.47
2314.55
2314.62
2314.7
2314.77
2314.85
2314.92
2315
2315.07
2315.14
2315.22
2315.29
2315.36
2315.43
2315.51
2315.57
2315.65
2315.72
2315.78
2315.85
2315.92
2315.99
2316.06
2316.12
2316.19
2316.26
2316.33
2316.39
2316.46
2316.53
2316.59
2316.66
2316.72
2316.79
2316.86
2316.92
2316.98
2317.05
2317.11
2317.18
2317.24
2317.3
2317.36
2317.41
--- next_y
2429.31
2429.64
2429.97
2430.3
2430.63
2430.96
2431.29
2431.62
2431.95
2432.28
2432.61
2432.93
2433.26
2433.59
2433.91
2434.24
2434.56
2434.89
2435.21
2435.53
2435.86
2436.18
2436.5
2436.82
2437.14
2437.46
2437.78
2438.1
2438.42
2438.74
2439.05
2439.37
2439.69
2440
2440.32
2440.63
2440.95
2441.26
2441.57
2441.89
2442.2
2442.51
2442.82
2443.13
2443.44
2443.75
2444.06
2444.37
2444.68
2444.99
