iteracion: 1056
--- next_x
2105.72
2105.8
2105.88
2105.95
2106.03
2106.11
2106.18
2106.26
2106.33
2106.41
2106.48
2106.55
2106.63
2106.7
2106.77
2106.84
2106.91
2106.98
2107.05
2107.12
2107.19
2107.26
2107.33
2107.39
2107.46
2107.53
2107.59
2107.66
2107.72
2107.79
2107.86
2107.92
2107.98
2108.05
2108.11
2108.17
2108.24
2108.3
2108.36
2108.42
2108.48
2108.54
2108.6
2108.66
2108.72
2108.78
2108.84
2108.9
2108.96
2109.02
--- next_y
1425.17
1425.51
1425.86
1426.21
1426.55
1426.9
1427.25
1427.59
1427.93
1428.28
1428.62
1428.96
1429.31
1429.65
1429.99
1430.33
1430.67
1431.01
1431.35
1431.69
1432.04
1432.37
1432.71
1433.05
1433.39
1433.73
1434.07
1434.4
1434.74
1435.08
1435.41
1435.75
1436.08
1436.42
1436.75
1437.08
1437.42
1437.75
1438.08
1438.41
1438.75
1439.08
1439.41
1439.74
1440.07
1440.4
1440.73
1441.06
1441.39
1441.72
iteracion: 1056
--- next_x
2105.72
2105.8
2105.88
2105.95
2106.03
2106.11
2106.18
2106.26
2106.33
2106.41
2106.48
2106.55
2106.63
2106.7
2106.77
2106.84
2106.91
2106.98
2107.05
2107.12
2107.19
2107.26
2107.33
2107.39
2107.46
2107.53
2107.59
2107.66
2107.72
2107.79
2107.86
2107.92
2107.98
2108.05
2108.11
2108.17
2108.24
2108.3
2108.36
2108.42
2108.48
2108.54
2108.6
2108.66
2108.72
2108.78
2108.84
2108.91
2108.97
2109.04
--- next_y
1425.17
1425.51
1425.86
1426.21
1426.55
1426.9
1427.25
1427.59
1427.93
1428.28
1428.62
1428.96
1429.31
1429.65
1429.99
1430.33
1430.67
1431.01
1431.35
1431.69
1432.04
1432.37
1432.71
1433.05
1433.39
1433.73
1434.07
1434.4
1434.74
1435.08
1435.41
1435.75
1436.08
1436.42
1436.75
1437.08
1437.42
1437.75
1438.08
1438.41
1438.75
1439.08
1439.41
1439.74
1440.07
1440.4
1440.73
1441.05
1441.38
1441.71
iteracion: 1056
--- next_x
2105.72
2105.8
2105.88
2105.95
2106.03
2106.11
2106.18
2106.26
2106.33
2106.41
2106.48
2106.55
2106.63
2106.7
2106.77
2106.84
2106.91
2106.98
2107.05
2107.12
2107.19
2107.26
2107.33
2107.39
2107.46
2107.53
2107.59
2107.66
2107.72
2107.79
2107.86
2107.92
2107.98
2108.05
2108.11
2108.17
2108.24
2108.3
2108.36
2108.42
2108.48
2108.54
2108.6
2108.66
2108.72
2108.78
2108.83
2108.89
2108.94
2108.99
--- next_y
1425.17
1425.51
1425.86
1426.21
1426.55
1426.9
1427.25
1427.59
1427.93
1428.28
1428.62
1428.96
1429.31
1429.65
1429.99
1430.33
1430.67
1431.01
1431.35
1431.69
1432.04
1432.37
1432.71
1433.05
1433.39
1433.73
1434.07
1434.4
1434.74
1435.08
1435.41
1435.75
1436.08
1436.42
1436.75
1437.08
1437.42
1437.75
1438.08
1438.41
1438.75
1439.08
1439.41
1439.74
1440.07
1440.4
1440.72
1441.05
1441.38
1441.71
