iteracion: 1858
--- next_x
2307.69
2307.79
2307.89
2307.99
2308.08
2308.18
2308.28
2308.37
2308.47
2308.56
2308.66
2308.75
2308.84
2308.94
2309.03
2309.12
2309.21
2309.31
2309.4
2309.49
2309.58
2309.68
2309.77
2309.86
2309.96
2310.05
2310.15
2310.24
2310.34
2310.43
2310.52
2310.61
2310.71
2310.8
2310.89
2310.98
2311.07
2311.16
2311.25
2311.34
2311.43
2311.52
2311.61
2311.69
2311.78
2311.87
2311.96
2312.04
2312.13
2312.22
--- next_y
2404.86
2405.2
2405.55
2405.9
2406.24
2406.59
2406.94
2407.28
2407.62
2407.97
2408.31
2408.66
2409
2409.34
2409.68
2410.02
2410.36
2410.7
2411.04
2411.39
2411.73
2412.08
2412.43
2412.78
2413.13
2413.48
2413.83
2414.19
2414.54
2414.89
2415.25
2415.6
2415.95
2416.3
2416.65
2417.01
2417.36
2417.71
2418.06
2418.41
2418.75
2419.1
2419.45
2419.8
2420.14
2420.49
2420.84
2421.19
2421.53
2421.88
iteracion: 1858
--- next_x
2307.69
2307.79
2307.89
2307.99
2308.08
2308.18
2308.28
2308.37
2308.47
2308.56
2308.66
2308.75
2308.84
2308.94
2309.03
2309.12
2309.21
2309.31
2309.4
2309.49
2309.58
2309.68
2309.77
2309.86
2309.96
2310.05
2310.15
2310.24
2310.34
2310.43
2310.52
2310.61
2310.71
2310.8
2310.89
2310.98
2311.07
2311.16
2311.25
2311.34
2311.43
2311.52
2311.61
2311.69
2311.78
2311.87
2311.96
2312.05
2312.14
2312.24
--- next_y
2404.86
2405.2
2405.55
2405.9
2406.24
2406.59
2406.94
2407.28
2407.62
2407.97
2408.31
2408.66
2409
2409.34
2409.68
2410.02
2410.36
2410.7
2411.04
2411.39
2411.73
2412.08
2412.43
2412.78
2413.13
2413.48
2413.83
2414.19
2414.54
2414.89
2415.25
2415.6
2415.95
2416.3
2416.65
2417.01
2417.36
2417.71
2418.06
2418.41
2418.75
2419.1
2419.45
2419.8
2420.14
2420.49
2420.84
2421.18
2421.52
2421.87
iteracion: 1858
--- next_x
2307.69
2307.79
2307.89
2307.99
2308.08
2308.18
2308.28
2308.37
2308.47
2308.56
2308.66
2308.75
2308.84
2308.94
2309.03
2309.12
2309.21
2309.31
2309.4
2309.49
2309.58
2309.68
2309.77
2309.86
2309.96
2310.05
2310.15
2310.24
2310.34
2310.43
2310.52
2310.61
2310.71
2310.8
2310.89
2310.98
2311.07
2311.16
2311.25
2311.34
2311.43
2311.52
2311.61
2311.69
2311.78
2311.87
2311.95
2312.03
2312.11
2312.19
--- next_y
2404.86
2405.2
2405.55
2405.9
2406.24
2406.59
2406.94
2407.28
2407.62
2407.97
2408.31
2408.66
2409
2409.34
2409.68
2410.02
2410.36
2410.7
2411.04
2411.39
2411.73
2412.08
2412.43
2412.78
2413.13
2413.48
2413.83
2414.19
2414.54
2414.89
2415.25
2415.6
2415.95
2416.3
2416.65
2417.01
2417.36
2417.71
2418.06
2418.41
2418.75
2419.1
2419.45
2419.8
2420.14
2420.49
2420.84
2421.18
2421.52
2421.87
