iteracion: 1295
--- next_x
2164.64
2164.69
2164.75
2164.8
2164.85
2164.9
2164.96
2165.01
2165.06
2165.11
2165.16
2165.21
2165.26
2165.31
2165.36
2165.41
2165.46
2165.51
2165.56
2165.61
2165.66
2165.71
2165.76
2165.81
2165.85
2165.9
2165.95
2166
2166.04
2166.09
2166.14
2166.18
2166.23
2166.28
2166.32
2166.37
2166.42
2166.46
2166.51
2166.56
2166.6
2166.65
2166.69
2166.74
2166.78
2166.83
2166.88
2166.92
2166.97
2167.01
--- next_y
1731.32
1731.6
1731.88
1732.15
1732.43
1732.7
1732.98
1733.25
1733.52
1733.8
1734.07
1734.34
1734.61
1734.88
1735.15
1735.42
1735.69
1735.95
1736.22
1736.49
1736.75
1737.02
1737.28
1737.55
1737.81
1738.07
1738.33
1738.6
1738.86
1739.12
1739.38
1739.63
1739.89
1740.15
1740.41
1740.67
1740.92
1741.18
1741.43
1741.69
1741.95
1742.2
1742.45
1742.71
1742.96
1743.21
1743.47
1743.72
1743.97
1744.23
iteracion: 1295
--- next_x
2164.64
2164.69
2164.75
2164.8
2164.85
2164.9
2164.96
2165.01
2165.06
2165.11
2165.16
2165.21
2165.26
2165.31
2165.36
2165.41
2165.46
2165.51
2165.56
2165.61
2165.66
2165.71
2165.76
2165.81
2165.85
2165.9
2165.95
2166
2166.04
2166.09
2166.14
2166.18
2166.23
2166.28
2166.32
2166.37
2166.42
2166.46
2166.51
2166.56
2166.6
2166.65
2166.69
2166.74
2166.78
2166.83
2166.88
2166.92
2166.97
2167.02
--- next_y
1731.32
1731.6
1731.88
1732.15
1732.43
1732.7
1732.98
1733.25
1733.52
1733.8
1734.07
1734.34
1734.61
1734.88
1735.15
1735.42
1735.69
1735.95
1736.22
1736.49
1736.75
1737.02
1737.28
1737.55
1737.81
1738.07
1738.33
1738.6
1738.86
1739.12
1739.38
1739.63
1739.89
1740.15
1740.41
1740.67
1740.92
1741.18
1741.43
1741.69
1741.95
1742.2
1742.45
1742.71
1742.96
1743.21
1743.47
1743.72
1743.97
1744.22
iteracion: 1295
--- next_x
2164.64
2164.69
2164.75
2164.8
2164.85
2164.9
2164.96
2165.01
2165.06
2165.11
2165.16
2165.21
2165.26
2165.31
2165.36
2165.41
2165.46
2165.51
2165.56
2165.61
2165.66
2165.71
2165.76
2165.81
2165.85
2165.9
2165.95
2166
2166.04
2166.09
2166.14
2166.18
2166.23
2166.28
2166.32
2166.37
2166.42
2166.46
2166.51
2166.56
2166.6
2166.65
2166.69
2166.74
2166.78
2166.83
2166.87
2166.92
2166.96
2167
--- next_y
1731.32
1731.6
1731.88
1732.15
1732.43
1732.7
1732.98
1733.25
1733.52
1733.8
1734.07
1734.34
1734.61
1734.88
1735.15
1735.42
1735.69
1735.95
1736.22
1736.49
1736.75
1737.02
1737.28
1737.55
1737.81
1738.07
1738.33
1738.6
1738.86
1739.12
1739.38
1739.63
1739.89
1740.15
1740.41
1740.67
1740.92
1741.18
1741.43
1741.69
1741.95
1742.2
1742.45
1742.71
1742.96
1743.21
1743.46
1743.72
1743.97
1744.22
