iteracion: 474
--- next_x
1523.39
1523.78
1524.17
1524.56
1524.95
1525.35
1525.74
1526.14
1526.53
1526.93
1527.33
1527.73
1528.13
1528.54
1528.94
1529.35
1529.75
1530.16
1530.57
1530.98
1531.39
1531.8
1532.21
1532.63
1533.04
1533.46
1533.87
1534.29
1534.71
1535.13
1535.56
1535.98
1536.4
1536.83
1537.26
1537.69
1538.12
1538.55
1538.99
1539.42
1539.86
1540.29
1540.73
1541.17
1541.61
1542.04
1542.48
1542.92
1543.36
1543.8
--- next_y
1161.8
1161.77
1161.73
1161.7
1161.67
1161.63
1161.6
1161.57
1161.53
1161.5
1161.47
1161.43
1161.4
1161.37
1161.33
1161.3
1161.27
1161.23
1161.2
1161.16
1161.13
1161.1
1161.06
1161.03
1160.99
1160.96
1160.92
1160.89
1160.85
1160.82
1160.78
1160.74
1160.7
1160.67
1160.63
1160.59
1160.56
1160.52
1160.48
1160.44
1160.4
1160.36
1160.32
1160.28
1160.24
1160.2
1160.16
1160.12
1160.08
1160.04
iteracion: 474
--- next_x
1523.39
1523.78
1524.17
1524.56
1524.95
1525.35
1525.74
1526.14
1526.53
1526.93
1527.33
1527.73
1528.13
1528.54
1528.94
1529.35
1529.75
1530.16
1530.57
1530.98
1531.39
1531.8
1532.21
1532.63
1533.04
1533.46
1533.87
1534.29
1534.71
1535.13
1535.56
1535.98
1536.4
1536.83
1537.26
1537.69
1538.12
1538.55
1538.99
1539.42
1539.86
1540.29
1540.73
1541.17
1541.61
1542.04
1542.48
1542.91
1543.34
1543.78
--- next_y
1161.8
1161.77
1161.73
1161.7
1161.67
1161.63
1161.6
1161.57
1161.53
1161.5
1161.47
1161.43
1161.4
1161.37
1161.33
1161.3
1161.27
1161.23
1161.2
1161.16
1161.13
1161.1
1161.06
1161.03
1160.99
1160.96
1160.92
1160.89
1160.85
1160.82
1160.78
1160.74
1160.7
1160.67
1160.63
1160.59
1160.56
1160.52
1160.48
1160.44
1160.4
1160.36
1160.32
1160.28
1160.24
1160.2
1160.16
1160.11
1160.06
1160.01
iteracion: 474
--- next_x
1523.39
1523.78
1524.17
1524.56
1524.95
1525.35
1525.74
1526.14
1526.53
1526.93
1527.33
1527.73
1528.13
1528.54
1528.94
1529.35
1529.75
1530.16
1530.57
1530.98
1531.39
1531.8
1532.21
1532.63
1533.04
1533.46
1533.87
1534.29
1534.71
1535.13
1535.56
1535.98
1536.4
1536.83
1537.26
1537.69
1538.12
1538.55
1538.99
1539.42
1539.86
1540.29
1540.73
1541.17
1541.61
1542.04
1542.48
1542.91
1543.34
1543.78
--- next_y
1161.8
1161.77
1161.73
1161.7
1161.67
1161.63
1161.6
1161.57
1161.53
1161.5
1161.47
1161.43
1161.4
1161.37
1161.33
1161.3
1161.27
1161.23
1161.2
1161.16
1161.13
1161.1
1161.06
1161.03
1160.99
1160.96
1160.92
1160.89
1160.85
1160.82
1160.78
1160.74
1160.7
1160.67
1160.63
1160.59
1160.56
1160.52
1160.48
1160.44
1160.4
1160.36
1160.32
1160.28
1160.24
1160.2
1160.17
1160.14
1160.11
1160.09
