iteracion: 1077
--- next_x
2111.65
2111.69
2111.74
2111.78
2111.82
2111.87
2111.91
2111.95
2112
2112.04
2112.08
2112.12
2112.17
2112.21
2112.25
2112.29
2112.33
2112.37
2112.41
2112.45
2112.49
2112.54
2112.58
2112.62
2112.66
2112.7
2112.74
2112.78
2112.82
2112.86
2112.9
2112.94
2112.98
2113.02
2113.06
2113.1
2113.14
2113.18
2113.22
2113.25
2113.29
2113.33
2113.37
2113.41
2113.44
2113.48
2113.52
2113.56
2113.6
2113.63
--- next_y
1458.18
1458.49
1458.8
1459.1
1459.4
1459.71
1460.01
1460.32
1460.62
1460.92
1461.22
1461.52
1461.82
1462.12
1462.42
1462.72
1463.02
1463.32
1463.61
1463.91
1464.21
1464.51
1464.8
1465.1
1465.39
1465.69
1465.98
1466.27
1466.57
1466.86
1467.15
1467.44
1467.73
1468.02
1468.31
1468.6
1468.89
1469.18
1469.47
1469.76
1470.04
1470.33
1470.62
1470.9
1471.19
1471.47
1471.76
1472.05
1472.33
1472.62
iteracion: 1077
--- next_x
2111.65
2111.69
2111.74
2111.78
2111.82
2111.87
2111.91
2111.95
2112
2112.04
2112.08
2112.12
2112.17
2112.21
2112.25
2112.29
2112.33
2112.37
2112.41
2112.45
2112.49
2112.54
2112.58
2112.62
2112.66
2112.7
2112.74
2112.78
2112.82
2112.86
2112.9
2112.94
2112.98
2113.02
2113.06
2113.1
2113.14
2113.18
2113.22
2113.25
2113.29
2113.33
2113.37
2113.41
2113.44
2113.48
2113.52
2113.56
2113.61
2113.65
--- next_y
1458.18
1458.49
1458.8
1459.1
1459.4
1459.71
1460.01
1460.32
1460.62
1460.92
1461.22
1461.52
1461.82
1462.12
1462.42
1462.72
1463.02
1463.32
1463.61
1463.91
1464.21
1464.51
1464.8
1465.1
1465.39
1465.69
1465.98
1466.27
1466.57
1466.86
1467.15
1467.44
1467.73
1468.02
1468.31
1468.6
1468.89
1469.18
1469.47
1469.76
1470.04
1470.33
1470.62
1470.9
1471.19
1471.47
1471.75
1472.04
1472.32
1472.6
iteracion: 1077
--- next_x
2111.65
2111.69
2111.74
2111.78
2111.82
2111.87
2111.91
2111.95
2112
2112.04
2112.08
2112.12
2112.17
2112.21
2112.25
2112.29
2112.33
2112.37
2112.41
2112.45
2112.49
2112.54
2112.58
2112.62
2112.66
2112.7
2112.74
2112.78
2112.82
2112.86
2112.9
2112.94
2112.98
2113.02
2113.06
2113.1
2113.14
2113.18
2113.22
2113.25
2113.29
2113.33
2113.37
2113.41
2113.44
2113.48
2113.52
2113.55
2113.58
2113.61
--- next_y
1458.18
1458.49
1458.8
1459.1
1459.4
1459.71
1460.01
1460.32
1460.62
1460.92
1461.22
1461.52
1461.82
1462.12
1462.42
1462.72
1463.02
1463.32
1463.61
1463.91
1464.21
1464.51
1464.8
1465.1
1465.39
1465.69
1465.98
1466.27
1466.57
1466.86
1467.15
1467.44
1467.73
1468.02
1468.31
1468.6
1468.89
1469.18
1469.47
1469.76
1470.04
1470.33
1470.62
1470.9
1471.19
1471.47
1471.76
1472.04
1472.33
1472.61
