iteracion: 1242
--- next_x
2148.3
2148.39
2148.49
2148.58
2148.68
2148.77
2148.86
2148.95
2149.05
2149.14
2149.23
2149.32
2149.42
2149.51
2149.6
2149.69
2149.79
2149.88
2149.97
2150.06
2150.16
2150.25
2150.34
2150.43
2150.53
2150.62
2150.71
2150.8
2150.89
2150.99
2151.08
2151.17
2151.26
2151.35
2151.44
2151.53
2151.62
2151.71
2151.8
2151.89
2151.98
2152.07
2152.16
2152.25
2152.34
2152.43
2152.53
2152.62
2152.71
2152.8
--- next_y
1661.17
1661.56
1661.95
1662.33
1662.72
1663.1
1663.48
1663.87
1664.25
1664.63
1665.02
1665.4
1665.78
1666.16
1666.54
1666.92
1667.3
1667.67
1668.05
1668.43
1668.81
1669.18
1669.56
1669.94
1670.31
1670.69
1671.06
1671.43
1671.81
1672.18
1672.56
1672.93
1673.3
1673.67
1674.04
1674.41
1674.78
1675.15
1675.52
1675.89
1676.26
1676.63
1676.99
1677.36
1677.73
1678.1
1678.46
1678.83
1679.2
1679.56
iteracion: 1242
--- next_x
2148.3
2148.39
2148.49
2148.58
2148.68
2148.77
2148.86
2148.95
2149.05
2149.14
2149.23
2149.32
2149.42
2149.51
2149.6
2149.69
2149.79
2149.88
2149.97
2150.06
2150.16
2150.25
2150.34
2150.43
2150.53
2150.62
2150.71
2150.8
2150.89
2150.99
2151.08
2151.17
2151.26
2151.35
2151.44
2151.53
2151.62
2151.71
2151.8
2151.89
2151.98
2152.07
2152.16
2152.25
2152.34
2152.44
2152.53
2152.63
2152.73
2152.83
--- next_y
1661.17
1661.56
1661.95
1662.33
1662.72
1663.1
1663.48
1663.87
1664.25
1664.63
1665.02
1665.4
1665.78
1666.16
1666.54
1666.92
1667.3
1667.67
1668.05
1668.43
1668.81
1669.18
1669.56
1669.94
1670.31
1670.69
1671.06
1671.43
1671.81
1672.18
1672.56
1672.93
1673.3
1673.67
1674.04
1674.41
1674.78
1675.15
1675.52
1675.89
1676.26
1676.63
1676.99
1677.36
1677.73
1678.09
1678.45
1678.82
1679.18
1679.54
iteracion: 1242
--- next_x
2148.3
2148.39
2148.49
2148.58
2148.68
2148.77
2148.86
2148.95
2149.05
2149.14
2149.23
2149.32
2149.42
2149.51
2149.6
2149.69
2149.79
2149.88
2149.97
2150.06
2150.16
2150.25
2150.34
2150.43
2150.53
2150.62
2150.71
2150.8
2150.89
2150.99
2151.08
2151.17
2151.26
2151.35
2151.44
2151.53
2151.62
2151.71
2151.8
2151.89
2151.98
2152.07
2152.16
2152.25
2152.34
2152.43
2152.52
2152.6
2152.68
2152.75
--- next_y
1661.17
1661.56
1661.95
1662.33
1662.72
1663.1
1663.48
1663.87
1664.25
1664.63
1665.02
1665.4
1665.78
1666.16
1666.54
1666.92
1667.3
1667.67
1668.05
1668.43
1668.81
1669.18
1669.56
1669.94
1670.31
1670.69
1671.06
1671.43
1671.81
1672.18
1672.56
1672.93
1673.3
1673.67
1674.04
1674.41
1674.78
1675.15
1675.52
1675.89
1676.26
1676.63
1676.99
1677.36
1677.73
1678.09
1678.46
1678.82
1679.19
1679.55
