iteracion: 585
--- next_x
1689.75
1690.03
1690.31
1690.58
1690.85
1691.12
1691.39
1691.66
1691.93
1692.2
1692.46
1692.73
1693
1693.26
1693.52
1693.79
1694.05
1694.31
1694.56
1694.82
1695.08
1695.34
1695.59
1695.84
1696.1
1696.35
1696.6
1696.84
1697.09
1697.34
1697.58
1697.82
1698.06
1698.3
1698.54
1698.78
1699.02
1699.26
1699.49
1699.72
1699.95
1700.19
1700.42
1700.64
1700.87
1701.1
1701.33
1701.56
1701.79
1702.02
--- next_y
1147.55
1147.53
1147.51
1147.48
1147.46
1147.44
1147.42
1147.4
1147.38
1147.36
1147.33
1147.31
1147.29
1147.27
1147.25
1147.23
1147.21
1147.19
1147.17
1147.15
1147.13
1147.11
1147.08
1147.06
1147.04
1147.02
1147
1146.98
1146.96
1146.94
1146.92
1146.9
1146.89
1146.87
1146.85
1146.83
1146.81
1146.79
1146.78
1146.76
1146.74
1146.72
1146.7
1146.69
1146.67
1146.65
1146.63
1146.62
1146.6
1146.58
iteracion: 585
--- next_x
1689.75
1690.03
1690.31
1690.58
1690.85
1691.12
1691.39
1691.66
1691.93
1692.2
1692.46
1692.73
1693
1693.26
1693.52
1693.79
1694.05
1694.31
1694.56
1694.82
1695.08
1695.34
1695.59
1695.84
1696.1
1696.35
1696.6
1696.84
1697.09
1697.34
1697.58
1697.82
1698.06
1698.3
1698.54
1698.78
1699.02
1699.26
1699.49
1699.72
1699.95
1700.19
1700.42
1700.64
1700.87
1701.1
1701.33
1701.56
1701.78
1702.01
--- next_y
1147.55
1147.53
1147.51
1147.48
1147.46
1147.44
1147.42
1147.4
1147.38
1147.36
1147.33
1147.31
1147.29
1147.27
1147.25
1147.23
1147.21
1147.19
1147.17
1147.15
1147.13
1147.11
1147.08
1147.06
1147.04
1147.02
1147
1146.98
1146.96
1146.94
1146.92
1146.9
1146.89
1146.87
1146.85
1146.83
1146.81
1146.79
1146.78
1146.76
1146.74
1146.72
1146.7
1146.69
1146.67
1146.65
1146.63
1146.61
1146.59
1146.57
iteracion: 585
--- next_x
1689.75
1690.03
1690.31
1690.58
1690.85
1691.12
1691.39
1691.66
1691.93
1692.2
1692.46
1692.73
1693
1693.26
1693.52
1693.79
1694.05
1694.31
1694.56
1694.82
1695.08
1695.34
1695.59
1695.84
1696.1
1696.35
1696.6
1696.84
1697.09
1697.34
1697.58
1697.82
1698.06
1698.3
1698.54
1698.78
1699.02
1699.26
1699.49
1699.72
1699.95
1700.19
1700.42
1700.64
1700.87
1701.1
1701.33
1701.56
1701.78
1702.01
--- next_y
1147.55
1147.53
1147.51
1147.48
1147.46
1147.44
1147.42
1147.4
1147.38
1147.36
1147.33
1147.31
1147.29
1147.27
1147.25
1147.23
1147.21
1147.19
1147.17
1147.15
1147.13
1147.11
1147.08
1147.06
1147.04
1147.02
1147
1146.98
1146.96
1146.94
1146.92
1146.9
1146.89
1146.87
1146.85
1146.83
1146.81
1146.79
1146.78
1146.76
1146.74
1146.72
1146.7
1146.69
1146.67
1146.65
1146.63
1146.62
1146.6
1146.59
