iteracion: 1655
--- next_x
2248.17
2248.26
2248.35
2248.44
2248.53
2248.61
2248.7
2248.79
2248.88
2248.97
2249.05
2249.14
2249.23
2249.31
2249.4
2249.48
2249.57
2249.66
2249.74
2249.82
2249.91
2249.99
2250.08
2250.16
2250.24
2250.33
2250.41
2250.49
2250.58
2250.66
2250.74
2250.82
2250.91
2250.99
2251.07
2251.15
2251.23
2251.31
2251.39
2251.47
2251.55
2251.64
2251.72
2251.79
2251.87
2251.95
2252.03
2252.11
2252.19
2252.27
--- next_y
2169.09
2169.49
2169.88
2170.27
2170.66
2171.05
2171.44
2171.83
2172.22
2172.61
2172.99
2173.38
2173.77
2174.15
2174.54
2174.92
2175.3
2175.69
2176.07
2176.45
2176.84
2177.22
2177.6
2177.98
2178.36
2178.74
2179.12
2179.49
2179.87
2180.25
2180.62
2181
2181.38
2181.75
2182.13
2182.5
2182.87
2183.25
2183.62
2183.99
2184.36
2184.73
2185.1
2185.47
2185.83
2186.2
2186.57
2186.94
2187.31
2187.68
iteracion: 1655
--- next_x
2248.17
2248.26
2248.35
2248.44
2248.53
2248.61
2248.7
2248.79
2248.88
2248.97
2249.05
2249.14
2249.23
2249.31
2249.4
2249.48
2249.57
2249.66
2249.74
2249.82
2249.91
2249.99
2250.08
2250.16
2250.24
2250.33
2250.41
2250.49
2250.58
2250.66
2250.74
2250.82
2250.91
2250.99
2251.07
2251.15
2251.23
2251.31
2251.39
2251.47
2251.55
2251.64
2251.72
2251.79
2251.87
2251.95
2252.03
2252.12
2252.2
2252.29
--- next_y
2169.09
2169.49
2169.88
2170.27
2170.66
2171.05
2171.44
2171.83
2172.22
2172.61
2172.99
2173.38
2173.77
2174.15
2174.54
2174.92
2175.3
2175.69
2176.07
2176.45
2176.84
2177.22
2177.6
2177.98
2178.36
2178.74
2179.12
2179.49
2179.87
2180.25
2180.62
2181
2181.38
2181.75
2182.13
2182.5
2182.87
2183.25
2183.62
2183.99
2184.36
2184.73
2185.1
2185.47
2185.83
2186.2
2186.57
2186.93
2187.29
2187.66
iteracion: 1655
--- next_x
2248.17
2248.26
2248.35
2248.44
2248.53
2248.61
2248.7
2248.79
2248.88
2248.97
2249.05
2249.14
2249.23
2249.31
2249.4
2249.48
2249.57
2249.66
2249.74
2249.82
2249.91
2249.99
2250.08
2250.16
2250.24
2250.33
2250.41
2250.49
2250.58
2250.66
2250.74
2250.82
2250.91
2250.99
2251.07
2251.15
2251.23
2251.31
2251.39
2251.47
2251.55
2251.64
2251.72
2251.79
2251.87
2251.95
2252.03
2252.1
2252.17
2252.24
--- next_y
2169.09
2169.49
2169.88
2170.27
2170.66
2171.05
2171.44
2171.83
2172.22
2172.61
2172.99
2173.38
2173.77
2174.15
2174.54
2174.92
2175.3
2175.69
2176.07
2176.45
2176.84
2177.22
2177.6
2177.98
2178.36
2178.74
2179.12
2179.49
2179.87
2180.25
2180.62
2181
2181.38
2181.75
2182.13
2182.5
2182.87
2183.25
2183.62
2183.99
2184.36
2184.73
2185.1
2185.47
2185.83
2186.2
2186.57
2186.93
2187.3
2187.66
