iteracion: 735
--- next_x
1866.43
1866.7
1866.96
1867.23
1867.49
1867.76
1868.02
1868.28
1868.54
1868.8
1869.06
1869.32
1869.58
1869.84
1870.1
1870.36
1870.61
1870.87
1871.12
1871.38
1871.63
1871.88
1872.13
1872.38
1872.64
1872.89
1873.13
1873.38
1873.63
1873.88
1874.13
1874.38
1874.62
1874.87
1875.11
1875.36
1875.6
1875.84
1876.09
1876.33
1876.57
1876.81
1877.05
1877.29
1877.52
1877.76
1878
1878.24
1878.47
1878.71
--- next_y
1144.9
1144.94
1144.98
1145.02
1145.06
1145.1
1145.14
1145.18
1145.22
1145.27
1145.31
1145.35
1145.39
1145.43
1145.47
1145.52
1145.56
1145.6
1145.64
1145.68
1145.73
1145.77
1145.81
1145.85
1145.89
1145.94
1145.98
1146.02
1146.06
1146.11
1146.15
1146.19
1146.23
1146.27
1146.32
1146.36
1146.4
1146.44
1146.48
1146.53
1146.57
1146.61
1146.65
1146.69
1146.73
1146.78
1146.82
1146.86
1146.9
1146.95
iteracion: 735
--- next_x
1866.43
1866.7
1866.96
1867.23
1867.49
1867.76
1868.02
1868.28
1868.54
1868.8
1869.06
1869.32
1869.58
1869.84
1870.1
1870.36
1870.61
1870.87
1871.12
1871.38
1871.63
1871.88
1872.13
1872.38
1872.64
1872.89
1873.13
1873.38
1873.63
1873.88
1874.13
1874.38
1874.62
1874.87
1875.11
1875.36
1875.6
1875.84
1876.09
1876.33
1876.57
1876.81
1877.05
1877.29
1877.52
1877.76
1878
1878.24
1878.47
1878.71
--- next_y
1144.9
1144.94
1144.98
1145.02
1145.06
1145.1
1145.14
1145.18
1145.22
1145.27
1145.31
1145.35
1145.39
1145.43
1145.47
1145.52
1145.56
1145.6
1145.64
1145.68
1145.73
1145.77
1145.81
1145.85
1145.89
1145.94
1145.98
1146.02
1146.06
1146.11
1146.15
1146.19
1146.23
1146.27
1146.32
1146.36
1146.4
1146.44
1146.48
1146.53
1146.57
1146.61
1146.65
1146.69
1146.73
1146.78
1146.82
1146.86
1146.9
1146.94
iteracion: 735
--- next_x
1866.43
1866.7
1866.96
1867.23
1867.49
1867.76
1868.02
1868.28
1868.54
1868.8
1869.06
1869.32
1869.58
1869.84
1870.1
1870.36
1870.61
1870.87
1871.12
1871.38
1871.63
1871.88
1872.13
1872.38
1872.64
1872.89
1873.13
1873.38
1873.63
1873.88
1874.13
1874.38
1874.62
1874.87
1875.11
1875.36
1875.6
1875.84
1876.09
1876.33
1876.57
1876.81
1877.05
1877.29
1877.52
1877.76
1878
1878.23
1878.47
1878.7
--- next_y
1144.9
1144.94
1144.98
1145.02
1145.06
1145.1
1145.14
1145.18
1145.22
1145.27
1145.31
1145.35
1145.39
1145.43
1145.47
1145.52
1145.56
1145.6
1145.64
1145.68
1145.73
1145.77
1145.81
1145.85
1145.89
1145.94
1145.98
1146.02
1146.06
1146.11
1146.15
1146.19
1146.23
1146.27
1146.32
1146.36
1146.4
1146.44
1146.48
1146.53
1146.57
1146.61
1146.65
1146.69
1146.73
1146.78
1146.82
1146.86
1146.9
1146.95
