iteracion: 1914
--- next_x
2323.06
2323.11
2323.16
2323.22
2323.27
2323.33
2323.38
2323.43
2323.49
2323.54
2323.6
2323.65
2323.71
2323.77
2323.82
2323.88
2323.93
2323.99
2324.05
2324.1
2324.16
2324.22
2324.27
2324.33
2324.39
2324.45
2324.51
2324.56
2324.62
2324.68
2324.74
2324.79
2324.85
2324.91
2324.97
2325.03
2325.08
2325.14
2325.2
2325.26
2325.31
2325.37
2325.43
2325.48
2325.54
2325.6
2325.65
2325.71
2325.77
2325.83
--- next_y
2474.25
2474.54
2474.83
2475.13
2475.43
2475.73
2476.03
2476.33
2476.64
2476.94
2477.24
2477.55
2477.86
2478.16
2478.47
2478.78
2479.1
2479.41
2479.73
2480.05
2480.37
2480.68
2481.01
2481.33
2481.65
2481.97
2482.29
2482.61
2482.93
2483.25
2483.57
2483.89
2484.21
2484.53
2484.84
2485.16
2485.47
2485.79
2486.1
2486.42
2486.73
2487.05
2487.36
2487.67
2487.98
2488.29
2488.6
2488.92
2489.23
2489.54
iteracion: 1914
--- next_x
2323.06
2323.11
2323.16
2323.22
2323.27
2323.33
2323.38
2323.43
2323.49
2323.54
2323.6
2323.65
2323.71
2323.77
2323.82
2323.88
2323.93
2323.99
2324.05
2324.1
2324.16
2324.22
2324.27
2324.33
2324.39
2324.45
2324.51
2324.56
2324.62
2324.68
2324.74
2324.79
2324.85
2324.91
2324.97
2325.03
2325.08
2325.14
2325.2
2325.26
2325.31
2325.37
2325.43
2325.48
2325.54
2325.6
2325.66
2325.71
2325.78
2325.84
--- next_y
2474.25
2474.54
2474.83
2475.13
2475.43
2475.73
2476.03
2476.33
2476.64
2476.94
2477.24
2477.55
2477.86
2478.16
2478.47
2478.78
2479.1
2479.41
2479.73
2480.05
2480.37
2480.68
2481.01
2481.33
2481.65
2481.97
2482.29
2482.61
2482.93
2483.25
2483.57
2483.89
2484.21
2484.53
2484.84
2485.16
2485.47
2485.79
2486.1
2486.42
2486.73
2487.05
2487.36
2487.67
2487.98
2488.29
2488.6
2488.91
2489.22
2489.53
iteracion: 1914
--- next_x
2323.06
2323.11
2323.16
2323.22
2323.27
2323.33
2323.38
2323.43
2323.49
2323.54
2323.6
2323.65
2323.71
2323.77
2323.82
2323.88
2323.93
2323.99
2324.05
2324.1
2324.16
2324.22
2324.27
2324.33
2324.39
2324.45
2324.51
2324.56
2324.62
2324.68
2324.74
2324.79
2324.85
2324.91
2324.97
2325.03
2325.08
2325.14
2325.2
2325.26
2325.31
2325.37
2325.43
2325.48
2325.54
2325.6
2325.65
2325.71
2325.76
2325.81
--- next_y
2474.25
2474.54
2474.83
2475.13
2475.43
2475.73
2476.03
2476.33
2476.64
2476.94
2477.24
2477.55
2477.86
2478.16
2478.47
2478.78
2479.1
2479.41
2479.73
2480.05
2480.37
2480.68
2481.01
2481.33
2481.65
2481.97
2482.29
2482.61
2482.93
2483.25
2483.57
2483.89
2484.21
2484.53
2484.84
2485.16
2485.47
2485.79
2486.1
2486.42
2486.73
2487.05
2487.36
2487.67
2487.98
2488.29
2488.6
2488.91
2489.22
2489.53
