iteracion: 756
--- next_x
1886.32
1886.54
1886.75
1886.96
1887.17
1887.38
1887.6
1887.81
1888.02
1888.22
1888.43
1888.64
1888.85
1889.06
1889.26
1889.47
1889.67
1889.88
1890.08
1890.29
1890.49
1890.69
1890.9
1891.1
1891.3
1891.5
1891.7
1891.9
1892.1
1892.3
1892.5
1892.69
1892.89
1893.09
1893.28
1893.47
1893.67
1893.86
1894.05
1894.24
1894.44
1894.63
1894.82
1895.01
1895.19
1895.38
1895.57
1895.76
1895.95
1896.14
--- next_y
1148.42
1148.46
1148.51
1148.55
1148.59
1148.64
1148.68
1148.73
1148.77
1148.82
1148.86
1148.91
1148.95
1148.99
1149.04
1149.08
1149.12
1149.16
1149.21
1149.25
1149.29
1149.34
1149.38
1149.42
1149.46
1149.51
1149.55
1149.59
1149.63
1149.68
1149.72
1149.76
1149.8
1149.85
1149.89
1149.93
1149.97
1150.02
1150.06
1150.1
1150.14
1150.19
1150.23
1150.27
1150.32
1150.36
1150.4
1150.44
1150.49
1150.53
iteracion: 756
--- next_x
1886.32
1886.54
1886.75
1886.96
1887.17
1887.38
1887.6
1887.81
1888.02
1888.22
1888.43
1888.64
1888.85
1889.06
1889.26
1889.47
1889.67
1889.88
1890.08
1890.29
1890.49
1890.69
1890.9
1891.1
1891.3
1891.5
1891.7
1891.9
1892.1
1892.3
1892.5
1892.69
1892.89
1893.09
1893.28
1893.47
1893.67
1893.86
1894.05
1894.24
1894.44
1894.63
1894.82
1895.01
1895.19
1895.38
1895.57
1895.76
1895.95
1896.14
--- next_y
1148.42
1148.46
1148.51
1148.55
1148.59
1148.64
1148.68
1148.73
1148.77
1148.82
1148.86
1148.91
1148.95
1148.99
1149.04
1149.08
1149.12
1149.16
1149.21
1149.25
1149.29
1149.34
1149.38
1149.42
1149.46
1149.51
1149.55
1149.59
1149.63
1149.68
1149.72
1149.76
1149.8
1149.85
1149.89
1149.93
1149.97
1150.02
1150.06
1150.1
1150.14
1150.19
1150.23
1150.27
1150.32
1150.36
1150.4
1150.44
1150.48
1150.53
iteracion: 756
--- next_x
1886.32
1886.54
1886.75
1886.96
1887.17
1887.38
1887.6
1887.81
1888.02
1888.22
1888.43
1888.64
1888.85
1889.06
1889.26
1889.47
1889.67
1889.88
1890.08
1890.29
1890.49
1890.69
1890.9
1891.1
1891.3
1891.5
1891.7
1891.9
1892.1
1892.3
1892.5
1892.69
1892.89
1893.09
1893.28
1893.47
1893.67
1893.86
1894.05
1894.24
1894.44
1894.63
1894.82
1895.01
1895.19
1895.38
1895.57
1895.76
1895.95
1896.13
--- next_y
1148.42
1148.46
1148.51
1148.55
1148.59
1148.64
1148.68
1148.73
1148.77
1148.82
1148.86
1148.91
1148.95
1148.99
1149.04
1149.08
1149.12
1149.16
1149.21
1149.25
1149.29
1149.34
1149.38
1149.42
1149.46
1149.51
1149.55
1149.59
1149.63
1149.68
1149.72
1149.76
1149.8
1149.85
1149.89
1149.93
1149.97
1150.02
1150.06
1150.1
1150.14
1150.19
1150.23
1150.27
1150.32
1150.36
1150.4
1150.44
1150.49
1150.53
