iteracion: 1026
--- next_x
2092.06
2092.18
2092.3
2092.42
2092.55
2092.67
2092.79
2092.91
2093.03
2093.15
2093.27
2093.39
2093.51
2093.64
2093.76
2093.88
2093.99
2094.11
2094.23
2094.35
2094.47
2094.59
2094.71
2094.83
2094.95
2095.06
2095.18
2095.3
2095.41
2095.53
2095.64
2095.76
2095.88
2095.99
2096.11
2096.22
2096.34
2096.45
2096.57
2096.68
2096.79
2096.91
2097.02
2097.13
2097.25
2097.36
2097.48
2097.59
2097.7
2097.82
--- next_y
1376.93
1377.34
1377.74
1378.15
1378.56
1378.97
1379.38
1379.79
1380.2
1380.6
1381.01
1381.42
1381.82
1382.23
1382.63
1383.04
1383.44
1383.84
1384.25
1384.65
1385.05
1385.45
1385.86
1386.26
1386.65
1387.05
1387.45
1387.85
1388.25
1388.64
1389.04
1389.43
1389.83
1390.22
1390.62
1391.01
1391.4
1391.79
1392.18
1392.57
1392.96
1393.35
1393.74
1394.13
1394.52
1394.91
1395.29
1395.68
1396.07
1396.46
iteracion: 1026
--- next_x
2092.06
2092.18
2092.3
2092.42
2092.55
2092.67
2092.79
2092.91
2093.03
2093.15
2093.27
2093.39
2093.51
2093.64
2093.76
2093.88
2093.99
2094.11
2094.23
2094.35
2094.47
2094.59
2094.71
2094.83
2094.95
2095.06
2095.18
2095.3
2095.41
2095.53
2095.64
2095.76
2095.88
2095.99
2096.11
2096.22
2096.34
2096.45
2096.57
2096.68
2096.79
2096.91
2097.02
2097.13
2097.25
2097.36
2097.48
2097.61
2097.73
2097.86
--- next_y
1376.93
1377.34
1377.74
1378.15
1378.56
1378.97
1379.38
1379.79
1380.2
1380.6
1381.01
1381.42
1381.82
1382.23
1382.63
1383.04
1383.44
1383.84
1384.25
1384.65
1385.05
1385.45
1385.86
1386.26
1386.65
1387.05
1387.45
1387.85
1388.25
1388.64
1389.04
1389.43
1389.83
1390.22
1390.62
1391.01
1391.4
1391.79
1392.18
1392.57
1392.96
1393.35
1393.74
1394.13
1394.52
1394.9
1395.28
1395.67
1396.05
1396.43
iteracion: 1026
--- next_x
2092.06
2092.18
2092.3
2092.42
2092.55
2092.67
2092.79
2092.91
2093.03
2093.15
2093.27
2093.39
2093.51
2093.64
2093.76
2093.88
2093.99
2094.11
2094.23
2094.35
2094.47
2094.59
2094.71
2094.83
2094.95
2095.06
2095.18
2095.3
2095.41
2095.53
2095.64
2095.76
2095.88
2095.99
2096.11
2096.22
2096.34
2096.45
2096.57
2096.68
2096.79
2096.91
2097.02
2097.13
2097.25
2097.36
2097.46
2097.57
2097.67
2097.76
--- next_y
1376.93
1377.34
1377.74
1378.15
1378.56
1378.97
1379.38
1379.79
1380.2
1380.6
1381.01
1381.42
1381.82
1382.23
1382.63
1383.04
1383.44
1383.84
1384.25
1384.65
1385.05
1385.45
1385.86
1386.26
1386.65
1387.05
1387.45
1387.85
1388.25
1388.64
1389.04
1389.43
1389.83
1390.22
1390.62
1391.01
1391.4
1391.79
1392.18
1392.57
1392.96
1393.35
1393.74
1394.13
1394.52
1394.9
1395.29
1395.67
1396.06
1396.45
