iteracion: 1249
--- next_x
2151.08
2151.17
2151.26
2151.35
2151.44
2151.53
2151.62
2151.71
2151.8
2151.89
2151.98
2152.07
2152.16
2152.25
2152.34
2152.43
2152.53
2152.61
2152.71
2152.8
2152.89
2152.97
2153.07
2153.15
2153.24
2153.33
2153.42
2153.51
2153.6
2153.69
2153.77
2153.86
2153.95
2154.04
2154.12
2154.21
2154.3
2154.39
2154.47
2154.56
2154.65
2154.74
2154.82
2154.91
2155
2155.09
2155.17
2155.26
2155.35
2155.43
--- next_y
1672.56
1672.93
1673.3
1673.67
1674.04
1674.41
1674.78
1675.15
1675.52
1675.89
1676.26
1676.63
1676.99
1677.36
1677.73
1678.09
1678.46
1678.82
1679.19
1679.55
1679.91
1680.28
1680.64
1681
1681.36
1681.72
1682.08
1682.44
1682.8
1683.16
1683.52
1683.88
1684.23
1684.59
1684.94
1685.3
1685.66
1686.01
1686.36
1686.72
1687.07
1687.42
1687.78
1688.13
1688.48
1688.83
1689.18
1689.53
1689.88
1690.23
iteracion: 1249
--- next_x
2151.08
2151.17
2151.26
2151.35
2151.44
2151.53
2151.62
2151.71
2151.8
2151.89
2151.98
2152.07
2152.16
2152.25
2152.34
2152.43
2152.53
2152.61
2152.71
2152.8
2152.89
2152.97
2153.07
2153.15
2153.24
2153.33
2153.42
2153.51
2153.6
2153.69
2153.77
2153.86
2153.95
2154.04
2154.12
2154.21
2154.3
2154.39
2154.47
2154.56
2154.65
2154.74
2154.82
2154.91
2155
2155.09
2155.18
2155.27
2155.37
2155.46
--- next_y
1672.56
1672.93
1673.3
1673.67
1674.04
1674.41
1674.78
1675.15
1675.52
1675.89
1676.26
1676.63
1676.99
1677.36
1677.73
1678.09
1678.46
1678.82
1679.19
1679.55
1679.91
1680.28
1680.64
1681
1681.36
1681.72
1682.08
1682.44
1682.8
1683.16
1683.52
1683.88
1684.23
1684.59
1684.94
1685.3
1685.66
1686.01
1686.36
1686.72
1687.07
1687.42
1687.78
1688.13
1688.48
1688.82
1689.17
1689.52
1689.87
1690.21
iteracion: 1249
--- next_x
2151.08
2151.17
2151.26
2151.35
2151.44
2151.53
2151.62
2151.71
2151.8
2151.89
2151.98
2152.07
2152.16
2152.25
2152.34
2152.43
2152.53
2152.61
2152.71
2152.8
2152.89
2152.97
2153.07
2153.15
2153.24
2153.33
2153.42
2153.51
2153.6
2153.69
2153.77
2153.86
2153.95
2154.04
2154.12
2154.21
2154.3
2154.39
2154.47
2154.56
2154.65
2154.74
2154.82
2154.91
2155
2155.08
2155.16
2155.24
2155.32
2155.39
--- next_y
1672.56
1672.93
1673.3
1673.67
1674.04
1674.41
1674.78
1675.15
1675.52
1675.89
1676.26
1676.63
1676.99
1677.36
1677.73
1678.09
1678.46
1678.82
1679.19
1679.55
1679.91
1680.28
1680.64
1681
1681.36
1681.72
1682.08
1682.44
1682.8
1683.16
1683.52
1683.88
1684.23
1684.59
1684.94
1685.3
1685.66
1686.01
1686.36
1686.72
1687.07
1687.42
1687.78
1688.13
1688.48
1688.82
1689.17
1689.52
1689.87
1690.22
