iteracion: 1017
--- next_x
2087.8
2087.93
2088.05
2088.18
2088.3
2088.43
2088.55
2088.68
2088.8
2088.93
2089.05
2089.18
2089.31
2089.43
2089.56
2089.69
2089.81
2089.94
2090.07
2090.19
2090.32
2090.45
2090.57
2090.7
2090.82
2090.94
2091.07
2091.19
2091.32
2091.44
2091.56
2091.69
2091.81
2091.93
2092.06
2092.18
2092.3
2092.42
2092.55
2092.67
2092.79
2092.91
2093.03
2093.15
2093.27
2093.4
2093.52
2093.64
2093.76
2093.88
--- next_y
1362.81
1363.21
1363.62
1364.03
1364.44
1364.84
1365.26
1365.67
1366.08
1366.49
1366.91
1367.33
1367.75
1368.16
1368.59
1369.01
1369.43
1369.85
1370.27
1370.69
1371.11
1371.53
1371.95
1372.37
1372.79
1373.2
1373.62
1374.04
1374.45
1374.86
1375.28
1375.69
1376.1
1376.51
1376.93
1377.34
1377.74
1378.15
1378.56
1378.97
1379.38
1379.79
1380.2
1380.6
1381.01
1381.42
1381.83
1382.23
1382.64
1383.05
iteracion: 1017
--- next_x
2087.8
2087.93
2088.05
2088.18
2088.3
2088.43
2088.55
2088.68
2088.8
2088.93
2089.05
2089.18
2089.31
2089.43
2089.56
2089.69
2089.81
2089.94
2090.07
2090.19
2090.32
2090.45
2090.57
2090.7
2090.82
2090.94
2091.07
2091.19
2091.32
2091.44
2091.56
2091.69
2091.81
2091.93
2092.06
2092.18
2092.3
2092.42
2092.55
2092.67
2092.79
2092.91
2093.03
2093.15
2093.27
2093.4
2093.52
2093.66
2093.79
2093.93
--- next_y
1362.81
1363.21
1363.62
1364.03
1364.44
1364.84
1365.26
1365.67
1366.08
1366.49
1366.91
1367.33
1367.75
1368.16
1368.59
1369.01
1369.43
1369.85
1370.27
1370.69
1371.11
1371.53
1371.95
1372.37
1372.79
1373.2
1373.62
1374.04
1374.45
1374.86
1375.28
1375.69
1376.1
1376.51
1376.93
1377.34
1377.74
1378.15
1378.56
1378.97
1379.38
1379.79
1380.2
1380.6
1381.01
1381.41
1381.81
1382.21
1382.61
1383.01
iteracion: 1017
--- next_x
2087.8
2087.93
2088.05
2088.18
2088.3
2088.43
2088.55
2088.68
2088.8
2088.93
2089.05
2089.18
2089.31
2089.43
2089.56
2089.69
2089.81
2089.94
2090.07
2090.19
2090.32
2090.45
2090.57
2090.7
2090.82
2090.94
2091.07
2091.19
2091.32
2091.44
2091.56
2091.69
2091.81
2091.93
2092.06
2092.18
2092.3
2092.42
2092.55
2092.67
2092.79
2092.91
2093.03
2093.15
2093.27
2093.39
2093.5
2093.61
2093.72
2093.82
--- next_y
1362.81
1363.21
1363.62
1364.03
1364.44
1364.84
1365.26
1365.67
1366.08
1366.49
1366.91
1367.33
1367.75
1368.16
1368.59
1369.01
1369.43
1369.85
1370.27
1370.69
1371.11
1371.53
1371.95
1372.37
1372.79
1373.2
1373.62
1374.04
1374.45
1374.86
1375.28
1375.69
1376.1
1376.51
1376.93
1377.34
1377.74
1378.15
1378.56
1378.97
1379.38
1379.79
1380.2
1380.6
1381.01
1381.41
1381.82
1382.22
1382.63
1383.04
