iteracion: 860
--- next_x
1997.49
1997.83
1998.18
1998.52
1998.86
1999.19
1999.53
1999.87
2000.2
2000.54
2000.87
2001.2
2001.53
2001.85
2002.18
2002.51
2002.83
2003.15
2003.47
2003.79
2004.11
2004.43
2004.74
2005.06
2005.37
2005.68
2005.99
2006.3
2006.61
2006.92
2007.23
2007.53
2007.84
2008.14
2008.44
2008.74
2009.04
2009.34
2009.64
2009.94
2010.23
2010.53
2010.82
2011.12
2011.41
2011.7
2011.99
2012.28
2012.57
2012.86
--- next_y
1193.62
1193.9
1194.18
1194.46
1194.74
1195.02
1195.3
1195.58
1195.86
1196.14
1196.42
1196.71
1196.99
1197.27
1197.56
1197.85
1198.13
1198.42
1198.71
1199
1199.29
1199.58
1199.87
1200.16
1200.45
1200.74
1201.04
1201.33
1201.62
1201.92
1202.21
1202.51
1202.8
1203.09
1203.39
1203.68
1203.98
1204.27
1204.57
1204.86
1205.15
1205.45
1205.74
1206.04
1206.33
1206.63
1206.93
1207.22
1207.52
1207.82
iteracion: 860
--- next_x
1997.49
1997.83
1998.18
1998.52
1998.86
1999.19
1999.53
1999.87
2000.2
2000.54
2000.87
2001.2
2001.53
2001.85
2002.18
2002.51
2002.83
2003.15
2003.47
2003.79
2004.11
2004.43
2004.74
2005.06
2005.37
2005.68
2005.99
2006.3
2006.61
2006.92
2007.23
2007.53
2007.84
2008.14
2008.44
2008.74
2009.04
2009.34
2009.64
2009.94
2010.23
2010.53
2010.82
2011.12
2011.41
2011.7
2012
2012.3
2012.6
2012.9
--- next_y
1193.62
1193.9
1194.18
1194.46
1194.74
1195.02
1195.3
1195.58
1195.86
1196.14
1196.42
1196.71
1196.99
1197.27
1197.56
1197.85
1198.13
1198.42
1198.71
1199
1199.29
1199.58
1199.87
1200.16
1200.45
1200.74
1201.04
1201.33
1201.62
1201.92
1202.21
1202.51
1202.8
1203.09
1203.39
1203.68
1203.98
1204.27
1204.57
1204.86
1205.15
1205.45
1205.74
1206.04
1206.33
1206.63
1206.92
1207.21
1207.5
1207.79
iteracion: 860
--- next_x
1997.49
1997.83
1998.18
1998.52
1998.86
1999.19
1999.53
1999.87
2000.2
2000.54
2000.87
2001.2
2001.53
2001.85
2002.18
2002.51
2002.83
2003.15
2003.47
2003.79
2004.11
2004.43
2004.74
2005.06
2005.37
2005.68
2005.99
2006.3
2006.61
2006.92
2007.23
2007.53
2007.84
2008.14
2008.44
2008.74
2009.04
2009.34
2009.64
2009.94
2010.23
2010.53
2010.82
2011.12
2011.41
2011.69
2011.97
2012.25
2012.52
2012.79
--- next_y
1193.62
1193.9
1194.18
1194.46
1194.74
1195.02
1195.3
1195.58
1195.86
1196.14
1196.42
1196.71
1196.99
1197.27
1197.56
1197.85
1198.13
1198.42
1198.71
1199
1199.29
1199.58
1199.87
1200.16
1200.45
1200.74
1201.04
1201.33
1201.62
1201.92
1202.21
1202.51
1202.8
1203.09
1203.39
1203.68
1203.98
1204.27
1204.57
1204.86
1205.15
1205.45
1205.74
1206.04
1206.33
1206.63
1206.92
1207.22
1207.52
1207.82
