iteracion: 2043
--- next_x
2337.93
2337.93
2337.93
2337.93
2337.94
2337.94
2337.94
2337.94
2337.94
2337.94
2337.94
2337.94
2337.94
2337.95
2337.95
2337.95
2337.95
2337.95
2337.95
2337.95
2337.96
2337.96
2337.96
2337.97
2337.97
2337.97
2337.98
2337.98
2337.99
2337.99
2337.99
2338
2338
2338.01
2338.01
2338.02
2338.02
2338.03
2338.03
2338.04
2338.05
2338.05
2338.06
2338.07
2338.07
2338.08
2338.09
2338.09
2338.1
2338.11
--- next_y
2629.11
2629.51
2629.9
2630.3
2630.7
2631.1
2631.5
2631.9
2632.3
2632.71
2633.11
2633.52
2633.92
2634.34
2634.75
2635.16
2635.57
2635.98
2636.4
2636.81
2637.23
2637.64
2638.06
2638.47
2638.88
2639.3
2639.71
2640.12
2640.53
2640.94
2641.35
2641.76
2642.17
2642.58
2642.98
2643.39
2643.8
2644.2
2644.61
2645.01
2645.41
2645.82
2646.22
2646.62
2647.03
2647.43
2647.83
2648.23
2648.63
2649.04
iteracion: 2043
--- next_x
2337.93
2337.93
2337.93
2337.93
2337.94
2337.94
2337.94
2337.94
2337.94
2337.94
2337.94
2337.94
2337.94
2337.95
2337.95
2337.95
2337.95
2337.95
2337.95
2337.95
2337.96
2337.96
2337.96
2337.97
2337.97
2337.97
2337.98
2337.98
2337.99
2337.99
2337.99
2338
2338
2338.01
2338.01
2338.02
2338.02
2338.03
2338.03
2338.04
2338.05
2338.05
2338.06
2338.07
2338.07
2338.08
2338.09
2338.1
2338.12
2338.14
--- next_y
2629.11
2629.51
2629.9
2630.3
2630.7
2631.1
2631.5
2631.9
2632.3
2632.71
2633.11
2633.52
2633.92
2634.34
2634.75
2635.16
2635.57
2635.98
2636.4
2636.81
2637.23
2637.64
2638.06
2638.47
2638.88
2639.3
2639.71
2640.12
2640.53
2640.94
2641.35
2641.76
2642.17
2642.58
2642.98
2643.39
2643.8
2644.2
2644.61
2645.01
2645.41
2645.82
2646.22
2646.62
2647.03
2647.43
2647.83
2648.22
2648.62
2649.02
iteracion: 2043
--- next_x
2337.93
2337.93
2337.93
2337.93
2337.94
2337.94
2337.94
2337.94
2337.94
2337.94
2337.94
2337.94
2337.94
2337.95
2337.95
2337.95
2337.95
2337.95
2337.95
2337.95
2337.96
2337.96
2337.96
2337.97
2337.97
2337.97
2337.98
2337.98
2337.99
2337.99
2337.99
2338
2338
2338.01
2338.01
2338.02
2338.02
2338.03
2338.03
2338.04
2338.05
2338.05
2338.06
2338.07
2338.07
2338.08
2338.08
2338.08
2338.08
2338.08
--- next_y
2629.11
2629.51
2629.9
2630.3
2630.7
2631.1
2631.5
2631.9
2632.3
2632.71
2633.11
2633.52
2633.92
2634.34
2634.75
2635.16
2635.57
2635.98
2636.4
2636.81
2637.23
2637.64
2638.06
2638.47
2638.88
2639.3
2639.71
2640.12
2640.53
2640.94
2641.35
2641.76
2642.17
2642.58
2642.98
2643.39
2643.8
2644.2
2644.61
2645.01
2645.41
2645.82
2646.22
2646.62
2647.03
2647.43
2647.83
2648.22
2648.62
2649.02
