iteracion: 1530
--- next_x
2207.92
2208
2208.08
2208.16
2208.25
2208.33
2208.41
2208.49
2208.58
2208.66
2208.74
2208.82
2208.91
2208.99
2209.07
2209.16
2209.24
2209.32
2209.4
2209.48
2209.56
2209.64
2209.72
2209.8
2209.88
2209.96
2210.04
2210.12
2210.2
2210.28
2210.36
2210.43
2210.51
2210.59
2210.67
2210.75
2210.83
2210.91
2210.99
2211.07
2211.15
2211.23
2211.31
2211.39
2211.47
2211.55
2211.63
2211.71
2211.79
2211.87
--- next_y
2009.92
2010.36
2010.8
2011.24
2011.68
2012.11
2012.55
2012.99
2013.43
2013.87
2014.31
2014.74
2015.18
2015.62
2016.06
2016.5
2016.93
2017.37
2017.81
2018.25
2018.69
2019.12
2019.56
2019.99
2020.43
2020.86
2021.3
2021.73
2022.16
2022.6
2023.03
2023.46
2023.89
2024.32
2024.75
2025.18
2025.6
2026.03
2026.46
2026.89
2027.31
2027.74
2028.16
2028.59
2029.01
2029.44
2029.86
2030.29
2030.71
2031.13
iteracion: 1530
--- next_x
2207.92
2208
2208.08
2208.16
2208.25
2208.33
2208.41
2208.49
2208.58
2208.66
2208.74
2208.82
2208.91
2208.99
2209.07
2209.16
2209.24
2209.32
2209.4
2209.48
2209.56
2209.64
2209.72
2209.8
2209.88
2209.96
2210.04
2210.12
2210.2
2210.28
2210.36
2210.43
2210.51
2210.59
2210.67
2210.75
2210.83
2210.91
2210.99
2211.07
2211.15
2211.23
2211.31
2211.39
2211.47
2211.55
2211.64
2211.73
2211.82
2211.93
--- next_y
2009.92
2010.36
2010.8
2011.24
2011.68
2012.11
2012.55
2012.99
2013.43
2013.87
2014.31
2014.74
2015.18
2015.62
2016.06
2016.5
2016.93
2017.37
2017.81
2018.25
2018.69
2019.12
2019.56
2019.99
2020.43
2020.86
2021.3
2021.73
2022.16
2022.6
2023.03
2023.46
2023.89
2024.32
2024.75
2025.18
2025.6
2026.03
2026.46
2026.89
2027.31
2027.74
2028.16
2028.59
2029.01
2029.43
2029.85
2030.26
2030.68
2031.09
iteracion: 1530
--- next_x
2207.92
2208
2208.08
2208.16
2208.25
2208.33
2208.41
2208.49
2208.58
2208.66
2208.74
2208.82
2208.91
2208.99
2209.07
2209.16
2209.24
2209.32
2209.4
2209.48
2209.56
2209.64
2209.72
2209.8
2209.88
2209.96
2210.04
2210.12
2210.2
2210.28
2210.36
2210.43
2210.51
2210.59
2210.67
2210.75
2210.83
2210.91
2210.99
2211.07
2211.15
2211.23
2211.31
2211.39
2211.47
2211.54
2211.61
2211.68
2211.74
2211.8
--- next_y
2009.92
2010.36
2010.8
2011.24
2011.68
2012.11
2012.55
2012.99
2013.43
2013.87
2014.31
2014.74
2015.18
2015.62
2016.06
2016.5
2016.93
2017.37
2017.81
2018.25
2018.69
2019.12
2019.56
2019.99
2020.43
2020.86
2021.3
2021.73
2022.16
2022.6
2023.03
2023.46
2023.89
2024.32
2024.75
2025.18
2025.6
2026.03
2026.46
2026.89
2027.31
2027.74
2028.16
2028.59
2029.01
2029.43
2029.86
2030.28
2030.7
2031.13
