iteracion: 448
--- next_x
1500.12
1500.51
1500.9
1501.3
1501.7
1502.1
1502.49
1502.9
1503.3
1503.7
1504.11
1504.52
1504.92
1505.33
1505.74
1506.16
1506.57
1506.99
1507.4
1507.82
1508.24
1508.66
1509.08
1509.51
1509.93
1510.36
1510.79
1511.22
1511.65
1512.08
1512.51
1512.95
1513.39
1513.83
1514.27
1514.71
1515.15
1515.59
1516.04
1516.48
1516.92
1517.36
1517.8
1518.23
1518.67
1519.11
1519.55
1519.98
1520.42
1520.86
--- next_y
1163.85
1163.81
1163.77
1163.73
1163.69
1163.65
1163.61
1163.57
1163.53
1163.49
1163.45
1163.41
1163.37
1163.33
1163.29
1163.25
1163.21
1163.17
1163.13
1163.09
1163.05
1163.01
1162.97
1162.93
1162.89
1162.85
1162.81
1162.77
1162.73
1162.69
1162.65
1162.62
1162.58
1162.54
1162.5
1162.46
1162.42
1162.38
1162.34
1162.31
1162.27
1162.23
1162.19
1162.15
1162.12
1162.08
1162.04
1162.01
1161.97
1161.93
iteracion: 448
--- next_x
1500.12
1500.51
1500.9
1501.3
1501.7
1502.1
1502.49
1502.9
1503.3
1503.7
1504.11
1504.52
1504.92
1505.33
1505.74
1506.16
1506.57
1506.99
1507.4
1507.82
1508.24
1508.66
1509.08
1509.51
1509.93
1510.36
1510.79
1511.22
1511.65
1512.08
1512.51
1512.95
1513.39
1513.83
1514.27
1514.71
1515.15
1515.59
1516.04
1516.48
1516.92
1517.36
1517.8
1518.23
1518.67
1519.11
1519.54
1519.97
1520.41
1520.84
--- next_y
1163.85
1163.81
1163.77
1163.73
1163.69
1163.65
1163.61
1163.57
1163.53
1163.49
1163.45
1163.41
1163.37
1163.33
1163.29
1163.25
1163.21
1163.17
1163.13
1163.09
1163.05
1163.01
1162.97
1162.93
1162.89
1162.85
1162.81
1162.77
1162.73
1162.69
1162.65
1162.62
1162.58
1162.54
1162.5
1162.46
1162.42
1162.38
1162.34
1162.31
1162.27
1162.23
1162.19
1162.15
1162.12
1162.08
1162.04
1161.99
1161.95
1161.89
iteracion: 448
--- next_x
1500.12
1500.51
1500.9
1501.3
1501.7
1502.1
1502.49
1502.9
1503.3
1503.7
1504.11
1504.52
1504.92
1505.33
1505.74
1506.16
1506.57
1506.99
1507.4
1507.82
1508.24
1508.66
1509.08
1509.51
1509.93
1510.36
1510.79
1511.22
1511.65
1512.08
1512.51
1512.95
1513.39
1513.83
1514.27
1514.71
1515.15
1515.59
1516.04
1516.48
1516.92
1517.36
1517.8
1518.23
1518.67
1519.11
1519.54
1519.97
1520.41
1520.84
--- next_y
1163.85
1163.81
1163.77
1163.73
1163.69
1163.65
1163.61
1163.57
1163.53
1163.49
1163.45
1163.41
1163.37
1163.33
1163.29
1163.25
1163.21
1163.17
1163.13
1163.09
1163.05
1163.01
1162.97
1162.93
1162.89
1162.85
1162.81
1162.77
1162.73
1162.69
1162.65
1162.62
1162.58
1162.54
1162.5
1162.46
1162.42
1162.38
1162.34
1162.31
1162.27
1162.23
1162.19
1162.15
1162.12
1162.08
1162.05
1162.02
1161.99
1161.97
