iteracion: 1034
--- next_x
2095.64
2095.76
2095.88
2095.99
2096.11
2096.22
2096.34
2096.45
2096.57
2096.68
2096.79
2096.91
2097.02
2097.13
2097.25
2097.36
2097.47
2097.59
2097.7
2097.82
2097.93
2098.04
2098.15
2098.26
2098.38
2098.49
2098.6
2098.71
2098.82
2098.93
2099.04
2099.15
2099.26
2099.37
2099.48
2099.59
2099.7
2099.81
2099.92
2100.03
2100.14
2100.24
2100.35
2100.46
2100.57
2100.68
2100.79
2100.9
2101.01
2101.11
--- next_y
1389.04
1389.43
1389.83
1390.22
1390.62
1391.01
1391.4
1391.79
1392.18
1392.57
1392.96
1393.35
1393.74
1394.13
1394.52
1394.9
1395.29
1395.67
1396.06
1396.45
1396.83
1397.21
1397.6
1397.98
1398.36
1398.74
1399.12
1399.5
1399.88
1400.26
1400.64
1401.02
1401.39
1401.77
1402.15
1402.52
1402.9
1403.27
1403.65
1404.02
1404.39
1404.77
1405.14
1405.51
1405.88
1406.25
1406.62
1406.99
1407.36
1407.73
iteracion: 1034
--- next_x
2095.64
2095.76
2095.88
2095.99
2096.11
2096.22
2096.34
2096.45
2096.57
2096.68
2096.79
2096.91
2097.02
2097.13
2097.25
2097.36
2097.47
2097.59
2097.7
2097.82
2097.93
2098.04
2098.15
2098.26
2098.38
2098.49
2098.6
2098.71
2098.82
2098.93
2099.04
2099.15
2099.26
2099.37
2099.48
2099.59
2099.7
2099.81
2099.92
2100.03
2100.14
2100.24
2100.35
2100.46
2100.57
2100.68
2100.79
2100.9
2101.01
2101.13
--- next_y
1389.04
1389.43
1389.83
1390.22
1390.62
1391.01
1391.4
1391.79
1392.18
1392.57
1392.96
1393.35
1393.74
1394.13
1394.52
1394.9
1395.29
1395.67
1396.06
1396.45
1396.83
1397.21
1397.6
1397.98
1398.36
1398.74
1399.12
1399.5
1399.88
1400.26
1400.64
1401.02
1401.39
1401.77
1402.15
1402.52
1402.9
1403.27
1403.65
1404.02
1404.39
1404.77
1405.14
1405.51
1405.88
1406.25
1406.62
1406.99
1407.36
1407.72
iteracion: 1034
--- next_x
2095.64
2095.76
2095.88
2095.99
2096.11
2096.22
2096.34
2096.45
2096.57
2096.68
2096.79
2096.91
2097.02
2097.13
2097.25
2097.36
2097.47
2097.59
2097.7
2097.82
2097.93
2098.04
2098.15
2098.26
2098.38
2098.49
2098.6
2098.71
2098.82
2098.93
2099.04
2099.15
2099.26
2099.37
2099.48
2099.59
2099.7
2099.81
2099.92
2100.03
2100.14
2100.24
2100.35
2100.46
2100.57
2100.68
2100.79
2100.89
2100.99
2101.09
--- next_y
1389.04
1389.43
1389.83
1390.22
1390.62
1391.01
1391.4
1391.79
1392.18
1392.57
1392.96
1393.35
1393.74
1394.13
1394.52
1394.9
1395.29
1395.67
1396.06
1396.45
1396.83
1397.21
1397.6
1397.98
1398.36
1398.74
1399.12
1399.5
1399.88
1400.26
1400.64
1401.02
1401.39
1401.77
1402.15
1402.52
1402.9
1403.27
1403.65
1404.02
1404.39
1404.77
1405.14
1405.51
1405.88
1406.25
1406.62
1406.99
1407.35
1407.72
