iteracion: 721
--- next_x
1852.86
1853.16
1853.46
1853.75
1854.05
1854.34
1854.64
1854.93
1855.22
1855.51
1855.81
1856.1
1856.39
1856.67
1856.96
1857.25
1857.54
1857.83
1858.11
1858.4
1858.69
1858.97
1859.26
1859.54
1859.82
1860.11
1860.39
1860.67
1860.95
1861.23
1861.51
1861.79
1862.07
1862.35
1862.62
1862.9
1863.17
1863.45
1863.72
1864
1864.27
1864.54
1864.82
1865.09
1865.36
1865.62
1865.9
1866.17
1866.44
1866.71
--- next_y
1143.09
1143.13
1143.16
1143.19
1143.23
1143.27
1143.3
1143.34
1143.37
1143.4
1143.44
1143.48
1143.51
1143.55
1143.59
1143.62
1143.66
1143.69
1143.73
1143.77
1143.8
1143.84
1143.88
1143.91
1143.95
1143.99
1144.03
1144.07
1144.11
1144.14
1144.18
1144.22
1144.26
1144.3
1144.33
1144.37
1144.41
1144.45
1144.49
1144.53
1144.57
1144.61
1144.65
1144.69
1144.73
1144.77
1144.82
1144.86
1144.9
1144.94
iteracion: 721
--- next_x
1852.86
1853.16
1853.46
1853.75
1854.05
1854.34
1854.64
1854.93
1855.22
1855.51
1855.81
1856.1
1856.39
1856.67
1856.96
1857.25
1857.54
1857.83
1858.11
1858.4
1858.69
1858.97
1859.26
1859.54
1859.82
1860.11
1860.39
1860.67
1860.95
1861.23
1861.51
1861.79
1862.07
1862.35
1862.62
1862.9
1863.17
1863.45
1863.72
1864
1864.27
1864.54
1864.82
1865.09
1865.36
1865.62
1865.89
1866.16
1866.43
1866.7
--- next_y
1143.09
1143.13
1143.16
1143.19
1143.23
1143.27
1143.3
1143.34
1143.37
1143.4
1143.44
1143.48
1143.51
1143.55
1143.59
1143.62
1143.66
1143.69
1143.73
1143.77
1143.8
1143.84
1143.88
1143.91
1143.95
1143.99
1144.03
1144.07
1144.11
1144.14
1144.18
1144.22
1144.26
1144.3
1144.33
1144.37
1144.41
1144.45
1144.49
1144.53
1144.57
1144.61
1144.65
1144.69
1144.73
1144.77
1144.81
1144.85
1144.89
1144.93
iteracion: 721
--- next_x
1852.86
1853.16
1853.46
1853.75
1854.05
1854.34
1854.64
1854.93
1855.22
1855.51
1855.81
1856.1
1856.39
1856.67
1856.96
1857.25
1857.54
1857.83
1858.11
1858.4
1858.69
1858.97
1859.26
1859.54
1859.82
1860.11
1860.39
1860.67
1860.95
1861.23
1861.51
1861.79
1862.07
1862.35
1862.62
1862.9
1863.17
1863.45
1863.72
1864
1864.27
1864.54
1864.82
1865.09
1865.36
1865.62
1865.89
1866.16
1866.42
1866.69
--- next_y
1143.09
1143.13
1143.16
1143.19
1143.23
1143.27
1143.3
1143.34
1143.37
1143.4
1143.44
1143.48
1143.51
1143.55
1143.59
1143.62
1143.66
1143.69
1143.73
1143.77
1143.8
1143.84
1143.88
1143.91
1143.95
1143.99
1144.03
1144.07
1144.11
1144.14
1144.18
1144.22
1144.26
1144.3
1144.33
1144.37
1144.41
1144.45
1144.49
1144.53
1144.57
1144.61
1144.65
1144.69
1144.73
1144.77
1144.82
1144.86
1144.9
1144.95
