iteracion: 503
--- next_x
1568
1568.39
1568.79
1569.19
1569.59
1569.99
1570.38
1570.78
1571.17
1571.57
1571.96
1572.36
1572.75
1573.14
1573.53
1573.92
1574.31
1574.7
1575.09
1575.48
1575.86
1576.25
1576.64
1577.02
1577.41
1577.79
1578.18
1578.56
1578.94
1579.32
1579.7
1580.09
1580.46
1580.85
1581.22
1581.6
1581.98
1582.36
1582.73
1583.11
1583.49
1583.86
1584.24
1584.61
1584.98
1585.36
1585.73
1586.11
1586.48
1586.85
--- next_y
1158.01
1157.98
1157.95
1157.92
1157.89
1157.87
1157.84
1157.81
1157.79
1157.76
1157.73
1157.71
1157.68
1157.65
1157.63
1157.6
1157.58
1157.55
1157.52
1157.5
1157.47
1157.45
1157.42
1157.39
1157.37
1157.34
1157.32
1157.29
1157.27
1157.24
1157.21
1157.19
1157.16
1157.14
1157.11
1157.09
1157.06
1157.04
1157.01
1156.98
1156.96
1156.93
1156.9
1156.88
1156.85
1156.83
1156.8
1156.77
1156.75
1156.72
iteracion: 503
--- next_x
1568
1568.39
1568.79
1569.19
1569.59
1569.99
1570.38
1570.78
1571.17
1571.57
1571.96
1572.36
1572.75
1573.14
1573.53
1573.92
1574.31
1574.7
1575.09
1575.48
1575.86
1576.25
1576.64
1577.02
1577.41
1577.79
1578.18
1578.56
1578.94
1579.32
1579.7
1580.09
1580.46
1580.85
1581.22
1581.6
1581.98
1582.36
1582.73
1583.11
1583.49
1583.86
1584.24
1584.61
1584.98
1585.36
1585.73
1586.1
1586.47
1586.84
--- next_y
1158.01
1157.98
1157.95
1157.92
1157.89
1157.87
1157.84
1157.81
1157.79
1157.76
1157.73
1157.71
1157.68
1157.65
1157.63
1157.6
1157.58
1157.55
1157.52
1157.5
1157.47
1157.45
1157.42
1157.39
1157.37
1157.34
1157.32
1157.29
1157.27
1157.24
1157.21
1157.19
1157.16
1157.14
1157.11
1157.09
1157.06
1157.04
1157.01
1156.98
1156.96
1156.93
1156.9
1156.88
1156.85
1156.83
1156.8
1156.77
1156.74
1156.71
iteracion: 503
--- next_x
1568
1568.39
1568.79
1569.19
1569.59
1569.99
1570.38
1570.78
1571.17
1571.57
1571.96
1572.36
1572.75
1573.14
1573.53
1573.92
1574.31
1574.7
1575.09
1575.48
1575.86
1576.25
1576.64
1577.02
1577.41
1577.79
1578.18
1578.56
1578.94
1579.32
1579.7
1580.09
1580.46
1580.85
1581.22
1581.6
1581.98
1582.36
1582.73
1583.11
1583.49
1583.86
1584.24
1584.61
1584.98
1585.36
1585.73
1586.1
1586.47
1586.84
--- next_y
1158.01
1157.98
1157.95
1157.92
1157.89
1157.87
1157.84
1157.81
1157.79
1157.76
1157.73
1157.71
1157.68
1157.65
1157.63
1157.6
1157.58
1157.55
1157.52
1157.5
1157.47
1157.45
1157.42
1157.39
1157.37
1157.34
1157.32
1157.29
1157.27
1157.24
1157.21
1157.19
1157.16
1157.14
1157.11
1157.09
1157.06
1157.04
1157.01
1156.98
1156.96
1156.93
1156.9
1156.88
1156.85
1156.83
1156.8
1156.78
1156.76
1156.74
