iteracion: 1828
--- next_x
2296.8
2296.88
2296.96
2297.04
2297.12
2297.2
2297.28
2297.36
2297.45
2297.53
2297.61
2297.69
2297.77
2297.85
2297.93
2298.02
2298.1
2298.19
2298.27
2298.35
2298.44
2298.52
2298.61
2298.7
2298.78
2298.87
2298.96
2299.05
2299.13
2299.22
2299.31
2299.4
2299.49
2299.58
2299.68
2299.77
2299.86
2299.95
2300.04
2300.14
2300.23
2300.32
2300.42
2300.51
2300.61
2300.7
2300.79
2300.89
2300.98
2301.08
--- next_y
2371.32
2371.56
2371.79
2372.03
2372.27
2372.5
2372.74
2372.97
2373.2
2373.44
2373.68
2373.91
2374.15
2374.39
2374.63
2374.87
2375.11
2375.35
2375.6
2375.84
2376.09
2376.34
2376.58
2376.84
2377.09
2377.34
2377.59
2377.85
2378.11
2378.36
2378.62
2378.89
2379.15
2379.41
2379.68
2379.94
2380.21
2380.48
2380.75
2381.02
2381.29
2381.56
2381.84
2382.11
2382.39
2382.66
2382.94
2383.21
2383.49
2383.76
iteracion: 1828
--- next_x
2296.8
2296.88
2296.96
2297.04
2297.12
2297.2
2297.28
2297.36
2297.45
2297.53
2297.61
2297.69
2297.77
2297.85
2297.93
2298.02
2298.1
2298.19
2298.27
2298.35
2298.44
2298.52
2298.61
2298.7
2298.78
2298.87
2298.96
2299.05
2299.13
2299.22
2299.31
2299.4
2299.49
2299.58
2299.68
2299.77
2299.86
2299.95
2300.04
2300.14
2300.23
2300.32
2300.42
2300.51
2300.61
2300.7
2300.8
2300.89
2300.99
2301.09
--- next_y
2371.32
2371.56
2371.79
2372.03
2372.27
2372.5
2372.74
2372.97
2373.2
2373.44
2373.68
2373.91
2374.15
2374.39
2374.63
2374.87
2375.11
2375.35
2375.6
2375.84
2376.09
2376.34
2376.58
2376.84
2377.09
2377.34
2377.59
2377.85
2378.11
2378.36
2378.62
2378.89
2379.15
2379.41
2379.68
2379.94
2380.21
2380.48
2380.75
2381.02
2381.29
2381.56
2381.84
2382.11
2382.39
2382.66
2382.94
2383.21
2383.48
2383.75
iteracion: 1828
--- next_x
2296.8
2296.88
2296.96
2297.04
2297.12
2297.2
2297.28
2297.36
2297.45
2297.53
2297.61
2297.69
2297.77
2297.85
2297.93
2298.02
2298.1
2298.19
2298.27
2298.35
2298.44
2298.52
2298.61
2298.7
2298.78
2298.87
2298.96
2299.05
2299.13
2299.22
2299.31
2299.4
2299.49
2299.58
2299.68
2299.77
2299.86
2299.95
2300.04
2300.14
2300.23
2300.32
2300.42
2300.51
2300.61
2300.7
2300.79
2300.88
2300.97
2301.06
--- next_y
2371.32
2371.56
2371.79
2372.03
2372.27
2372.5
2372.74
2372.97
2373.2
2373.44
2373.68
2373.91
2374.15
2374.39
2374.63
2374.87
2375.11
2375.35
2375.6
2375.84
2376.09
2376.34
2376.58
2376.84
2377.09
2377.34
2377.59
2377.85
2378.11
2378.36
2378.62
2378.89
2379.15
2379.41
2379.68
2379.94
2380.21
2380.48
2380.75
2381.02
2381.29
2381.56
2381.84
2382.11
2382.39
2382.66
2382.94
2383.21
2383.48
2383.75
