iteracion: 410
--- next_x
1457.09
1457.32
1457.55
1457.78
1458.01
1458.24
1458.47
1458.7
1458.92
1459.15
1459.37
1459.6
1459.82
1460.04
1460.27
1460.49
1460.71
1460.93
1461.15
1461.37
1461.59
1461.81
1462.02
1462.24
1462.46
1462.67
1462.89
1463.11
1463.32
1463.54
1463.75
1463.96
1464.17
1464.38
1464.6
1464.81
1465.02
1465.22
1465.43
1465.64
1465.85
1466.06
1466.26
1466.47
1466.67
1466.88
1467.08
1467.29
1467.49
1467.7
--- next_y
1169.17
1169.14
1169.11
1169.08
1169.05
1169.02
1168.99
1168.96
1168.93
1168.9
1168.87
1168.84
1168.81
1168.77
1168.74
1168.71
1168.68
1168.65
1168.62
1168.59
1168.56
1168.53
1168.5
1168.47
1168.44
1168.41
1168.38
1168.35
1168.32
1168.3
1168.27
1168.23
1168.21
1168.18
1168.15
1168.12
1168.09
1168.06
1168.03
1168.01
1167.98
1167.95
1167.92
1167.89
1167.87
1167.84
1167.81
1167.78
1167.76
1167.73
iteracion: 410
--- next_x
1457.09
1457.32
1457.55
1457.78
1458.01
1458.24
1458.47
1458.7
1458.92
1459.15
1459.37
1459.6
1459.82
1460.04
1460.27
1460.49
1460.71
1460.93
1461.15
1461.37
1461.59
1461.81
1462.02
1462.24
1462.46
1462.67
1462.89
1463.11
1463.32
1463.54
1463.75
1463.96
1464.17
1464.38
1464.6
1464.81
1465.02
1465.22
1465.43
1465.64
1465.85
1466.06
1466.26
1466.47
1466.67
1466.88
1467.08
1467.29
1467.49
1467.69
--- next_y
1169.17
1169.14
1169.11
1169.08
1169.05
1169.02
1168.99
1168.96
1168.93
1168.9
1168.87
1168.84
1168.81
1168.77
1168.74
1168.71
1168.68
1168.65
1168.62
1168.59
1168.56
1168.53
1168.5
1168.47
1168.44
1168.41
1168.38
1168.35
1168.32
1168.3
1168.27
1168.23
1168.21
1168.18
1168.15
1168.12
1168.09
1168.06
1168.03
1168.01
1167.98
1167.95
1167.92
1167.89
1167.87
1167.84
1167.81
1167.78
1167.75
1167.72
iteracion: 410
--- next_x
1457.09
1457.32
1457.55
1457.78
1458.01
1458.24
1458.47
1458.7
1458.92
1459.15
1459.37
1459.6
1459.82
1460.04
1460.27
1460.49
1460.71
1460.93
1461.15
1461.37
1461.59
1461.81
1462.02
1462.24
1462.46
1462.67
1462.89
1463.11
1463.32
1463.54
1463.75
1463.96
1464.17
1464.38
1464.6
1464.81
1465.02
1465.22
1465.43
1465.64
1465.85
1466.06
1466.26
1466.47
1466.67
1466.88
1467.08
1467.28
1467.49
1467.69
--- next_y
1169.17
1169.14
1169.11
1169.08
1169.05
1169.02
1168.99
1168.96
1168.93
1168.9
1168.87
1168.84
1168.81
1168.77
1168.74
1168.71
1168.68
1168.65
1168.62
1168.59
1168.56
1168.53
1168.5
1168.47
1168.44
1168.41
1168.38
1168.35
1168.32
1168.3
1168.27
1168.23
1168.21
1168.18
1168.15
1168.12
1168.09
1168.06
1168.03
1168.01
1167.98
1167.95
1167.92
1167.89
1167.87
1167.84
1167.81
1167.79
1167.76
1167.73
