iteracion: 554
--- next_x
1634.73
1635.02
1635.3
1635.58
1635.86
1636.14
1636.42
1636.7
1636.98
1637.26
1637.54
1637.81
1638.09
1638.37
1638.64
1638.92
1639.19
1639.47
1639.74
1640.02
1640.29
1640.56
1640.83
1641.1
1641.37
1641.64
1641.91
1642.18
1642.44
1642.71
1642.98
1643.24
1643.51
1643.77
1644.03
1644.3
1644.56
1644.82
1645.08
1645.34
1645.6
1645.86
1646.12
1646.38
1646.64
1646.89
1647.15
1647.41
1647.67
1647.92
--- next_y
1152.22
1152.19
1152.17
1152.14
1152.11
1152.08
1152.05
1152.02
1151.99
1151.96
1151.94
1151.91
1151.88
1151.86
1151.83
1151.8
1151.78
1151.75
1151.72
1151.7
1151.67
1151.65
1151.62
1151.6
1151.57
1151.55
1151.52
1151.5
1151.47
1151.45
1151.42
1151.4
1151.37
1151.35
1151.32
1151.3
1151.27
1151.25
1151.22
1151.2
1151.18
1151.15
1151.13
1151.11
1151.08
1151.06
1151.04
1151.01
1150.99
1150.97
iteracion: 554
--- next_x
1634.73
1635.02
1635.3
1635.58
1635.86
1636.14
1636.42
1636.7
1636.98
1637.26
1637.54
1637.81
1638.09
1638.37
1638.64
1638.92
1639.19
1639.47
1639.74
1640.02
1640.29
1640.56
1640.83
1641.1
1641.37
1641.64
1641.91
1642.18
1642.44
1642.71
1642.98
1643.24
1643.51
1643.77
1644.03
1644.3
1644.56
1644.82
1645.08
1645.34
1645.6
1645.86
1646.12
1646.38
1646.64
1646.89
1647.15
1647.41
1647.66
1647.92
--- next_y
1152.22
1152.19
1152.17
1152.14
1152.11
1152.08
1152.05
1152.02
1151.99
1151.96
1151.94
1151.91
1151.88
1151.86
1151.83
1151.8
1151.78
1151.75
1151.72
1151.7
1151.67
1151.65
1151.62
1151.6
1151.57
1151.55
1151.52
1151.5
1151.47
1151.45
1151.42
1151.4
1151.37
1151.35
1151.32
1151.3
1151.27
1151.25
1151.22
1151.2
1151.18
1151.15
1151.13
1151.11
1151.08
1151.06
1151.04
1151.01
1150.99
1150.96
iteracion: 554
--- next_x
1634.73
1635.02
1635.3
1635.58
1635.86
1636.14
1636.42
1636.7
1636.98
1637.26
1637.54
1637.81
1638.09
1638.37
1638.64
1638.92
1639.19
1639.47
1639.74
1640.02
1640.29
1640.56
1640.83
1641.1
1641.37
1641.64
1641.91
1642.18
1642.44
1642.71
1642.98
1643.24
1643.51
1643.77
1644.03
1644.3
1644.56
1644.82
1645.08
1645.34
1645.6
1645.86
1646.12
1646.38
1646.64
1646.89
1647.15
1647.41
1647.66
1647.92
--- next_y
1152.22
1152.19
1152.17
1152.14
1152.11
1152.08
1152.05
1152.02
1151.99
1151.96
1151.94
1151.91
1151.88
1151.86
1151.83
1151.8
1151.78
1151.75
1151.72
1151.7
1151.67
1151.65
1151.62
1151.6
1151.57
1151.55
1151.52
1151.5
1151.47
1151.45
1151.42
1151.4
1151.37
1151.35
1151.32
1151.3
1151.27
1151.25
1151.22
1151.2
1151.18
1151.15
1151.13
1151.11
1151.08
1151.06
1151.04
1151.01
1150.99
1150.97
