iteracion: 3859
--- next_x
171.567
171.659
171.751
171.843
171.936
172.029
172.122
172.215
172.308
172.402
172.496
172.59
172.684
172.779
172.874
172.969
173.064
173.16
173.256
173.352
173.447
173.543
173.639
173.736
173.832
173.929
174.025
174.122
174.219
174.316
174.413
174.511
174.608
174.706
174.803
174.901
174.999
175.096
175.194
175.292
175.39
175.488
175.585
175.683
175.781
175.879
175.978
176.076
176.175
176.273
--- next_y
2001.85
2001.43
2001
2000.58
2000.16
1999.73
1999.31
1998.89
1998.47
1998.05
1997.63
1997.22
1996.8
1996.38
1995.97
1995.55
1995.13
1994.72
1994.31
1993.89
1993.48
1993.07
1992.65
1992.24
1991.83
1991.42
1991.01
1990.61
1990.2
1989.79
1989.38
1988.97
1988.57
1988.16
1987.76
1987.35
1986.95
1986.55
1986.15
1985.74
1985.34
1984.94
1984.54
1984.14
1983.74
1983.34
1982.94
1982.54
1982.14
1981.74
iteracion: 3859
--- next_x
171.567
171.659
171.751
171.843
171.936
172.029
172.122
172.215
172.308
172.402
172.496
172.59
172.684
172.779
172.874
172.969
173.064
173.16
173.256
173.352
173.447
173.543
173.639
173.736
173.832
173.929
174.025
174.122
174.219
174.316
174.413
174.511
174.608
174.706
174.803
174.901
174.999
175.096
175.194
175.292
175.39
175.488
175.585
175.683
175.781
175.879
175.974
176.065
176.152
176.237
--- next_y
2001.85
2001.43
2001
2000.58
2000.16
1999.73
1999.31
1998.89
1998.47
1998.05
1997.63
1997.22
1996.8
1996.38
1995.97
1995.55
1995.13
1994.72
1994.31
1993.89
1993.48
1993.07
1992.65
1992.24
1991.83
1991.42
1991.01
1990.61
1990.2
1989.79
1989.38
1988.97
1988.57
1988.16
1987.76
1987.35
1986.95
1986.55
1986.15
1985.74
1985.34
1984.94
1984.54
1984.14
1983.74
1983.34
1982.94
1982.55
1982.15
1981.75
iteracion: 3859
--- next_x
171.567
171.659
171.751
171.843
171.936
172.029
172.122
172.215
172.308
172.402
172.496
172.59
172.684
172.779
172.874
172.969
173.064
173.16
173.256
173.352
173.447
173.543
173.639
173.736
173.832
173.929
174.025
174.122
174.219
174.316
174.413
174.511
174.608
174.706
174.803
174.901
174.999
175.096
175.194
175.292
175.39
175.488
175.585
175.683
175.781
175.879
175.979
176.083
176.19
176.301
--- next_y
2001.85
2001.43
2001
2000.58
2000.16
1999.73
1999.31
1998.89
1998.47
1998.05
1997.63
1997.22
1996.8
1996.38
1995.97
1995.55
1995.13
1994.72
1994.31
1993.89
1993.48
1993.07
1992.65
1992.24
1991.83
1991.42
1991.01
1990.61
1990.2
1989.79
1989.38
1988.97
1988.57
1988.16
1987.76
1987.35
1986.95
1986.55
1986.15
1985.74
1985.34
1984.94
1984.54
1984.14
1983.74
1983.34
1982.95
1982.56
1982.17
1981.78
