iteracion: 1089
--- next_x
2113.78
2113.82
2113.86
2113.9
2113.93
2113.97
2114.01
2114.05
2114.09
2114.12
2114.16
2114.2
2114.24
2114.27
2114.31
2114.35
2114.39
2114.43
2114.46
2114.5
2114.54
2114.58
2114.61
2114.65
2114.69
2114.73
2114.77
2114.8
2114.84
2114.88
2114.92
2114.95
2114.99
2115.03
2115.07
2115.11
2115.14
2115.18
2115.22
2115.26
2115.3
2115.33
2115.37
2115.41
2115.45
2115.48
2115.52
2115.56
2115.6
2115.64
--- next_y
1473.73
1474.02
1474.29
1474.57
1474.85
1475.13
1475.41
1475.69
1475.96
1476.24
1476.52
1476.79
1477.07
1477.34
1477.62
1477.89
1478.16
1478.43
1478.71
1478.98
1479.25
1479.52
1479.79
1480.05
1480.32
1480.59
1480.86
1481.12
1481.39
1481.65
1481.92
1482.18
1482.44
1482.71
1482.97
1483.23
1483.5
1483.76
1484.02
1484.28
1484.54
1484.8
1485.06
1485.32
1485.57
1485.83
1486.09
1486.35
1486.61
1486.87
iteracion: 1089
--- next_x
2113.78
2113.82
2113.86
2113.9
2113.93
2113.97
2114.01
2114.05
2114.09
2114.12
2114.16
2114.2
2114.24
2114.27
2114.31
2114.35
2114.39
2114.43
2114.46
2114.5
2114.54
2114.58
2114.61
2114.65
2114.69
2114.73
2114.77
2114.8
2114.84
2114.88
2114.92
2114.95
2114.99
2115.03
2115.07
2115.11
2115.14
2115.18
2115.22
2115.26
2115.3
2115.33
2115.37
2115.41
2115.45
2115.48
2115.52
2115.56
2115.6
2115.64
--- next_y
1473.73
1474.02
1474.29
1474.57
1474.85
1475.13
1475.41
1475.69
1475.96
1476.24
1476.52
1476.79
1477.07
1477.34
1477.62
1477.89
1478.16
1478.43
1478.71
1478.98
1479.25
1479.52
1479.79
1480.05
1480.32
1480.59
1480.86
1481.12
1481.39
1481.65
1481.92
1482.18
1482.44
1482.71
1482.97
1483.23
1483.5
1483.76
1484.02
1484.28
1484.54
1484.8
1485.06
1485.32
1485.57
1485.83
1486.09
1486.34
1486.6
1486.86
iteracion: 1089
--- next_x
2113.78
2113.82
2113.86
2113.9
2113.93
2113.97
2114.01
2114.05
2114.09
2114.12
2114.16
2114.2
2114.24
2114.27
2114.31
2114.35
2114.39
2114.43
2114.46
2114.5
2114.54
2114.58
2114.61
2114.65
2114.69
2114.73
2114.77
2114.8
2114.84
2114.88
2114.92
2114.95
2114.99
2115.03
2115.07
2115.11
2115.14
2115.18
2115.22
2115.26
2115.3
2115.33
2115.37
2115.41
2115.45
2115.48
2115.52
2115.56
2115.59
2115.63
--- next_y
1473.73
1474.02
1474.29
1474.57
1474.85
1475.13
1475.41
1475.69
1475.96
1476.24
1476.52
1476.79
1477.07
1477.34
1477.62
1477.89
1478.16
1478.43
1478.71
1478.98
1479.25
1479.52
1479.79
1480.05
1480.32
1480.59
1480.86
1481.12
1481.39
1481.65
1481.92
1482.18
1482.44
1482.71
1482.97
1483.23
1483.5
1483.76
1484.02
1484.28
1484.54
1484.8
1485.06
1485.32
1485.57
1485.83
1486.09
1486.35
1486.6
1486.86
