iteracion: 944
--- next_x
2059.76
2059.86
2059.95
2060.04
2060.14
2060.23
2060.32
2060.41
2060.51
2060.6
2060.69
2060.78
2060.87
2060.97
2061.06
2061.15
2061.24
2061.33
2061.42
2061.51
2061.6
2061.69
2061.78
2061.86
2061.95
2062.04
2062.13
2062.22
2062.31
2062.39
2062.48
2062.57
2062.66
2062.74
2062.83
2062.91
2063
2063.08
2063.17
2063.25
2063.34
2063.42
2063.5
2063.59
2063.67
2063.75
2063.83
2063.92
2064
2064.08
--- next_y
1285.69
1285.92
1286.15
1286.38
1286.61
1286.84
1287.07
1287.3
1287.52
1287.75
1287.98
1288.2
1288.43
1288.65
1288.88
1289.1
1289.33
1289.55
1289.77
1289.99
1290.22
1290.44
1290.66
1290.88
1291.1
1291.32
1291.54
1291.75
1291.97
1292.19
1292.4
1292.62
1292.84
1293.05
1293.27
1293.48
1293.7
1293.91
1294.12
1294.34
1294.55
1294.76
1294.97
1295.18
1295.39
1295.61
1295.82
1296.03
1296.24
1296.45
iteracion: 944
--- next_x
2059.76
2059.86
2059.95
2060.04
2060.14
2060.23
2060.32
2060.41
2060.51
2060.6
2060.69
2060.78
2060.87
2060.97
2061.06
2061.15
2061.24
2061.33
2061.42
2061.51
2061.6
2061.69
2061.78
2061.86
2061.95
2062.04
2062.13
2062.22
2062.31
2062.39
2062.48
2062.57
2062.66
2062.74
2062.83
2062.91
2063
2063.08
2063.17
2063.25
2063.34
2063.42
2063.5
2063.59
2063.67
2063.75
2063.83
2063.92
2064
2064.09
--- next_y
1285.69
1285.92
1286.15
1286.38
1286.61
1286.84
1287.07
1287.3
1287.52
1287.75
1287.98
1288.2
1288.43
1288.65
1288.88
1289.1
1289.33
1289.55
1289.77
1289.99
1290.22
1290.44
1290.66
1290.88
1291.1
1291.32
1291.54
1291.75
1291.97
1292.19
1292.4
1292.62
1292.84
1293.05
1293.27
1293.48
1293.7
1293.91
1294.12
1294.34
1294.55
1294.76
1294.97
1295.18
1295.39
1295.61
1295.81
1296.02
1296.23
1296.44
iteracion: 944
--- next_x
2059.76
2059.86
2059.95
2060.04
2060.14
2060.23
2060.32
2060.41
2060.51
2060.6
2060.69
2060.78
2060.87
2060.97
2061.06
2061.15
2061.24
2061.33
2061.42
2061.51
2061.6
2061.69
2061.78
2061.86
2061.95
2062.04
2062.13
2062.22
2062.31
2062.39
2062.48
2062.57
2062.66
2062.74
2062.83
2062.91
2063
2063.08
2063.17
2063.25
2063.34
2063.42
2063.5
2063.59
2063.67
2063.75
2063.83
2063.91
2064
2064.07
--- next_y
1285.69
1285.92
1286.15
1286.38
1286.61
1286.84
1287.07
1287.3
1287.52
1287.75
1287.98
1288.2
1288.43
1288.65
1288.88
1289.1
1289.33
1289.55
1289.77
1289.99
1290.22
1290.44
1290.66
1290.88
1291.1
1291.32
1291.54
1291.75
1291.97
1292.19
1292.4
1292.62
1292.84
1293.05
1293.27
1293.48
1293.7
1293.91
1294.12
1294.34
1294.55
1294.76
1294.97
1295.18
1295.39
1295.61
1295.81
1296.02
1296.23
1296.44
