iteracion: 533
--- next_x
1610.59
1610.91
1611.24
1611.57
1611.89
1612.22
1612.54
1612.87
1613.19
1613.51
1613.83
1614.15
1614.47
1614.79
1615.11
1615.43
1615.75
1616.07
1616.38
1616.7
1617.02
1617.33
1617.65
1617.96
1618.28
1618.59
1618.9
1619.22
1619.53
1619.84
1620.15
1620.46
1620.77
1621.08
1621.39
1621.7
1622.01
1622.32
1622.62
1622.93
1623.23
1623.54
1623.85
1624.15
1624.45
1624.76
1625.06
1625.37
1625.67
1625.97
--- next_y
1154.81
1154.78
1154.74
1154.71
1154.68
1154.65
1154.62
1154.58
1154.55
1154.52
1154.49
1154.46
1154.42
1154.39
1154.36
1154.33
1154.3
1154.26
1154.23
1154.2
1154.17
1154.13
1154.1
1154.07
1154.04
1154
1153.97
1153.93
1153.9
1153.87
1153.83
1153.8
1153.77
1153.73
1153.7
1153.66
1153.63
1153.6
1153.56
1153.53
1153.49
1153.46
1153.42
1153.39
1153.36
1153.32
1153.29
1153.25
1153.22
1153.19
iteracion: 533
--- next_x
1610.59
1610.91
1611.24
1611.57
1611.89
1612.22
1612.54
1612.87
1613.19
1613.51
1613.83
1614.15
1614.47
1614.79
1615.11
1615.43
1615.75
1616.07
1616.38
1616.7
1617.02
1617.33
1617.65
1617.96
1618.28
1618.59
1618.9
1619.22
1619.53
1619.84
1620.15
1620.46
1620.77
1621.08
1621.39
1621.7
1622.01
1622.32
1622.62
1622.93
1623.23
1623.54
1623.85
1624.15
1624.45
1624.76
1625.06
1625.36
1625.66
1625.96
--- next_y
1154.81
1154.78
1154.74
1154.71
1154.68
1154.65
1154.62
1154.58
1154.55
1154.52
1154.49
1154.46
1154.42
1154.39
1154.36
1154.33
1154.3
1154.26
1154.23
1154.2
1154.17
1154.13
1154.1
1154.07
1154.04
1154
1153.97
1153.93
1153.9
1153.87
1153.83
1153.8
1153.77
1153.73
1153.7
1153.66
1153.63
1153.6
1153.56
1153.53
1153.49
1153.46
1153.42
1153.39
1153.36
1153.32
1153.29
1153.25
1153.21
1153.17
iteracion: 533
--- next_x
1610.59
1610.91
1611.24
1611.57
1611.89
1612.22
1612.54
1612.87
1613.19
1613.51
1613.83
1614.15
1614.47
1614.79
1615.11
1615.43
1615.75
1616.07
1616.38
1616.7
1617.02
1617.33
1617.65
1617.96
1618.28
1618.59
1618.9
1619.22
1619.53
1619.84
1620.15
1620.46
1620.77
1621.08
1621.39
1621.7
1622.01
1622.32
1622.62
1622.93
1623.23
1623.54
1623.85
1624.15
1624.45
1624.76
1625.06
1625.36
1625.66
1625.97
--- next_y
1154.81
1154.78
1154.74
1154.71
1154.68
1154.65
1154.62
1154.58
1154.55
1154.52
1154.49
1154.46
1154.42
1154.39
1154.36
1154.33
1154.3
1154.26
1154.23
1154.2
1154.17
1154.13
1154.1
1154.07
1154.04
1154
1153.97
1153.93
1153.9
1153.87
1153.83
1153.8
1153.77
1153.73
1153.7
1153.66
1153.63
1153.6
1153.56
1153.53
1153.49
1153.46
1153.42
1153.39
1153.36
1153.32
1153.29
1153.26
1153.23
1153.2
