iteracion: 287
--- next_x
1288.79
1289.22
1289.65
1290.08
1290.51
1290.93
1291.35
1291.78
1292.2
1292.62
1293.04
1293.45
1293.87
1294.29
1294.7
1295.11
1295.53
1295.94
1296.34
1296.75
1297.16
1297.57
1297.97
1298.38
1298.78
1299.18
1299.58
1299.98
1300.38
1300.78
1301.17
1301.56
1301.96
1302.35
1302.74
1303.13
1303.52
1303.9
1304.29
1304.67
1305.06
1305.44
1305.82
1306.2
1306.58
1306.96
1307.34
1307.72
1308.09
1308.47
--- next_y
1187.05
1187.04
1187.02
1186.99
1186.97
1186.95
1186.93
1186.91
1186.89
1186.86
1186.84
1186.82
1186.79
1186.77
1186.74
1186.71
1186.69
1186.66
1186.63
1186.61
1186.58
1186.55
1186.52
1186.49
1186.47
1186.44
1186.41
1186.38
1186.35
1186.32
1186.29
1186.26
1186.22
1186.19
1186.16
1186.13
1186.1
1186.06
1186.03
1186
1185.96
1185.93
1185.89
1185.86
1185.83
1185.79
1185.76
1185.72
1185.69
1185.65
iteracion: 287
--- next_x
1288.79
1289.22
1289.65
1290.08
1290.51
1290.93
1291.35
1291.78
1292.2
1292.62
1293.04
1293.45
1293.87
1294.29
1294.7
1295.11
1295.53
1295.94
1296.34
1296.75
1297.16
1297.57
1297.97
1298.38
1298.78
1299.18
1299.58
1299.98
1300.38
1300.78
1301.17
1301.56
1301.96
1302.35
1302.74
1303.13
1303.52
1303.9
1304.29
1304.67
1305.06
1305.44
1305.82
1306.2
1306.58
1306.96
1307.33
1307.71
1308.08
1308.45
--- next_y
1187.05
1187.04
1187.02
1186.99
1186.97
1186.95
1186.93
1186.91
1186.89
1186.86
1186.84
1186.82
1186.79
1186.77
1186.74
1186.71
1186.69
1186.66
1186.63
1186.61
1186.58
1186.55
1186.52
1186.49
1186.47
1186.44
1186.41
1186.38
1186.35
1186.32
1186.29
1186.26
1186.22
1186.19
1186.16
1186.13
1186.1
1186.06
1186.03
1186
1185.96
1185.93
1185.89
1185.86
1185.83
1185.79
1185.76
1185.72
1185.67
1185.63
iteracion: 287
--- next_x
1288.79
1289.22
1289.65
1290.08
1290.51
1290.93
1291.35
1291.78
1292.2
1292.62
1293.04
1293.45
1293.87
1294.29
1294.7
1295.11
1295.53
1295.94
1296.34
1296.75
1297.16
1297.57
1297.97
1298.38
1298.78
1299.18
1299.58
1299.98
1300.38
1300.78
1301.17
1301.56
1301.96
1302.35
1302.74
1303.13
1303.52
1303.9
1304.29
1304.67
1305.06
1305.44
1305.82
1306.2
1306.58
1306.96
1307.33
1307.71
1308.09
1308.46
--- next_y
1187.05
1187.04
1187.02
1186.99
1186.97
1186.95
1186.93
1186.91
1186.89
1186.86
1186.84
1186.82
1186.79
1186.77
1186.74
1186.71
1186.69
1186.66
1186.63
1186.61
1186.58
1186.55
1186.52
1186.49
1186.47
1186.44
1186.41
1186.38
1186.35
1186.32
1186.29
1186.26
1186.22
1186.19
1186.16
1186.13
1186.1
1186.06
1186.03
1186
1185.96
1185.93
1185.89
1185.86
1185.83
1185.79
1185.76
1185.73
1185.71
1185.69
