iteracion: 669
--- next_x
1779.95
1780.36
1780.78
1781.19
1781.6
1782.01
1782.42
1782.84
1783.25
1783.66
1784.07
1784.47
1784.88
1785.29
1785.7
1786.1
1786.51
1786.91
1787.32
1787.72
1788.13
1788.53
1788.93
1789.34
1789.74
1790.14
1790.54
1790.94
1791.34
1791.74
1792.14
1792.53
1792.93
1793.33
1793.72
1794.12
1794.51
1794.9
1795.3
1795.69
1796.08
1796.47
1796.86
1797.25
1797.64
1798.04
1798.43
1798.82
1799.21
1799.6
--- next_y
1141.29
1141.26
1141.23
1141.21
1141.18
1141.16
1141.13
1141.11
1141.09
1141.06
1141.04
1141.02
1140.99
1140.97
1140.95
1140.92
1140.9
1140.88
1140.86
1140.84
1140.82
1140.8
1140.78
1140.76
1140.73
1140.71
1140.69
1140.67
1140.65
1140.63
1140.61
1140.59
1140.57
1140.55
1140.53
1140.51
1140.49
1140.47
1140.45
1140.44
1140.42
1140.4
1140.38
1140.36
1140.35
1140.33
1140.31
1140.3
1140.28
1140.27
iteracion: 669
--- next_x
1779.95
1780.36
1780.78
1781.19
1781.6
1782.01
1782.42
1782.84
1783.25
1783.66
1784.07
1784.47
1784.88
1785.29
1785.7
1786.1
1786.51
1786.91
1787.32
1787.72
1788.13
1788.53
1788.93
1789.34
1789.74
1790.14
1790.54
1790.94
1791.34
1791.74
1792.14
1792.53
1792.93
1793.33
1793.72
1794.12
1794.51
1794.9
1795.3
1795.69
1796.08
1796.47
1796.86
1797.25
1797.64
1798.03
1798.42
1798.81
1799.2
1799.59
--- next_y
1141.29
1141.26
1141.23
1141.21
1141.18
1141.16
1141.13
1141.11
1141.09
1141.06
1141.04
1141.02
1140.99
1140.97
1140.95
1140.92
1140.9
1140.88
1140.86
1140.84
1140.82
1140.8
1140.78
1140.76
1140.73
1140.71
1140.69
1140.67
1140.65
1140.63
1140.61
1140.59
1140.57
1140.55
1140.53
1140.51
1140.49
1140.47
1140.45
1140.44
1140.42
1140.4
1140.38
1140.36
1140.35
1140.33
1140.31
1140.28
1140.26
1140.23
iteracion: 669
--- next_x
1779.95
1780.36
1780.78
1781.19
1781.6
1782.01
1782.42
1782.84
1783.25
1783.66
1784.07
1784.47
1784.88
1785.29
1785.7
1786.1
1786.51
1786.91
1787.32
1787.72
1788.13
1788.53
1788.93
1789.34
1789.74
1790.14
1790.54
1790.94
1791.34
1791.74
1792.14
1792.53
1792.93
1793.33
1793.72
1794.12
1794.51
1794.9
1795.3
1795.69
1796.08
1796.47
1796.86
1797.25
1797.64
1798.03
1798.41
1798.8
1799.18
1799.57
--- next_y
1141.29
1141.26
1141.23
1141.21
1141.18
1141.16
1141.13
1141.11
1141.09
1141.06
1141.04
1141.02
1140.99
1140.97
1140.95
1140.92
1140.9
1140.88
1140.86
1140.84
1140.82
1140.8
1140.78
1140.76
1140.73
1140.71
1140.69
1140.67
1140.65
1140.63
1140.61
1140.59
1140.57
1140.55
1140.53
1140.51
1140.49
1140.47
1140.45
1140.44
1140.42
1140.4
1140.38
1140.36
1140.35
1140.33
1140.32
1140.32
1140.31
1140.31
