iteracion: 989
--- next_x
2139.96
2140.02
2140.07
2140.14
2140.19
2140.25
2140.31
2140.37
2140.43
2140.49
2140.55
2140.6
2140.66
2140.72
2140.78
2140.84
2140.9
2140.95
2141.01
2141.07
2141.13
2141.18
2141.24
2141.3
2141.35
2141.41
2141.46
2141.52
2141.57
2141.63
2141.68
2141.74
2141.79
2141.84
2141.9
2141.95
2142
2142.06
2142.11
2142.16
2142.22
2142.27
2142.32
2142.38
2142.43
2142.48
2142.54
2142.59
2142.64
2142.69
--- next_y
1623.12
1623.42
1623.71
1624.01
1624.31
1624.6
1624.89
1625.18
1625.48
1625.77
1626.05
1626.34
1626.63
1626.91
1627.19
1627.48
1627.76
1628.04
1628.32
1628.59
1628.87
1629.14
1629.41
1629.69
1629.96
1630.22
1630.49
1630.76
1631.03
1631.29
1631.55
1631.82
1632.08
1632.34
1632.6
1632.85
1633.11
1633.37
1633.63
1633.88
1634.13
1634.38
1634.63
1634.88
1635.13
1635.38
1635.62
1635.87
1636.12
1636.37
iteracion: 989
--- next_x
2139.96
2140.02
2140.07
2140.14
2140.19
2140.25
2140.31
2140.37
2140.43
2140.49
2140.55
2140.6
2140.66
2140.72
2140.78
2140.84
2140.9
2140.95
2141.01
2141.07
2141.13
2141.18
2141.24
2141.3
2141.35
2141.41
2141.46
2141.52
2141.57
2141.63
2141.68
2141.74
2141.79
2141.84
2141.9
2141.95
2142
2142.06
2142.11
2142.16
2142.22
2142.27
2142.32
2142.38
2142.43
2142.48
2142.54
2142.59
2142.65
2142.7
--- next_y
1623.12
1623.42
1623.71
1624.01
1624.31
1624.6
1624.89
1625.18
1625.48
1625.77
1626.05
1626.34
1626.63
1626.91
1627.19
1627.48
1627.76
1628.04
1628.32
1628.59
1628.87
1629.14
1629.41
1629.69
1629.96
1630.22
1630.49
1630.76
1631.03
1631.29
1631.55
1631.82
1632.08
1632.34
1632.6
1632.85
1633.11
1633.37
1633.63
1633.88
1634.13
1634.38
1634.63
1634.88
1635.13
1635.38
1635.62
1635.87
1636.11
1636.36
iteracion: 989
--- next_x
2139.96
2140.02
2140.07
2140.14
2140.19
2140.25
2140.31
2140.37
2140.43
2140.49
2140.55
2140.6
2140.66
2140.72
2140.78
2140.84
2140.9
2140.95
2141.01
2141.07
2141.13
2141.18
2141.24
2141.3
2141.35
2141.41
2141.46
2141.52
2141.57
2141.63
2141.68
2141.74
2141.79
2141.84
2141.9
2141.95
2142
2142.06
2142.11
2142.16
2142.22
2142.27
2142.32
2142.38
2142.43
2142.48
2142.53
2142.58
2142.64
2142.68
--- next_y
1623.12
1623.42
1623.71
1624.01
1624.31
1624.6
1624.89
1625.18
1625.48
1625.77
1626.05
1626.34
1626.63
1626.91
1627.19
1627.48
1627.76
1628.04
1628.32
1628.59
1628.87
1629.14
1629.41
1629.69
1629.96
1630.22
1630.49
1630.76
1631.03
1631.29
1631.55
1631.82
1632.08
1632.34
1632.6
1632.85
1633.11
1633.37
1633.63
1633.88
1634.13
1634.38
1634.63
1634.88
1635.13
1635.38
1635.62
1635.87
1636.12
1636.36
