iteracion: 1757
--- next_x
2270.87
2270.94
2271.01
2271.07
2271.14
2271.21
2271.28
2271.35
2271.43
2271.5
2271.57
2271.64
2271.72
2271.79
2271.87
2271.95
2272.02
2272.1
2272.18
2272.26
2272.34
2272.42
2272.5
2272.58
2272.67
2272.75
2272.83
2272.92
2273
2273.09
2273.18
2273.26
2273.35
2273.44
2273.53
2273.62
2273.72
2273.81
2273.9
2274
2274.09
2274.19
2274.29
2274.39
2274.48
2274.58
2274.68
2274.78
2274.88
2274.98
--- next_y
2286.54
2286.89
2287.24
2287.59
2287.94
2288.29
2288.65
2289
2289.35
2289.71
2290.07
2290.42
2290.78
2291.15
2291.51
2291.87
2292.24
2292.6
2292.97
2293.34
2293.71
2294.08
2294.45
2294.82
2295.19
2295.55
2295.92
2296.29
2296.66
2297.03
2297.41
2297.78
2298.15
2298.53
2298.91
2299.28
2299.66
2300.04
2300.42
2300.8
2301.18
2301.56
2301.93
2302.31
2302.68
2303.06
2303.43
2303.81
2304.18
2304.55
iteracion: 1757
--- next_x
2270.87
2270.94
2271.01
2271.07
2271.14
2271.21
2271.28
2271.35
2271.43
2271.5
2271.57
2271.64
2271.72
2271.79
2271.87
2271.95
2272.02
2272.1
2272.18
2272.26
2272.34
2272.42
2272.5
2272.58
2272.67
2272.75
2272.83
2272.92
2273
2273.09
2273.18
2273.26
2273.35
2273.44
2273.53
2273.62
2273.72
2273.81
2273.9
2274
2274.09
2274.19
2274.29
2274.39
2274.48
2274.58
2274.68
2274.78
2274.89
2275
--- next_y
2286.54
2286.89
2287.24
2287.59
2287.94
2288.29
2288.65
2289
2289.35
2289.71
2290.07
2290.42
2290.78
2291.15
2291.51
2291.87
2292.24
2292.6
2292.97
2293.34
2293.71
2294.08
2294.45
2294.82
2295.19
2295.55
2295.92
2296.29
2296.66
2297.03
2297.41
2297.78
2298.15
2298.53
2298.91
2299.28
2299.66
2300.04
2300.42
2300.8
2301.18
2301.56
2301.93
2302.31
2302.68
2303.06
2303.42
2303.79
2304.16
2304.52
iteracion: 1757
--- next_x
2270.87
2270.94
2271.01
2271.07
2271.14
2271.21
2271.28
2271.35
2271.43
2271.5
2271.57
2271.64
2271.72
2271.79
2271.87
2271.95
2272.02
2272.1
2272.18
2272.26
2272.34
2272.42
2272.5
2272.58
2272.67
2272.75
2272.83
2272.92
2273
2273.09
2273.18
2273.26
2273.35
2273.44
2273.53
2273.62
2273.72
2273.81
2273.9
2274
2274.09
2274.19
2274.29
2274.39
2274.48
2274.58
2274.68
2274.77
2274.86
2274.95
--- next_y
2286.54
2286.89
2287.24
2287.59
2287.94
2288.29
2288.65
2289
2289.35
2289.71
2290.07
2290.42
2290.78
2291.15
2291.51
2291.87
2292.24
2292.6
2292.97
2293.34
2293.71
2294.08
2294.45
2294.82
2295.19
2295.55
2295.92
2296.29
2296.66
2297.03
2297.41
2297.78
2298.15
2298.53
2298.91
2299.28
2299.66
2300.04
2300.42
2300.8
2301.18
2301.56
2301.93
2302.31
2302.68
2303.06
2303.43
2303.81
2304.18
2304.56
