iteracion: 1973
--- next_x
2335.51
2335.55
2335.59
2335.63
2335.67
2335.71
2335.74
2335.78
2335.82
2335.86
2335.89
2335.93
2335.96
2336
2336.03
2336.07
2336.1
2336.14
2336.17
2336.2
2336.23
2336.26
2336.29
2336.32
2336.35
2336.38
2336.41
2336.44
2336.47
2336.5
2336.53
2336.56
2336.58
2336.61
2336.64
2336.67
2336.69
2336.72
2336.75
2336.77
2336.8
2336.82
2336.85
2336.88
2336.9
2336.93
2336.95
2336.97
2337
2337.02
--- next_y
2546.26
2546.59
2546.92
2547.24
2547.57
2547.89
2548.22
2548.54
2548.86
2549.19
2549.51
2549.83
2550.15
2550.47
2550.79
2551.11
2551.43
2551.75
2552.07
2552.38
2552.7
2553.01
2553.33
2553.64
2553.96
2554.27
2554.58
2554.89
2555.2
2555.51
2555.82
2556.13
2556.44
2556.75
2557.06
2557.36
2557.67
2557.98
2558.28
2558.59
2558.89
2559.2
2559.5
2559.81
2560.11
2560.41
2560.71
2561.02
2561.32
2561.62
iteracion: 1973
--- next_x
2335.51
2335.55
2335.59
2335.63
2335.67
2335.71
2335.74
2335.78
2335.82
2335.86
2335.89
2335.93
2335.96
2336
2336.03
2336.07
2336.1
2336.14
2336.17
2336.2
2336.23
2336.26
2336.29
2336.32
2336.35
2336.38
2336.41
2336.44
2336.47
2336.5
2336.53
2336.56
2336.58
2336.61
2336.64
2336.67
2336.69
2336.72
2336.75
2336.77
2336.8
2336.82
2336.85
2336.88
2336.9
2336.93
2336.95
2336.98
2337
2337.03
--- next_y
2546.26
2546.59
2546.92
2547.24
2547.57
2547.89
2548.22
2548.54
2548.86
2549.19
2549.51
2549.83
2550.15
2550.47
2550.79
2551.11
2551.43
2551.75
2552.07
2552.38
2552.7
2553.01
2553.33
2553.64
2553.96
2554.27
2554.58
2554.89
2555.2
2555.51
2555.82
2556.13
2556.44
2556.75
2557.06
2557.36
2557.67
2557.98
2558.28
2558.59
2558.89
2559.2
2559.5
2559.81
2560.11
2560.41
2560.71
2561.02
2561.32
2561.62
iteracion: 1973
--- next_x
2335.51
2335.55
2335.59
2335.63
2335.67
2335.71
2335.74
2335.78
2335.82
2335.86
2335.89
2335.93
2335.96
2336
2336.03
2336.07
2336.1
2336.14
2336.17
2336.2
2336.23
2336.26
2336.29
2336.32
2336.35
2336.38
2336.41
2336.44
2336.47
2336.5
2336.53
2336.56
2336.58
2336.61
2336.64
2336.67
2336.69
2336.72
2336.75
2336.77
2336.8
2336.82
2336.85
2336.88
2336.9
2336.93
2336.95
2336.97
2336.99
2337.01
--- next_y
2546.26
2546.59
2546.92
2547.24
2547.57
2547.89
2548.22
2548.54
2548.86
2549.19
2549.51
2549.83
2550.15
2550.47
2550.79
2551.11
2551.43
2551.75
2552.07
2552.38
2552.7
2553.01
2553.33
2553.64
2553.96
2554.27
2554.58
2554.89
2555.2
2555.51
2555.82
2556.13
2556.44
2556.75
2557.06
2557.36
2557.67
2557.98
2558.28
2558.59
2558.89
2559.2
2559.5
2559.81
2560.11
2560.41
2560.71
2561.01
2561.31
2561.61
