iteracion: 940
--- next_x
2058.11
2058.21
2058.31
2058.41
2058.51
2058.61
2058.7
2058.8
2058.9
2059
2059.09
2059.19
2059.29
2059.38
2059.48
2059.57
2059.67
2059.76
2059.86
2059.95
2060.04
2060.14
2060.23
2060.32
2060.41
2060.51
2060.6
2060.69
2060.78
2060.87
2060.97
2061.06
2061.15
2061.24
2061.33
2061.42
2061.51
2061.6
2061.69
2061.78
2061.86
2061.95
2062.04
2062.13
2062.22
2062.31
2062.39
2062.48
2062.57
2062.66
--- next_y
1281.71
1281.94
1282.18
1282.42
1282.65
1282.89
1283.13
1283.36
1283.6
1283.83
1284.07
1284.3
1284.54
1284.77
1285
1285.23
1285.46
1285.69
1285.92
1286.15
1286.38
1286.61
1286.84
1287.07
1287.3
1287.52
1287.75
1287.98
1288.2
1288.43
1288.65
1288.88
1289.1
1289.33
1289.55
1289.77
1289.99
1290.22
1290.44
1290.66
1290.88
1291.1
1291.32
1291.54
1291.75
1291.97
1292.19
1292.41
1292.63
1292.85
iteracion: 940
--- next_x
2058.11
2058.21
2058.31
2058.41
2058.51
2058.61
2058.7
2058.8
2058.9
2059
2059.09
2059.19
2059.29
2059.38
2059.48
2059.57
2059.67
2059.76
2059.86
2059.95
2060.04
2060.14
2060.23
2060.32
2060.41
2060.51
2060.6
2060.69
2060.78
2060.87
2060.97
2061.06
2061.15
2061.24
2061.33
2061.42
2061.51
2061.6
2061.69
2061.78
2061.86
2061.95
2062.04
2062.13
2062.22
2062.31
2062.39
2062.48
2062.57
2062.66
--- next_y
1281.71
1281.94
1282.18
1282.42
1282.65
1282.89
1283.13
1283.36
1283.6
1283.83
1284.07
1284.3
1284.54
1284.77
1285
1285.23
1285.46
1285.69
1285.92
1286.15
1286.38
1286.61
1286.84
1287.07
1287.3
1287.52
1287.75
1287.98
1288.2
1288.43
1288.65
1288.88
1289.1
1289.33
1289.55
1289.77
1289.99
1290.22
1290.44
1290.66
1290.88
1291.1
1291.32
1291.54
1291.75
1291.97
1292.19
1292.41
1292.62
1292.84
iteracion: 940
--- next_x
2058.11
2058.21
2058.31
2058.41
2058.51
2058.61
2058.7
2058.8
2058.9
2059
2059.09
2059.19
2059.29
2059.38
2059.48
2059.57
2059.67
2059.76
2059.86
2059.95
2060.04
2060.14
2060.23
2060.32
2060.41
2060.51
2060.6
2060.69
2060.78
2060.87
2060.97
2061.06
2061.15
2061.24
2061.33
2061.42
2061.51
2061.6
2061.69
2061.78
2061.86
2061.95
2062.04
2062.13
2062.22
2062.31
2062.39
2062.48
2062.56
2062.65
--- next_y
1281.71
1281.94
1282.18
1282.42
1282.65
1282.89
1283.13
1283.36
1283.6
1283.83
1284.07
1284.3
1284.54
1284.77
1285
1285.23
1285.46
1285.69
1285.92
1286.15
1286.38
1286.61
1286.84
1287.07
1287.3
1287.52
1287.75
1287.98
1288.2
1288.43
1288.65
1288.88
1289.1
1289.33
1289.55
1289.77
1289.99
1290.22
1290.44
1290.66
1290.88
1291.1
1291.32
1291.54
1291.75
1291.97
1292.19
1292.41
1292.62
1292.84
