iteracion: 2047
--- next_x
2337.95
2337.95
2337.95
2337.95
2337.95
2337.95
2337.95
2337.96
2337.96
2337.96
2337.97
2337.97
2337.97
2337.98
2337.98
2337.99
2337.99
2337.99
2338
2338
2338.01
2338.01
2338.02
2338.02
2338.03
2338.03
2338.04
2338.05
2338.05
2338.06
2338.07
2338.07
2338.08
2338.09
2338.09
2338.1
2338.11
2338.11
2338.12
2338.13
2338.14
2338.14
2338.15
2338.16
2338.16
2338.17
2338.18
2338.19
2338.2
2338.2
--- next_y
2634.34
2634.75
2635.16
2635.57
2635.98
2636.4
2636.81
2637.23
2637.64
2638.06
2638.47
2638.88
2639.3
2639.71
2640.12
2640.53
2640.94
2641.35
2641.76
2642.17
2642.58
2642.98
2643.39
2643.8
2644.2
2644.61
2645.01
2645.41
2645.82
2646.22
2646.62
2647.03
2647.43
2647.83
2648.23
2648.63
2649.03
2649.43
2649.82
2650.22
2650.61
2651.01
2651.41
2651.8
2652.19
2652.58
2652.98
2653.37
2653.76
2654.16
iteracion: 2047
--- next_x
2337.95
2337.95
2337.95
2337.95
2337.95
2337.95
2337.95
2337.96
2337.96
2337.96
2337.97
2337.97
2337.97
2337.98
2337.98
2337.99
2337.99
2337.99
2338
2338
2338.01
2338.01
2338.02
2338.02
2338.03
2338.03
2338.04
2338.05
2338.05
2338.06
2338.07
2338.07
2338.08
2338.09
2338.09
2338.1
2338.11
2338.11
2338.12
2338.13
2338.14
2338.14
2338.15
2338.16
2338.16
2338.17
2338.18
2338.19
2338.2
2338.22
--- next_y
2634.34
2634.75
2635.16
2635.57
2635.98
2636.4
2636.81
2637.23
2637.64
2638.06
2638.47
2638.88
2639.3
2639.71
2640.12
2640.53
2640.94
2641.35
2641.76
2642.17
2642.58
2642.98
2643.39
2643.8
2644.2
2644.61
2645.01
2645.41
2645.82
2646.22
2646.62
2647.03
2647.43
2647.83
2648.23
2648.63
2649.03
2649.43
2649.82
2650.22
2650.61
2651.01
2651.41
2651.8
2652.19
2652.58
2652.98
2653.37
2653.75
2654.14
iteracion: 2047
--- next_x
2337.95
2337.95
2337.95
2337.95
2337.95
2337.95
2337.95
2337.96
2337.96
2337.96
2337.97
2337.97
2337.97
2337.98
2337.98
2337.99
2337.99
2337.99
2338
2338
2338.01
2338.01
2338.02
2338.02
2338.03
2338.03
2338.04
2338.05
2338.05
2338.06
2338.07
2338.07
2338.08
2338.09
2338.09
2338.1
2338.11
2338.11
2338.12
2338.13
2338.14
2338.14
2338.15
2338.16
2338.16
2338.17
2338.18
2338.18
2338.19
2338.18
--- next_y
2634.34
2634.75
2635.16
2635.57
2635.98
2636.4
2636.81
2637.23
2637.64
2638.06
2638.47
2638.88
2639.3
2639.71
2640.12
2640.53
2640.94
2641.35
2641.76
2642.17
2642.58
2642.98
2643.39
2643.8
2644.2
2644.61
2645.01
2645.41
2645.82
2646.22
2646.62
2647.03
2647.43
2647.83
2648.23
2648.63
2649.03
2649.43
2649.82
2650.22
2650.61
2651.01
2651.41
2651.8
2652.19
2652.58
2652.98
2653.37
2653.76
2654.14
