iteracion: 983
--- next_x
2138.46
2138.52
2138.58
2138.64
2138.7
2138.76
2138.82
2138.88
2138.94
2139
2139.06
2139.12
2139.18
2139.24
2139.3
2139.36
2139.42
2139.48
2139.54
2139.6
2139.66
2139.72
2139.78
2139.84
2139.9
2139.96
2140.02
2140.07
2140.14
2140.19
2140.25
2140.31
2140.37
2140.43
2140.49
2140.55
2140.6
2140.66
2140.72
2140.78
2140.84
2140.9
2140.95
2141.01
2141.07
2141.13
2141.18
2141.24
2141.3
2141.36
--- next_y
1615.24
1615.57
1615.9
1616.23
1616.55
1616.88
1617.2
1617.52
1617.85
1618.17
1618.48
1618.8
1619.11
1619.43
1619.74
1620.05
1620.36
1620.67
1620.99
1621.29
1621.6
1621.9
1622.21
1622.51
1622.81
1623.12
1623.42
1623.71
1624.01
1624.31
1624.6
1624.89
1625.18
1625.48
1625.77
1626.05
1626.34
1626.63
1626.91
1627.19
1627.48
1627.76
1628.04
1628.32
1628.59
1628.87
1629.15
1629.42
1629.7
1629.98
iteracion: 983
--- next_x
2138.46
2138.52
2138.58
2138.64
2138.7
2138.76
2138.82
2138.88
2138.94
2139
2139.06
2139.12
2139.18
2139.24
2139.3
2139.36
2139.42
2139.48
2139.54
2139.6
2139.66
2139.72
2139.78
2139.84
2139.9
2139.96
2140.02
2140.07
2140.14
2140.19
2140.25
2140.31
2140.37
2140.43
2140.49
2140.55
2140.6
2140.66
2140.72
2140.78
2140.84
2140.9
2140.95
2141.01
2141.07
2141.13
2141.18
2141.24
2141.3
2141.36
--- next_y
1615.24
1615.57
1615.9
1616.23
1616.55
1616.88
1617.2
1617.52
1617.85
1618.17
1618.48
1618.8
1619.11
1619.43
1619.74
1620.05
1620.36
1620.67
1620.99
1621.29
1621.6
1621.9
1622.21
1622.51
1622.81
1623.12
1623.42
1623.71
1624.01
1624.31
1624.6
1624.89
1625.18
1625.48
1625.77
1626.05
1626.34
1626.63
1626.91
1627.19
1627.48
1627.76
1628.04
1628.32
1628.59
1628.87
1629.14
1629.42
1629.69
1629.96
iteracion: 983
--- next_x
2138.46
2138.52
2138.58
2138.64
2138.7
2138.76
2138.82
2138.88
2138.94
2139
2139.06
2139.12
2139.18
2139.24
2139.3
2139.36
2139.42
2139.48
2139.54
2139.6
2139.66
2139.72
2139.78
2139.84
2139.9
2139.96
2140.02
2140.07
2140.14
2140.19
2140.25
2140.31
2140.37
2140.43
2140.49
2140.55
2140.6
2140.66
2140.72
2140.78
2140.84
2140.9
2140.95
2141.01
2141.07
2141.13
2141.18
2141.24
2141.29
2141.34
--- next_y
1615.24
1615.57
1615.9
1616.23
1616.55
1616.88
1617.2
1617.52
1617.85
1618.17
1618.48
1618.8
1619.11
1619.43
1619.74
1620.05
1620.36
1620.67
1620.99
1621.29
1621.6
1621.9
1622.21
1622.51
1622.81
1623.12
1623.42
1623.71
1624.01
1624.31
1624.6
1624.89
1625.18
1625.48
1625.77
1626.05
1626.34
1626.63
1626.91
1627.19
1627.48
1627.76
1628.04
1628.32
1628.59
1628.87
1629.15
1629.42
1629.7
1629.97
