iteracion: 543
--- next_x
1622.93
1623.23
1623.54
1623.85
1624.15
1624.45
1624.76
1625.06
1625.36
1625.66
1625.97
1626.27
1626.57
1626.87
1627.16
1627.46
1627.76
1628.06
1628.36
1628.65
1628.94
1629.24
1629.54
1629.83
1630.12
1630.41
1630.71
1631
1631.29
1631.58
1631.87
1632.16
1632.45
1632.73
1633.02
1633.31
1633.6
1633.88
1634.17
1634.45
1634.73
1635.02
1635.3
1635.58
1635.86
1636.14
1636.42
1636.71
1636.99
1637.27
--- next_y
1153.53
1153.49
1153.46
1153.42
1153.39
1153.36
1153.32
1153.29
1153.26
1153.22
1153.19
1153.15
1153.12
1153.09
1153.05
1153.02
1152.99
1152.95
1152.92
1152.89
1152.85
1152.82
1152.79
1152.76
1152.73
1152.69
1152.66
1152.63
1152.6
1152.57
1152.54
1152.5
1152.47
1152.44
1152.41
1152.38
1152.35
1152.32
1152.29
1152.26
1152.22
1152.19
1152.17
1152.14
1152.11
1152.08
1152.05
1152.02
1151.99
1151.96
iteracion: 543
--- next_x
1622.93
1623.23
1623.54
1623.85
1624.15
1624.45
1624.76
1625.06
1625.36
1625.66
1625.97
1626.27
1626.57
1626.87
1627.16
1627.46
1627.76
1628.06
1628.36
1628.65
1628.94
1629.24
1629.54
1629.83
1630.12
1630.41
1630.71
1631
1631.29
1631.58
1631.87
1632.16
1632.45
1632.73
1633.02
1633.31
1633.6
1633.88
1634.17
1634.45
1634.73
1635.02
1635.3
1635.58
1635.86
1636.14
1636.42
1636.7
1636.98
1637.26
--- next_y
1153.53
1153.49
1153.46
1153.42
1153.39
1153.36
1153.32
1153.29
1153.26
1153.22
1153.19
1153.15
1153.12
1153.09
1153.05
1153.02
1152.99
1152.95
1152.92
1152.89
1152.85
1152.82
1152.79
1152.76
1152.73
1152.69
1152.66
1152.63
1152.6
1152.57
1152.54
1152.5
1152.47
1152.44
1152.41
1152.38
1152.35
1152.32
1152.29
1152.26
1152.22
1152.19
1152.17
1152.14
1152.11
1152.08
1152.05
1152.01
1151.98
1151.95
iteracion: 543
--- next_x
1622.93
1623.23
1623.54
1623.85
1624.15
1624.45
1624.76
1625.06
1625.36
1625.66
1625.97
1626.27
1626.57
1626.87
1627.16
1627.46
1627.76
1628.06
1628.36
1628.65
1628.94
1629.24
1629.54
1629.83
1630.12
1630.41
1630.71
1631
1631.29
1631.58
1631.87
1632.16
1632.45
1632.73
1633.02
1633.31
1633.6
1633.88
1634.17
1634.45
1634.73
1635.02
1635.3
1635.58
1635.86
1636.14
1636.42
1636.7
1636.98
1637.26
--- next_y
1153.53
1153.49
1153.46
1153.42
1153.39
1153.36
1153.32
1153.29
1153.26
1153.22
1153.19
1153.15
1153.12
1153.09
1153.05
1153.02
1152.99
1152.95
1152.92
1152.89
1152.85
1152.82
1152.79
1152.76
1152.73
1152.69
1152.66
1152.63
1152.6
1152.57
1152.54
1152.5
1152.47
1152.44
1152.41
1152.38
1152.35
1152.32
1152.29
1152.26
1152.22
1152.19
1152.17
1152.14
1152.11
1152.08
1152.05
1152.03
1152
1151.98
