iteracion: 1782
--- next_x
2279.67
2279.78
2279.89
2280
2280.11
2280.22
2280.33
2280.44
2280.55
2280.67
2280.78
2280.89
2281
2281.11
2281.22
2281.33
2281.44
2281.55
2281.66
2281.77
2281.88
2281.98
2282.09
2282.2
2282.31
2282.42
2282.53
2282.63
2282.74
2282.85
2282.96
2283.07
2283.17
2283.28
2283.39
2283.49
2283.6
2283.71
2283.82
2283.92
2284.03
2284.14
2284.24
2284.34
2284.45
2284.56
2284.66
2284.77
2284.87
2284.98
--- next_y
2320.16
2320.5
2320.84
2321.18
2321.51
2321.85
2322.19
2322.53
2322.86
2323.2
2323.53
2323.86
2324.2
2324.53
2324.86
2325.2
2325.53
2325.86
2326.19
2326.51
2326.84
2327.17
2327.5
2327.82
2328.15
2328.48
2328.8
2329.13
2329.45
2329.77
2330.09
2330.42
2330.74
2331.06
2331.38
2331.7
2332.02
2332.33
2332.65
2332.97
2333.28
2333.6
2333.91
2334.23
2334.54
2334.85
2335.17
2335.48
2335.8
2336.11
iteracion: 1782
--- next_x
2279.67
2279.78
2279.89
2280
2280.11
2280.22
2280.33
2280.44
2280.55
2280.67
2280.78
2280.89
2281
2281.11
2281.22
2281.33
2281.44
2281.55
2281.66
2281.77
2281.88
2281.98
2282.09
2282.2
2282.31
2282.42
2282.53
2282.63
2282.74
2282.85
2282.96
2283.07
2283.17
2283.28
2283.39
2283.49
2283.6
2283.71
2283.82
2283.92
2284.03
2284.14
2284.24
2284.34
2284.45
2284.56
2284.66
2284.77
2284.88
2284.99
--- next_y
2320.16
2320.5
2320.84
2321.18
2321.51
2321.85
2322.19
2322.53
2322.86
2323.2
2323.53
2323.86
2324.2
2324.53
2324.86
2325.2
2325.53
2325.86
2326.19
2326.51
2326.84
2327.17
2327.5
2327.82
2328.15
2328.48
2328.8
2329.13
2329.45
2329.77
2330.09
2330.42
2330.74
2331.06
2331.38
2331.7
2332.02
2332.33
2332.65
2332.97
2333.28
2333.6
2333.91
2334.23
2334.54
2334.85
2335.16
2335.47
2335.78
2336.09
iteracion: 1782
--- next_x
2279.67
2279.78
2279.89
2280
2280.11
2280.22
2280.33
2280.44
2280.55
2280.67
2280.78
2280.89
2281
2281.11
2281.22
2281.33
2281.44
2281.55
2281.66
2281.77
2281.88
2281.98
2282.09
2282.2
2282.31
2282.42
2282.53
2282.63
2282.74
2282.85
2282.96
2283.07
2283.17
2283.28
2283.39
2283.49
2283.6
2283.71
2283.82
2283.92
2284.03
2284.14
2284.24
2284.34
2284.45
2284.56
2284.66
2284.76
2284.86
2284.95
--- next_y
2320.16
2320.5
2320.84
2321.18
2321.51
2321.85
2322.19
2322.53
2322.86
2323.2
2323.53
2323.86
2324.2
2324.53
2324.86
2325.2
2325.53
2325.86
2326.19
2326.51
2326.84
2327.17
2327.5
2327.82
2328.15
2328.48
2328.8
2329.13
2329.45
2329.77
2330.09
2330.42
2330.74
2331.06
2331.38
2331.7
2332.02
2332.33
2332.65
2332.97
2333.28
2333.6
2333.91
2334.23
2334.54
2334.85
2335.17
2335.48
2335.79
2336.1
