iteracion: 531
--- next_x
1607.94
1608.27
1608.61
1608.94
1609.27
1609.6
1609.93
1610.26
1610.59
1610.91
1611.24
1611.57
1611.89
1612.22
1612.54
1612.87
1613.19
1613.51
1613.83
1614.15
1614.47
1614.79
1615.11
1615.43
1615.75
1616.07
1616.38
1616.7
1617.02
1617.33
1617.65
1617.96
1618.28
1618.59
1618.9
1619.22
1619.53
1619.84
1620.15
1620.46
1620.77
1621.08
1621.39
1621.7
1622.01
1622.32
1622.62
1622.93
1623.24
1623.55
--- next_y
1155.06
1155.03
1155
1154.97
1154.94
1154.9
1154.87
1154.84
1154.81
1154.78
1154.74
1154.71
1154.68
1154.65
1154.62
1154.58
1154.55
1154.52
1154.49
1154.46
1154.42
1154.39
1154.36
1154.33
1154.3
1154.26
1154.23
1154.2
1154.17
1154.13
1154.1
1154.07
1154.04
1154
1153.97
1153.93
1153.9
1153.87
1153.83
1153.8
1153.77
1153.73
1153.7
1153.66
1153.63
1153.6
1153.56
1153.53
1153.49
1153.46
iteracion: 531
--- next_x
1607.94
1608.27
1608.61
1608.94
1609.27
1609.6
1609.93
1610.26
1610.59
1610.91
1611.24
1611.57
1611.89
1612.22
1612.54
1612.87
1613.19
1613.51
1613.83
1614.15
1614.47
1614.79
1615.11
1615.43
1615.75
1616.07
1616.38
1616.7
1617.02
1617.33
1617.65
1617.96
1618.28
1618.59
1618.9
1619.22
1619.53
1619.84
1620.15
1620.46
1620.77
1621.08
1621.39
1621.7
1622.01
1622.32
1622.62
1622.93
1623.23
1623.54
--- next_y
1155.06
1155.03
1155
1154.97
1154.94
1154.9
1154.87
1154.84
1154.81
1154.78
1154.74
1154.71
1154.68
1154.65
1154.62
1154.58
1154.55
1154.52
1154.49
1154.46
1154.42
1154.39
1154.36
1154.33
1154.3
1154.26
1154.23
1154.2
1154.17
1154.13
1154.1
1154.07
1154.04
1154
1153.97
1153.93
1153.9
1153.87
1153.83
1153.8
1153.77
1153.73
1153.7
1153.66
1153.63
1153.6
1153.56
1153.52
1153.48
1153.44
iteracion: 531
--- next_x
1607.94
1608.27
1608.61
1608.94
1609.27
1609.6
1609.93
1610.26
1610.59
1610.91
1611.24
1611.57
1611.89
1612.22
1612.54
1612.87
1613.19
1613.51
1613.83
1614.15
1614.47
1614.79
1615.11
1615.43
1615.75
1616.07
1616.38
1616.7
1617.02
1617.33
1617.65
1617.96
1618.28
1618.59
1618.9
1619.22
1619.53
1619.84
1620.15
1620.46
1620.77
1621.08
1621.39
1621.7
1622.01
1622.32
1622.62
1622.93
1623.23
1623.54
--- next_y
1155.06
1155.03
1155
1154.97
1154.94
1154.9
1154.87
1154.84
1154.81
1154.78
1154.74
1154.71
1154.68
1154.65
1154.62
1154.58
1154.55
1154.52
1154.49
1154.46
1154.42
1154.39
1154.36
1154.33
1154.3
1154.26
1154.23
1154.2
1154.17
1154.13
1154.1
1154.07
1154.04
1154
1153.97
1153.93
1153.9
1153.87
1153.83
1153.8
1153.77
1153.73
1153.7
1153.66
1153.63
1153.6
1153.56
1153.53
1153.5
1153.48
