iteracion: 1562
--- next_x
2217.9
2217.98
2218.07
2218.16
2218.24
2218.33
2218.42
2218.51
2218.59
2218.68
2218.77
2218.86
2218.95
2219.04
2219.13
2219.22
2219.31
2219.4
2219.49
2219.58
2219.67
2219.76
2219.85
2219.94
2220.03
2220.13
2220.22
2220.31
2220.4
2220.49
2220.59
2220.68
2220.77
2220.86
2220.96
2221.05
2221.14
2221.24
2221.33
2221.42
2221.52
2221.61
2221.7
2221.8
2221.89
2221.99
2222.08
2222.18
2222.27
2222.37
--- next_y
2059.81
2060.18
2060.56
2060.93
2061.31
2061.68
2062.05
2062.42
2062.79
2063.16
2063.53
2063.9
2064.27
2064.64
2065
2065.37
2065.73
2066.1
2066.46
2066.83
2067.19
2067.55
2067.91
2068.27
2068.63
2068.99
2069.35
2069.71
2070.06
2070.42
2070.77
2071.13
2071.48
2071.84
2072.19
2072.54
2072.89
2073.24
2073.59
2073.94
2074.29
2074.64
2074.99
2075.33
2075.68
2076.03
2076.37
2076.72
2077.07
2077.41
iteracion: 1562
--- next_x
2217.9
2217.98
2218.07
2218.16
2218.24
2218.33
2218.42
2218.51
2218.59
2218.68
2218.77
2218.86
2218.95
2219.04
2219.13
2219.22
2219.31
2219.4
2219.49
2219.58
2219.67
2219.76
2219.85
2219.94
2220.03
2220.13
2220.22
2220.31
2220.4
2220.49
2220.59
2220.68
2220.77
2220.86
2220.96
2221.05
2221.14
2221.24
2221.33
2221.42
2221.52
2221.61
2221.7
2221.8
2221.89
2221.99
2222.09
2222.19
2222.29
2222.4
--- next_y
2059.81
2060.18
2060.56
2060.93
2061.31
2061.68
2062.05
2062.42
2062.79
2063.16
2063.53
2063.9
2064.27
2064.64
2065
2065.37
2065.73
2066.1
2066.46
2066.83
2067.19
2067.55
2067.91
2068.27
2068.63
2068.99
2069.35
2069.71
2070.06
2070.42
2070.77
2071.13
2071.48
2071.84
2072.19
2072.54
2072.89
2073.24
2073.59
2073.94
2074.29
2074.64
2074.99
2075.33
2075.68
2076.02
2076.36
2076.7
2077.04
2077.38
iteracion: 1562
--- next_x
2217.9
2217.98
2218.07
2218.16
2218.24
2218.33
2218.42
2218.51
2218.59
2218.68
2218.77
2218.86
2218.95
2219.04
2219.13
2219.22
2219.31
2219.4
2219.49
2219.58
2219.67
2219.76
2219.85
2219.94
2220.03
2220.13
2220.22
2220.31
2220.4
2220.49
2220.59
2220.68
2220.77
2220.86
2220.96
2221.05
2221.14
2221.24
2221.33
2221.42
2221.52
2221.61
2221.7
2221.8
2221.89
2221.99
2222.08
2222.16
2222.25
2222.33
--- next_y
2059.81
2060.18
2060.56
2060.93
2061.31
2061.68
2062.05
2062.42
2062.79
2063.16
2063.53
2063.9
2064.27
2064.64
2065
2065.37
2065.73
2066.1
2066.46
2066.83
2067.19
2067.55
2067.91
2068.27
2068.63
2068.99
2069.35
2069.71
2070.06
2070.42
2070.77
2071.13
2071.48
2071.84
2072.19
2072.54
2072.89
2073.24
2073.59
2073.94
2074.29
2074.64
2074.99
2075.33
2075.68
2076.02
2076.37
2076.72
2077.06
2077.41
