iteracion: 360
--- next_x
1402.47
1402.81
1403.15
1403.49
1403.84
1404.17
1404.51
1404.85
1405.19
1405.53
1405.86
1406.2
1406.54
1406.87
1407.2
1407.54
1407.87
1408.21
1408.54
1408.87
1409.2
1409.53
1409.86
1410.19
1410.52
1410.85
1411.18
1411.5
1411.83
1412.15
1412.48
1412.81
1413.13
1413.45
1413.77
1414.1
1414.42
1414.74
1415.06
1415.38
1415.7
1416.02
1416.34
1416.65
1416.97
1417.29
1417.61
1417.93
1418.25
1418.56
--- next_y
1176.15
1176.11
1176.07
1176.03
1175.99
1175.95
1175.91
1175.87
1175.83
1175.79
1175.74
1175.7
1175.66
1175.62
1175.58
1175.54
1175.5
1175.46
1175.42
1175.38
1175.34
1175.29
1175.25
1175.21
1175.17
1175.13
1175.09
1175.05
1175.01
1174.97
1174.93
1174.89
1174.85
1174.81
1174.77
1174.73
1174.69
1174.65
1174.61
1174.57
1174.53
1174.49
1174.45
1174.42
1174.38
1174.34
1174.3
1174.26
1174.22
1174.18
iteracion: 360
--- next_x
1402.47
1402.81
1403.15
1403.49
1403.84
1404.17
1404.51
1404.85
1405.19
1405.53
1405.86
1406.2
1406.54
1406.87
1407.2
1407.54
1407.87
1408.21
1408.54
1408.87
1409.2
1409.53
1409.86
1410.19
1410.52
1410.85
1411.18
1411.5
1411.83
1412.15
1412.48
1412.81
1413.13
1413.45
1413.77
1414.1
1414.42
1414.74
1415.06
1415.38
1415.7
1416.02
1416.34
1416.65
1416.97
1417.29
1417.6
1417.92
1418.23
1418.55
--- next_y
1176.15
1176.11
1176.07
1176.03
1175.99
1175.95
1175.91
1175.87
1175.83
1175.79
1175.74
1175.7
1175.66
1175.62
1175.58
1175.54
1175.5
1175.46
1175.42
1175.38
1175.34
1175.29
1175.25
1175.21
1175.17
1175.13
1175.09
1175.05
1175.01
1174.97
1174.93
1174.89
1174.85
1174.81
1174.77
1174.73
1174.69
1174.65
1174.61
1174.57
1174.53
1174.49
1174.45
1174.42
1174.38
1174.34
1174.29
1174.25
1174.21
1174.16
iteracion: 360
--- next_x
1402.47
1402.81
1403.15
1403.49
1403.84
1404.17
1404.51
1404.85
1405.19
1405.53
1405.86
1406.2
1406.54
1406.87
1407.2
1407.54
1407.87
1408.21
1408.54
1408.87
1409.2
1409.53
1409.86
1410.19
1410.52
1410.85
1411.18
1411.5
1411.83
1412.15
1412.48
1412.81
1413.13
1413.45
1413.77
1414.1
1414.42
1414.74
1415.06
1415.38
1415.7
1416.02
1416.34
1416.65
1416.97
1417.29
1417.61
1417.92
1418.24
1418.56
--- next_y
1176.15
1176.11
1176.07
1176.03
1175.99
1175.95
1175.91
1175.87
1175.83
1175.79
1175.74
1175.7
1175.66
1175.62
1175.58
1175.54
1175.5
1175.46
1175.42
1175.38
1175.34
1175.29
1175.25
1175.21
1175.17
1175.13
1175.09
1175.05
1175.01
1174.97
1174.93
1174.89
1174.85
1174.81
1174.77
1174.73
1174.69
1174.65
1174.61
1174.57
1174.53
1174.49
1174.45
1174.42
1174.38
1174.34
1174.3
1174.27
1174.24
1174.21
