iteracion: 1466
--- next_x
2192.3
2192.34
2192.38
2192.43
2192.47
2192.52
2192.56
2192.6
2192.65
2192.69
2192.73
2192.78
2192.82
2192.86
2192.91
2192.95
2192.99
2193.03
2193.08
2193.12
2193.16
2193.21
2193.25
2193.29
2193.34
2193.38
2193.42
2193.46
2193.51
2193.55
2193.59
2193.64
2193.68
2193.72
2193.76
2193.8
2193.85
2193.89
2193.93
2193.98
2194.02
2194.06
2194.11
2194.15
2194.19
2194.23
2194.28
2194.32
2194.36
2194.41
--- next_y
1930.06
1930.31
1930.55
1930.8
1931.05
1931.29
1931.54
1931.78
1932.03
1932.27
1932.51
1932.75
1932.99
1933.23
1933.47
1933.72
1933.96
1934.19
1934.43
1934.67
1934.91
1935.14
1935.38
1935.62
1935.85
1936.08
1936.32
1936.55
1936.78
1937.01
1937.24
1937.47
1937.7
1937.93
1938.15
1938.38
1938.61
1938.83
1939.06
1939.28
1939.51
1939.73
1939.95
1940.17
1940.4
1940.62
1940.84
1941.06
1941.28
1941.5
iteracion: 1466
--- next_x
2192.3
2192.34
2192.38
2192.43
2192.47
2192.52
2192.56
2192.6
2192.65
2192.69
2192.73
2192.78
2192.82
2192.86
2192.91
2192.95
2192.99
2193.03
2193.08
2193.12
2193.16
2193.21
2193.25
2193.29
2193.34
2193.38
2193.42
2193.46
2193.51
2193.55
2193.59
2193.64
2193.68
2193.72
2193.76
2193.8
2193.85
2193.89
2193.93
2193.98
2194.02
2194.06
2194.11
2194.15
2194.19
2194.23
2194.28
2194.32
2194.37
2194.41
--- next_y
1930.06
1930.31
1930.55
1930.8
1931.05
1931.29
1931.54
1931.78
1932.03
1932.27
1932.51
1932.75
1932.99
1933.23
1933.47
1933.72
1933.96
1934.19
1934.43
1934.67
1934.91
1935.14
1935.38
1935.62
1935.85
1936.08
1936.32
1936.55
1936.78
1937.01
1937.24
1937.47
1937.7
1937.93
1938.15
1938.38
1938.61
1938.83
1939.06
1939.28
1939.51
1939.73
1939.95
1940.17
1940.4
1940.62
1940.84
1941.06
1941.28
1941.5
iteracion: 1466
--- next_x
2192.3
2192.34
2192.38
2192.43
2192.47
2192.52
2192.56
2192.6
2192.65
2192.69
2192.73
2192.78
2192.82
2192.86
2192.91
2192.95
2192.99
2193.03
2193.08
2193.12
2193.16
2193.21
2193.25
2193.29
2193.34
2193.38
2193.42
2193.46
2193.51
2193.55
2193.59
2193.64
2193.68
2193.72
2193.76
2193.8
2193.85
2193.89
2193.93
2193.98
2194.02
2194.06
2194.11
2194.15
2194.19
2194.23
2194.28
2194.32
2194.36
2194.4
--- next_y
1930.06
1930.31
1930.55
1930.8
1931.05
1931.29
1931.54
1931.78
1932.03
1932.27
1932.51
1932.75
1932.99
1933.23
1933.47
1933.72
1933.96
1934.19
1934.43
1934.67
1934.91
1935.14
1935.38
1935.62
1935.85
1936.08
1936.32
1936.55
1936.78
1937.01
1937.24
1937.47
1937.7
1937.93
1938.15
1938.38
1938.61
1938.83
1939.06
1939.28
1939.51
1939.73
1939.95
1940.17
1940.4
1940.62
1940.84
1941.06
1941.28
1941.5
