iteracion: 1970
--- next_x
2335.05
2335.09
2335.14
2335.18
2335.22
2335.26
2335.31
2335.35
2335.39
2335.43
2335.47
2335.51
2335.55
2335.59
2335.63
2335.67
2335.71
2335.74
2335.78
2335.82
2335.86
2335.89
2335.93
2335.96
2336
2336.03
2336.07
2336.1
2336.14
2336.17
2336.2
2336.23
2336.26
2336.29
2336.32
2336.35
2336.38
2336.41
2336.44
2336.47
2336.5
2336.53
2336.56
2336.58
2336.61
2336.64
2336.67
2336.69
2336.72
2336.75
--- next_y
2542.63
2542.96
2543.29
2543.62
2543.96
2544.29
2544.62
2544.95
2545.28
2545.61
2545.94
2546.26
2546.59
2546.92
2547.24
2547.57
2547.89
2548.22
2548.54
2548.86
2549.19
2549.51
2549.83
2550.15
2550.47
2550.79
2551.11
2551.43
2551.75
2552.07
2552.38
2552.7
2553.01
2553.33
2553.64
2553.96
2554.27
2554.58
2554.89
2555.2
2555.51
2555.82
2556.13
2556.44
2556.75
2557.06
2557.37
2557.68
2557.99
2558.3
iteracion: 1970
--- next_x
2335.05
2335.09
2335.14
2335.18
2335.22
2335.26
2335.31
2335.35
2335.39
2335.43
2335.47
2335.51
2335.55
2335.59
2335.63
2335.67
2335.71
2335.74
2335.78
2335.82
2335.86
2335.89
2335.93
2335.96
2336
2336.03
2336.07
2336.1
2336.14
2336.17
2336.2
2336.23
2336.26
2336.29
2336.32
2336.35
2336.38
2336.41
2336.44
2336.47
2336.5
2336.53
2336.56
2336.58
2336.61
2336.64
2336.67
2336.7
2336.73
2336.77
--- next_y
2542.63
2542.96
2543.29
2543.62
2543.96
2544.29
2544.62
2544.95
2545.28
2545.61
2545.94
2546.26
2546.59
2546.92
2547.24
2547.57
2547.89
2548.22
2548.54
2548.86
2549.19
2549.51
2549.83
2550.15
2550.47
2550.79
2551.11
2551.43
2551.75
2552.07
2552.38
2552.7
2553.01
2553.33
2553.64
2553.96
2554.27
2554.58
2554.89
2555.2
2555.51
2555.82
2556.13
2556.44
2556.75
2557.06
2557.37
2557.67
2557.98
2558.29
iteracion: 1970
--- next_x
2335.05
2335.09
2335.14
2335.18
2335.22
2335.26
2335.31
2335.35
2335.39
2335.43
2335.47
2335.51
2335.55
2335.59
2335.63
2335.67
2335.71
2335.74
2335.78
2335.82
2335.86
2335.89
2335.93
2335.96
2336
2336.03
2336.07
2336.1
2336.14
2336.17
2336.2
2336.23
2336.26
2336.29
2336.32
2336.35
2336.38
2336.41
2336.44
2336.47
2336.5
2336.53
2336.56
2336.58
2336.61
2336.64
2336.66
2336.68
2336.7
2336.72
--- next_y
2542.63
2542.96
2543.29
2543.62
2543.96
2544.29
2544.62
2544.95
2545.28
2545.61
2545.94
2546.26
2546.59
2546.92
2547.24
2547.57
2547.89
2548.22
2548.54
2548.86
2549.19
2549.51
2549.83
2550.15
2550.47
2550.79
2551.11
2551.43
2551.75
2552.07
2552.38
2552.7
2553.01
2553.33
2553.64
2553.96
2554.27
2554.58
2554.89
2555.2
2555.51
2555.82
2556.13
2556.44
2556.75
2557.06
2557.36
2557.67
2557.97
2558.28
