iteracion: 1983
--- next_x
2336.77
2336.8
2336.82
2336.85
2336.88
2336.9
2336.93
2336.95
2336.97
2337
2337.02
2337.05
2337.07
2337.09
2337.11
2337.13
2337.15
2337.17
2337.19
2337.21
2337.23
2337.25
2337.27
2337.29
2337.3
2337.32
2337.34
2337.36
2337.37
2337.39
2337.4
2337.42
2337.43
2337.45
2337.46
2337.48
2337.49
2337.5
2337.51
2337.53
2337.54
2337.55
2337.56
2337.57
2337.58
2337.59
2337.61
2337.62
2337.63
2337.64
--- next_y
2558.59
2558.89
2559.2
2559.5
2559.81
2560.11
2560.41
2560.71
2561.01
2561.32
2561.61
2561.91
2562.21
2562.51
2562.81
2563.1
2563.4
2563.7
2563.99
2564.29
2564.58
2564.88
2565.17
2565.47
2565.76
2566.05
2566.34
2566.63
2566.92
2567.21
2567.5
2567.78
2568.07
2568.36
2568.65
2568.93
2569.22
2569.5
2569.78
2570.07
2570.35
2570.63
2570.91
2571.19
2571.47
2571.75
2572.04
2572.32
2572.6
2572.88
iteracion: 1983
--- next_x
2336.77
2336.8
2336.82
2336.85
2336.88
2336.9
2336.93
2336.95
2336.97
2337
2337.02
2337.05
2337.07
2337.09
2337.11
2337.13
2337.15
2337.17
2337.19
2337.21
2337.23
2337.25
2337.27
2337.29
2337.3
2337.32
2337.34
2337.36
2337.37
2337.39
2337.4
2337.42
2337.43
2337.45
2337.46
2337.48
2337.49
2337.5
2337.51
2337.53
2337.54
2337.55
2337.56
2337.57
2337.58
2337.6
2337.61
2337.62
2337.64
2337.65
--- next_y
2558.59
2558.89
2559.2
2559.5
2559.81
2560.11
2560.41
2560.71
2561.01
2561.32
2561.61
2561.91
2562.21
2562.51
2562.81
2563.1
2563.4
2563.7
2563.99
2564.29
2564.58
2564.88
2565.17
2565.47
2565.76
2566.05
2566.34
2566.63
2566.92
2567.21
2567.5
2567.78
2568.07
2568.36
2568.65
2568.93
2569.22
2569.5
2569.78
2570.07
2570.35
2570.63
2570.91
2571.19
2571.47
2571.75
2572.03
2572.31
2572.59
2572.87
iteracion: 1983
--- next_x
2336.77
2336.8
2336.82
2336.85
2336.88
2336.9
2336.93
2336.95
2336.97
2337
2337.02
2337.05
2337.07
2337.09
2337.11
2337.13
2337.15
2337.17
2337.19
2337.21
2337.23
2337.25
2337.27
2337.29
2337.3
2337.32
2337.34
2337.36
2337.37
2337.39
2337.4
2337.42
2337.43
2337.45
2337.46
2337.48
2337.49
2337.5
2337.51
2337.53
2337.54
2337.55
2337.56
2337.57
2337.58
2337.59
2337.6
2337.61
2337.61
2337.62
--- next_y
2558.59
2558.89
2559.2
2559.5
2559.81
2560.11
2560.41
2560.71
2561.01
2561.32
2561.61
2561.91
2562.21
2562.51
2562.81
2563.1
2563.4
2563.7
2563.99
2564.29
2564.58
2564.88
2565.17
2565.47
2565.76
2566.05
2566.34
2566.63
2566.92
2567.21
2567.5
2567.78
2568.07
2568.36
2568.65
2568.93
2569.22
2569.5
2569.78
2570.07
2570.35
2570.63
2570.91
2571.19
2571.47
2571.75
2572.03
2572.31
2572.59
2572.86
