iteracion: 1963
--- next_x
2333.82
2333.87
2333.93
2333.98
2334.03
2334.08
2334.13
2334.18
2334.23
2334.27
2334.32
2334.37
2334.42
2334.46
2334.51
2334.55
2334.6
2334.65
2334.69
2334.74
2334.78
2334.83
2334.87
2334.92
2334.96
2335.01
2335.05
2335.09
2335.14
2335.18
2335.22
2335.26
2335.31
2335.35
2335.39
2335.43
2335.47
2335.51
2335.55
2335.59
2335.63
2335.67
2335.71
2335.74
2335.78
2335.82
2335.86
2335.89
2335.93
2335.96
--- next_y
2533.74
2534.09
2534.44
2534.79
2535.13
2535.48
2535.83
2536.17
2536.52
2536.86
2537.21
2537.55
2537.9
2538.24
2538.58
2538.92
2539.26
2539.6
2539.94
2540.28
2540.61
2540.95
2541.29
2541.62
2541.96
2542.29
2542.63
2542.96
2543.29
2543.62
2543.96
2544.29
2544.62
2544.95
2545.28
2545.61
2545.94
2546.26
2546.59
2546.92
2547.24
2547.57
2547.89
2548.22
2548.54
2548.86
2549.19
2549.51
2549.84
2550.16
iteracion: 1963
--- next_x
2333.82
2333.87
2333.93
2333.98
2334.03
2334.08
2334.13
2334.18
2334.23
2334.27
2334.32
2334.37
2334.42
2334.46
2334.51
2334.55
2334.6
2334.65
2334.69
2334.74
2334.78
2334.83
2334.87
2334.92
2334.96
2335.01
2335.05
2335.09
2335.14
2335.18
2335.22
2335.26
2335.31
2335.35
2335.39
2335.43
2335.47
2335.51
2335.55
2335.59
2335.63
2335.67
2335.71
2335.74
2335.78
2335.82
2335.86
2335.9
2335.94
2335.98
--- next_y
2533.74
2534.09
2534.44
2534.79
2535.13
2535.48
2535.83
2536.17
2536.52
2536.86
2537.21
2537.55
2537.9
2538.24
2538.58
2538.92
2539.26
2539.6
2539.94
2540.28
2540.61
2540.95
2541.29
2541.62
2541.96
2542.29
2542.63
2542.96
2543.29
2543.62
2543.96
2544.29
2544.62
2544.95
2545.28
2545.61
2545.94
2546.26
2546.59
2546.92
2547.24
2547.57
2547.89
2548.22
2548.54
2548.86
2549.19
2549.51
2549.83
2550.16
iteracion: 1963
--- next_x
2333.82
2333.87
2333.93
2333.98
2334.03
2334.08
2334.13
2334.18
2334.23
2334.27
2334.32
2334.37
2334.42
2334.46
2334.51
2334.55
2334.6
2334.65
2334.69
2334.74
2334.78
2334.83
2334.87
2334.92
2334.96
2335.01
2335.05
2335.09
2335.14
2335.18
2335.22
2335.26
2335.31
2335.35
2335.39
2335.43
2335.47
2335.51
2335.55
2335.59
2335.63
2335.67
2335.71
2335.74
2335.78
2335.82
2335.85
2335.89
2335.92
2335.95
--- next_y
2533.74
2534.09
2534.44
2534.79
2535.13
2535.48
2535.83
2536.17
2536.52
2536.86
2537.21
2537.55
2537.9
2538.24
2538.58
2538.92
2539.26
2539.6
2539.94
2540.28
2540.61
2540.95
2541.29
2541.62
2541.96
2542.29
2542.63
2542.96
2543.29
2543.62
2543.96
2544.29
2544.62
2544.95
2545.28
2545.61
2545.94
2546.26
2546.59
2546.92
2547.24
2547.57
2547.89
2548.22
2548.54
2548.86
2549.18
2549.5
2549.82
2550.15
