iteracion: 919
--- next_x
2047.82
2047.96
2048.11
2048.25
2048.39
2048.53
2048.66
2048.8
2048.94
2049.08
2049.21
2049.35
2049.49
2049.62
2049.76
2049.89
2050.02
2050.16
2050.29
2050.42
2050.55
2050.68
2050.82
2050.95
2051.08
2051.21
2051.34
2051.46
2051.59
2051.72
2051.84
2051.97
2052.1
2052.22
2052.34
2052.47
2052.59
2052.71
2052.84
2052.96
2053.08
2053.2
2053.32
2053.44
2053.55
2053.67
2053.79
2053.91
2054.03
2054.15
--- next_y
1259.58
1259.86
1260.13
1260.4
1260.68
1260.95
1261.22
1261.49
1261.77
1262.04
1262.31
1262.58
1262.85
1263.12
1263.39
1263.66
1263.93
1264.2
1264.46
1264.73
1265
1265.27
1265.53
1265.8
1266.06
1266.33
1266.59
1266.86
1267.12
1267.39
1267.65
1267.91
1268.18
1268.44
1268.7
1268.96
1269.22
1269.48
1269.74
1270.01
1270.26
1270.52
1270.78
1271.04
1271.3
1271.55
1271.81
1272.07
1272.33
1272.58
iteracion: 919
--- next_x
2047.82
2047.96
2048.11
2048.25
2048.39
2048.53
2048.66
2048.8
2048.94
2049.08
2049.21
2049.35
2049.49
2049.62
2049.76
2049.89
2050.02
2050.16
2050.29
2050.42
2050.55
2050.68
2050.82
2050.95
2051.08
2051.21
2051.34
2051.46
2051.59
2051.72
2051.84
2051.97
2052.1
2052.22
2052.34
2052.47
2052.59
2052.71
2052.84
2052.96
2053.08
2053.2
2053.32
2053.44
2053.55
2053.67
2053.79
2053.91
2054.03
2054.16
--- next_y
1259.58
1259.86
1260.13
1260.4
1260.68
1260.95
1261.22
1261.49
1261.77
1262.04
1262.31
1262.58
1262.85
1263.12
1263.39
1263.66
1263.93
1264.2
1264.46
1264.73
1265
1265.27
1265.53
1265.8
1266.06
1266.33
1266.59
1266.86
1267.12
1267.39
1267.65
1267.91
1268.18
1268.44
1268.7
1268.96
1269.22
1269.48
1269.74
1270.01
1270.26
1270.52
1270.78
1271.04
1271.3
1271.55
1271.81
1272.07
1272.32
1272.58
iteracion: 919
--- next_x
2047.82
2047.96
2048.11
2048.25
2048.39
2048.53
2048.66
2048.8
2048.94
2049.08
2049.21
2049.35
2049.49
2049.62
2049.76
2049.89
2050.02
2050.16
2050.29
2050.42
2050.55
2050.68
2050.82
2050.95
2051.08
2051.21
2051.34
2051.46
2051.59
2051.72
2051.84
2051.97
2052.1
2052.22
2052.34
2052.47
2052.59
2052.71
2052.84
2052.96
2053.08
2053.2
2053.32
2053.44
2053.55
2053.67
2053.79
2053.9
2054.02
2054.13
--- next_y
1259.58
1259.86
1260.13
1260.4
1260.68
1260.95
1261.22
1261.49
1261.77
1262.04
1262.31
1262.58
1262.85
1263.12
1263.39
1263.66
1263.93
1264.2
1264.46
1264.73
1265
1265.27
1265.53
1265.8
1266.06
1266.33
1266.59
1266.86
1267.12
1267.39
1267.65
1267.91
1268.18
1268.44
1268.7
1268.96
1269.22
1269.48
1269.74
1270.01
1270.26
1270.52
1270.78
1271.04
1271.3
1271.55
1271.81
1272.06
1272.32
1272.58
