iteracion: 371
--- next_x
1417.29
1417.61
1417.92
1418.24
1418.55
1418.87
1419.18
1419.49
1419.81
1420.12
1420.43
1420.75
1421.06
1421.37
1421.68
1421.99
1422.29
1422.6
1422.91
1423.21
1423.52
1423.83
1424.13
1424.43
1424.74
1425.04
1425.34
1425.64
1425.94
1426.25
1426.55
1426.85
1427.14
1427.44
1427.74
1428.04
1428.34
1428.63
1428.93
1429.22
1429.52
1429.81
1430.11
1430.4
1430.69
1430.99
1431.28
1431.57
1431.87
1432.16
--- next_y
1174.34
1174.3
1174.26
1174.22
1174.18
1174.14
1174.11
1174.07
1174.03
1173.99
1173.95
1173.91
1173.87
1173.84
1173.8
1173.76
1173.72
1173.69
1173.65
1173.61
1173.58
1173.54
1173.5
1173.46
1173.43
1173.39
1173.35
1173.32
1173.28
1173.24
1173.21
1173.17
1173.13
1173.1
1173.06
1173.02
1172.98
1172.95
1172.91
1172.87
1172.84
1172.8
1172.76
1172.73
1172.69
1172.65
1172.62
1172.58
1172.54
1172.5
iteracion: 371
--- next_x
1417.29
1417.61
1417.92
1418.24
1418.55
1418.87
1419.18
1419.49
1419.81
1420.12
1420.43
1420.75
1421.06
1421.37
1421.68
1421.99
1422.29
1422.6
1422.91
1423.21
1423.52
1423.83
1424.13
1424.43
1424.74
1425.04
1425.34
1425.64
1425.94
1426.25
1426.55
1426.85
1427.14
1427.44
1427.74
1428.04
1428.34
1428.63
1428.93
1429.22
1429.52
1429.81
1430.11
1430.4
1430.69
1430.98
1431.27
1431.56
1431.85
1432.14
--- next_y
1174.34
1174.3
1174.26
1174.22
1174.18
1174.14
1174.11
1174.07
1174.03
1173.99
1173.95
1173.91
1173.87
1173.84
1173.8
1173.76
1173.72
1173.69
1173.65
1173.61
1173.58
1173.54
1173.5
1173.46
1173.43
1173.39
1173.35
1173.32
1173.28
1173.24
1173.21
1173.17
1173.13
1173.1
1173.06
1173.02
1172.98
1172.95
1172.91
1172.87
1172.84
1172.8
1172.76
1172.73
1172.69
1172.65
1172.61
1172.57
1172.53
1172.49
iteracion: 371
--- next_x
1417.29
1417.61
1417.92
1418.24
1418.55
1418.87
1419.18
1419.49
1419.81
1420.12
1420.43
1420.75
1421.06
1421.37
1421.68
1421.99
1422.29
1422.6
1422.91
1423.21
1423.52
1423.83
1424.13
1424.43
1424.74
1425.04
1425.34
1425.64
1425.94
1426.25
1426.55
1426.85
1427.14
1427.44
1427.74
1428.04
1428.34
1428.63
1428.93
1429.22
1429.52
1429.81
1430.11
1430.4
1430.69
1430.98
1431.28
1431.57
1431.86
1432.15
--- next_y
1174.34
1174.3
1174.26
1174.22
1174.18
1174.14
1174.11
1174.07
1174.03
1173.99
1173.95
1173.91
1173.87
1173.84
1173.8
1173.76
1173.72
1173.69
1173.65
1173.61
1173.58
1173.54
1173.5
1173.46
1173.43
1173.39
1173.35
1173.32
1173.28
1173.24
1173.21
1173.17
1173.13
1173.1
1173.06
1173.02
1172.98
1172.95
1172.91
1172.87
1172.84
1172.8
1172.76
1172.73
1172.69
1172.65
1172.62
1172.59
1172.56
1172.53
