iteracion: 406
--- next_x
1453.56
1453.8
1454.04
1454.28
1454.52
1454.75
1454.99
1455.23
1455.46
1455.7
1455.93
1456.16
1456.4
1456.63
1456.86
1457.09
1457.32
1457.55
1457.78
1458.01
1458.24
1458.47
1458.7
1458.92
1459.15
1459.37
1459.6
1459.82
1460.04
1460.27
1460.49
1460.71
1460.93
1461.15
1461.37
1461.59
1461.81
1462.02
1462.24
1462.46
1462.67
1462.89
1463.11
1463.32
1463.54
1463.75
1463.96
1464.18
1464.39
1464.61
--- next_y
1169.64
1169.61
1169.58
1169.55
1169.52
1169.49
1169.45
1169.42
1169.39
1169.36
1169.33
1169.3
1169.27
1169.23
1169.2
1169.17
1169.14
1169.11
1169.08
1169.05
1169.02
1168.99
1168.96
1168.93
1168.9
1168.87
1168.84
1168.81
1168.77
1168.74
1168.71
1168.68
1168.65
1168.62
1168.59
1168.56
1168.53
1168.5
1168.47
1168.44
1168.41
1168.38
1168.35
1168.32
1168.3
1168.27
1168.24
1168.21
1168.18
1168.15
iteracion: 406
--- next_x
1453.56
1453.8
1454.04
1454.28
1454.52
1454.75
1454.99
1455.23
1455.46
1455.7
1455.93
1456.16
1456.4
1456.63
1456.86
1457.09
1457.32
1457.55
1457.78
1458.01
1458.24
1458.47
1458.7
1458.92
1459.15
1459.37
1459.6
1459.82
1460.04
1460.27
1460.49
1460.71
1460.93
1461.15
1461.37
1461.59
1461.81
1462.02
1462.24
1462.46
1462.67
1462.89
1463.11
1463.32
1463.54
1463.75
1463.96
1464.17
1464.39
1464.6
--- next_y
1169.64
1169.61
1169.58
1169.55
1169.52
1169.49
1169.45
1169.42
1169.39
1169.36
1169.33
1169.3
1169.27
1169.23
1169.2
1169.17
1169.14
1169.11
1169.08
1169.05
1169.02
1168.99
1168.96
1168.93
1168.9
1168.87
1168.84
1168.81
1168.77
1168.74
1168.71
1168.68
1168.65
1168.62
1168.59
1168.56
1168.53
1168.5
1168.47
1168.44
1168.41
1168.38
1168.35
1168.32
1168.3
1168.27
1168.23
1168.2
1168.17
1168.14
iteracion: 406
--- next_x
1453.56
1453.8
1454.04
1454.28
1454.52
1454.75
1454.99
1455.23
1455.46
1455.7
1455.93
1456.16
1456.4
1456.63
1456.86
1457.09
1457.32
1457.55
1457.78
1458.01
1458.24
1458.47
1458.7
1458.92
1459.15
1459.37
1459.6
1459.82
1460.04
1460.27
1460.49
1460.71
1460.93
1461.15
1461.37
1461.59
1461.81
1462.02
1462.24
1462.46
1462.67
1462.89
1463.11
1463.32
1463.54
1463.75
1463.96
1464.17
1464.39
1464.6
--- next_y
1169.64
1169.61
1169.58
1169.55
1169.52
1169.49
1169.45
1169.42
1169.39
1169.36
1169.33
1169.3
1169.27
1169.23
1169.2
1169.17
1169.14
1169.11
1169.08
1169.05
1169.02
1168.99
1168.96
1168.93
1168.9
1168.87
1168.84
1168.81
1168.77
1168.74
1168.71
1168.68
1168.65
1168.62
1168.59
1168.56
1168.53
1168.5
1168.47
1168.44
1168.41
1168.38
1168.35
1168.32
1168.3
1168.27
1168.24
1168.21
1168.18
1168.15
