iteracion: 1342
--- next_x
2229.85
2229.94
2230.03
2230.12
2230.21
2230.3
2230.4
2230.49
2230.58
2230.67
2230.76
2230.85
2230.94
2231.03
2231.12
2231.21
2231.3
2231.39
2231.48
2231.57
2231.66
2231.74
2231.83
2231.92
2232.01
2232.1
2232.18
2232.27
2232.36
2232.44
2232.53
2232.61
2232.7
2232.79
2232.87
2232.96
2233.04
2233.12
2233.21
2233.29
2233.37
2233.46
2233.54
2233.62
2233.7
2233.78
2233.87
2233.95
2234.03
2234.11
--- next_y
2102.72
2103.02
2103.32
2103.62
2103.92
2104.22
2104.51
2104.81
2105.1
2105.39
2105.69
2105.98
2106.28
2106.56
2106.85
2107.14
2107.43
2107.72
2108
2108.29
2108.57
2108.85
2109.14
2109.42
2109.7
2109.97
2110.25
2110.53
2110.8
2111.08
2111.35
2111.62
2111.89
2112.16
2112.43
2112.69
2112.96
2113.22
2113.49
2113.75
2114.01
2114.27
2114.53
2114.79
2115.05
2115.31
2115.57
2115.83
2116.09
2116.35
iteracion: 1342
--- next_x
2229.85
2229.94
2230.03
2230.12
2230.21
2230.3
2230.4
2230.49
2230.58
2230.67
2230.76
2230.85
2230.94
2231.03
2231.12
2231.21
2231.3
2231.39
2231.48
2231.57
2231.66
2231.74
2231.83
2231.92
2232.01
2232.1
2232.18
2232.27
2232.36
2232.44
2232.53
2232.61
2232.7
2232.79
2232.87
2232.96
2233.04
2233.12
2233.21
2233.29
2233.37
2233.46
2233.54
2233.62
2233.7
2233.79
2233.87
2233.95
2234.04
2234.13
--- next_y
2102.72
2103.02
2103.32
2103.62
2103.92
2104.22
2104.51
2104.81
2105.1
2105.39
2105.69
2105.98
2106.28
2106.56
2106.85
2107.14
2107.43
2107.72
2108
2108.29
2108.57
2108.85
2109.14
2109.42
2109.7
2109.97
2110.25
2110.53
2110.8
2111.08
2111.35
2111.62
2111.89
2112.16
2112.43
2112.69
2112.96
2113.22
2113.49
2113.75
2114.01
2114.27
2114.53
2114.79
2115.05
2115.31
2115.57
2115.83
2116.09
2116.34
iteracion: 1342
--- next_x
2229.85
2229.94
2230.03
2230.12
2230.21
2230.3
2230.4
2230.49
2230.58
2230.67
2230.76
2230.85
2230.94
2231.03
2231.12
2231.21
2231.3
2231.39
2231.48
2231.57
2231.66
2231.74
2231.83
2231.92
2232.01
2232.1
2232.18
2232.27
2232.36
2232.44
2232.53
2232.61
2232.7
2232.79
2232.87
2232.96
2233.04
2233.12
2233.21
2233.29
2233.37
2233.46
2233.54
2233.62
2233.7
2233.78
2233.86
2233.94
2234.02
2234.09
--- next_y
2102.72
2103.02
2103.32
2103.62
2103.92
2104.22
2104.51
2104.81
2105.1
2105.39
2105.69
2105.98
2106.28
2106.56
2106.85
2107.14
2107.43
2107.72
2108
2108.29
2108.57
2108.85
2109.14
2109.42
2109.7
2109.97
2110.25
2110.53
2110.8
2111.08
2111.35
2111.62
2111.89
2112.16
2112.43
2112.69
2112.96
2113.22
2113.49
2113.75
2114.01
2114.27
2114.53
2114.79
2115.05
2115.31
2115.57
2115.83
2116.09
2116.35
