iteracion: 783
--- next_x
1942.31
1942.63
1942.95
1943.27
1943.6
1943.92
1944.24
1944.57
1944.9
1945.23
1945.56
1945.89
1946.22
1946.55
1946.89
1947.22
1947.56
1947.89
1948.22
1948.55
1948.88
1949.2
1949.53
1949.85
1950.17
1950.49
1950.81
1951.13
1951.45
1951.76
1952.08
1952.39
1952.7
1953.02
1953.33
1953.63
1953.94
1954.25
1954.55
1954.85
1955.16
1955.46
1955.76
1956.06
1956.35
1956.65
1956.95
1957.25
1957.54
1957.84
--- next_y
1163.24
1163.36
1163.47
1163.59
1163.7
1163.82
1163.94
1164.06
1164.18
1164.31
1164.43
1164.56
1164.69
1164.81
1164.94
1165.07
1165.2
1165.33
1165.46
1165.59
1165.72
1165.85
1165.98
1166.12
1166.24
1166.38
1166.51
1166.64
1166.77
1166.9
1167.03
1167.16
1167.3
1167.43
1167.56
1167.69
1167.83
1167.96
1168.09
1168.22
1168.35
1168.48
1168.62
1168.75
1168.88
1169.01
1169.15
1169.28
1169.41
1169.55
iteracion: 783
--- next_x
1942.31
1942.63
1942.95
1943.27
1943.6
1943.92
1944.24
1944.57
1944.9
1945.23
1945.56
1945.89
1946.22
1946.55
1946.89
1947.22
1947.56
1947.89
1948.22
1948.55
1948.88
1949.2
1949.53
1949.85
1950.17
1950.49
1950.81
1951.13
1951.45
1951.76
1952.08
1952.39
1952.7
1953.02
1953.33
1953.63
1953.94
1954.25
1954.55
1954.85
1955.16
1955.46
1955.76
1956.06
1956.35
1956.65
1956.95
1957.25
1957.55
1957.85
--- next_y
1163.24
1163.36
1163.47
1163.59
1163.7
1163.82
1163.94
1164.06
1164.18
1164.31
1164.43
1164.56
1164.69
1164.81
1164.94
1165.07
1165.2
1165.33
1165.46
1165.59
1165.72
1165.85
1165.98
1166.12
1166.24
1166.38
1166.51
1166.64
1166.77
1166.9
1167.03
1167.16
1167.3
1167.43
1167.56
1167.69
1167.83
1167.96
1168.09
1168.22
1168.35
1168.48
1168.62
1168.75
1168.88
1169.01
1169.14
1169.27
1169.4
1169.53
iteracion: 783
--- next_x
1942.31
1942.63
1942.95
1943.27
1943.6
1943.92
1944.24
1944.57
1944.9
1945.23
1945.56
1945.89
1946.22
1946.55
1946.89
1947.22
1947.56
1947.89
1948.22
1948.55
1948.88
1949.2
1949.53
1949.85
1950.17
1950.49
1950.81
1951.13
1951.45
1951.76
1952.08
1952.39
1952.7
1953.02
1953.33
1953.63
1953.94
1954.25
1954.55
1954.85
1955.16
1955.46
1955.76
1956.06
1956.35
1956.65
1956.94
1957.23
1957.52
1957.81
--- next_y
1163.24
1163.36
1163.47
1163.59
1163.7
1163.82
1163.94
1164.06
1164.18
1164.31
1164.43
1164.56
1164.69
1164.81
1164.94
1165.07
1165.2
1165.33
1165.46
1165.59
1165.72
1165.85
1165.98
1166.12
1166.24
1166.38
1166.51
1166.64
1166.77
1166.9
1167.03
1167.16
1167.3
1167.43
1167.56
1167.69
1167.83
1167.96
1168.09
1168.22
1168.35
1168.48
1168.62
1168.75
1168.88
1169.01
1169.14
1169.28
1169.41
1169.55
