iteracion: 751
--- next_x
1882.14
1882.37
1882.6
1882.82
1883.04
1883.27
1883.49
1883.71
1883.93
1884.15
1884.37
1884.59
1884.81
1885.03
1885.24
1885.46
1885.68
1885.89
1886.11
1886.32
1886.54
1886.75
1886.96
1887.17
1887.38
1887.6
1887.81
1888.02
1888.22
1888.43
1888.64
1888.85
1889.06
1889.26
1889.47
1889.67
1889.88
1890.08
1890.29
1890.49
1890.69
1890.9
1891.1
1891.3
1891.5
1891.7
1891.9
1892.1
1892.3
1892.5
--- next_y
1147.59
1147.63
1147.67
1147.72
1147.76
1147.8
1147.85
1147.89
1147.93
1147.98
1148.02
1148.07
1148.11
1148.15
1148.2
1148.24
1148.29
1148.33
1148.37
1148.42
1148.46
1148.51
1148.55
1148.59
1148.64
1148.68
1148.73
1148.77
1148.82
1148.86
1148.91
1148.95
1148.99
1149.04
1149.08
1149.12
1149.16
1149.21
1149.25
1149.29
1149.34
1149.38
1149.42
1149.46
1149.51
1149.55
1149.59
1149.63
1149.68
1149.72
iteracion: 751
--- next_x
1882.14
1882.37
1882.6
1882.82
1883.04
1883.27
1883.49
1883.71
1883.93
1884.15
1884.37
1884.59
1884.81
1885.03
1885.24
1885.46
1885.68
1885.89
1886.11
1886.32
1886.54
1886.75
1886.96
1887.17
1887.38
1887.6
1887.81
1888.02
1888.22
1888.43
1888.64
1888.85
1889.06
1889.26
1889.47
1889.67
1889.88
1890.08
1890.29
1890.49
1890.69
1890.9
1891.1
1891.3
1891.5
1891.7
1891.9
1892.1
1892.3
1892.5
--- next_y
1147.59
1147.63
1147.67
1147.72
1147.76
1147.8
1147.85
1147.89
1147.93
1147.98
1148.02
1148.07
1148.11
1148.15
1148.2
1148.24
1148.29
1148.33
1148.37
1148.42
1148.46
1148.51
1148.55
1148.59
1148.64
1148.68
1148.73
1148.77
1148.82
1148.86
1148.91
1148.95
1148.99
1149.04
1149.08
1149.12
1149.16
1149.21
1149.25
1149.29
1149.34
1149.38
1149.42
1149.46
1149.51
1149.55
1149.59
1149.63
1149.68
1149.72
iteracion: 751
--- next_x
1882.14
1882.37
1882.6
1882.82
1883.04
1883.27
1883.49
1883.71
1883.93
1884.15
1884.37
1884.59
1884.81
1885.03
1885.24
1885.46
1885.68
1885.89
1886.11
1886.32
1886.54
1886.75
1886.96
1887.17
1887.38
1887.6
1887.81
1888.02
1888.22
1888.43
1888.64
1888.85
1889.06
1889.26
1889.47
1889.67
1889.88
1890.08
1890.29
1890.49
1890.69
1890.9
1891.1
1891.3
1891.5
1891.7
1891.9
1892.1
1892.3
1892.5
--- next_y
1147.59
1147.63
1147.67
1147.72
1147.76
1147.8
1147.85
1147.89
1147.93
1147.98
1148.02
1148.07
1148.11
1148.15
1148.2
1148.24
1148.29
1148.33
1148.37
1148.42
1148.46
1148.51
1148.55
1148.59
1148.64
1148.68
1148.73
1148.77
1148.82
1148.86
1148.91
1148.95
1148.99
1149.04
1149.08
1149.12
1149.16
1149.21
1149.25
1149.29
1149.34
1149.38
1149.42
1149.46
1149.51
1149.55
1149.59
1149.63
1149.68
1149.72
