iteracion: 392
--- next_x
1439.75
1440.03
1440.3
1440.57
1440.84
1441.11
1441.38
1441.65
1441.91
1442.18
1442.45
1442.71
1442.98
1443.24
1443.51
1443.77
1444.03
1444.3
1444.56
1444.82
1445.08
1445.34
1445.6
1445.85
1446.11
1446.37
1446.62
1446.88
1447.13
1447.39
1447.64
1447.89
1448.15
1448.4
1448.65
1448.9
1449.15
1449.4
1449.65
1449.9
1450.15
1450.4
1450.64
1450.89
1451.14
1451.38
1451.63
1451.87
1452.12
1452.37
--- next_y
1171.52
1171.48
1171.44
1171.41
1171.37
1171.34
1171.3
1171.27
1171.23
1171.19
1171.16
1171.12
1171.09
1171.05
1171.02
1170.98
1170.94
1170.91
1170.87
1170.84
1170.8
1170.77
1170.73
1170.69
1170.66
1170.62
1170.59
1170.55
1170.52
1170.48
1170.45
1170.41
1170.38
1170.34
1170.31
1170.27
1170.24
1170.2
1170.17
1170.13
1170.1
1170.07
1170.04
1170
1169.97
1169.94
1169.9
1169.87
1169.84
1169.81
iteracion: 392
--- next_x
1439.75
1440.03
1440.3
1440.57
1440.84
1441.11
1441.38
1441.65
1441.91
1442.18
1442.45
1442.71
1442.98
1443.24
1443.51
1443.77
1444.03
1444.3
1444.56
1444.82
1445.08
1445.34
1445.6
1445.85
1446.11
1446.37
1446.62
1446.88
1447.13
1447.39
1447.64
1447.89
1448.15
1448.4
1448.65
1448.9
1449.15
1449.4
1449.65
1449.9
1450.15
1450.4
1450.64
1450.89
1451.14
1451.38
1451.63
1451.87
1452.12
1452.36
--- next_y
1171.52
1171.48
1171.44
1171.41
1171.37
1171.34
1171.3
1171.27
1171.23
1171.19
1171.16
1171.12
1171.09
1171.05
1171.02
1170.98
1170.94
1170.91
1170.87
1170.84
1170.8
1170.77
1170.73
1170.69
1170.66
1170.62
1170.59
1170.55
1170.52
1170.48
1170.45
1170.41
1170.38
1170.34
1170.31
1170.27
1170.24
1170.2
1170.17
1170.13
1170.1
1170.07
1170.04
1170
1169.97
1169.94
1169.9
1169.87
1169.84
1169.8
iteracion: 392
--- next_x
1439.75
1440.03
1440.3
1440.57
1440.84
1441.11
1441.38
1441.65
1441.91
1442.18
1442.45
1442.71
1442.98
1443.24
1443.51
1443.77
1444.03
1444.3
1444.56
1444.82
1445.08
1445.34
1445.6
1445.85
1446.11
1446.37
1446.62
1446.88
1447.13
1447.39
1447.64
1447.89
1448.15
1448.4
1448.65
1448.9
1449.15
1449.4
1449.65
1449.9
1450.15
1450.4
1450.64
1450.89
1451.14
1451.38
1451.63
1451.87
1452.12
1452.36
--- next_y
1171.52
1171.48
1171.44
1171.41
1171.37
1171.34
1171.3
1171.27
1171.23
1171.19
1171.16
1171.12
1171.09
1171.05
1171.02
1170.98
1170.94
1170.91
1170.87
1170.84
1170.8
1170.77
1170.73
1170.69
1170.66
1170.62
1170.59
1170.55
1170.52
1170.48
1170.45
1170.41
1170.38
1170.34
1170.31
1170.27
1170.24
1170.2
1170.17
1170.13
1170.1
1170.07
1170.04
1170
1169.97
1169.94
1169.9
1169.87
1169.84
1169.81
