iteracion: 522
--- next_x
1594.83
1595.19
1595.54
1595.9
1596.25
1596.61
1596.96
1597.31
1597.66
1598.01
1598.36
1598.71
1599.07
1599.41
1599.76
1600.11
1600.46
1600.8
1601.15
1601.5
1601.84
1602.19
1602.53
1602.87
1603.22
1603.56
1603.9
1604.24
1604.58
1604.92
1605.26
1605.59
1605.93
1606.27
1606.6
1606.94
1607.27
1607.61
1607.94
1608.27
1608.61
1608.94
1609.27
1609.6
1609.93
1610.26
1610.59
1610.92
1611.25
1611.58
--- next_y
1156.15
1156.12
1156.1
1156.07
1156.04
1156.02
1155.99
1155.96
1155.93
1155.91
1155.88
1155.85
1155.83
1155.8
1155.77
1155.74
1155.71
1155.68
1155.66
1155.63
1155.6
1155.57
1155.54
1155.51
1155.48
1155.45
1155.43
1155.4
1155.37
1155.34
1155.31
1155.28
1155.25
1155.22
1155.18
1155.15
1155.12
1155.09
1155.06
1155.03
1155
1154.97
1154.94
1154.9
1154.87
1154.84
1154.81
1154.78
1154.74
1154.71
iteracion: 522
--- next_x
1594.83
1595.19
1595.54
1595.9
1596.25
1596.61
1596.96
1597.31
1597.66
1598.01
1598.36
1598.71
1599.07
1599.41
1599.76
1600.11
1600.46
1600.8
1601.15
1601.5
1601.84
1602.19
1602.53
1602.87
1603.22
1603.56
1603.9
1604.24
1604.58
1604.92
1605.26
1605.59
1605.93
1606.27
1606.6
1606.94
1607.27
1607.61
1607.94
1608.27
1608.61
1608.94
1609.27
1609.6
1609.93
1610.26
1610.58
1610.91
1611.24
1611.56
--- next_y
1156.15
1156.12
1156.1
1156.07
1156.04
1156.02
1155.99
1155.96
1155.93
1155.91
1155.88
1155.85
1155.83
1155.8
1155.77
1155.74
1155.71
1155.68
1155.66
1155.63
1155.6
1155.57
1155.54
1155.51
1155.48
1155.45
1155.43
1155.4
1155.37
1155.34
1155.31
1155.28
1155.25
1155.22
1155.18
1155.15
1155.12
1155.09
1155.06
1155.03
1155
1154.97
1154.94
1154.9
1154.87
1154.84
1154.81
1154.77
1154.73
1154.69
iteracion: 522
--- next_x
1594.83
1595.19
1595.54
1595.9
1596.25
1596.61
1596.96
1597.31
1597.66
1598.01
1598.36
1598.71
1599.07
1599.41
1599.76
1600.11
1600.46
1600.8
1601.15
1601.5
1601.84
1602.19
1602.53
1602.87
1603.22
1603.56
1603.9
1604.24
1604.58
1604.92
1605.26
1605.59
1605.93
1606.27
1606.6
1606.94
1607.27
1607.61
1607.94
1608.27
1608.61
1608.94
1609.27
1609.6
1609.93
1610.26
1610.59
1610.91
1611.24
1611.57
--- next_y
1156.15
1156.12
1156.1
1156.07
1156.04
1156.02
1155.99
1155.96
1155.93
1155.91
1155.88
1155.85
1155.83
1155.8
1155.77
1155.74
1155.71
1155.68
1155.66
1155.63
1155.6
1155.57
1155.54
1155.51
1155.48
1155.45
1155.43
1155.4
1155.37
1155.34
1155.31
1155.28
1155.25
1155.22
1155.18
1155.15
1155.12
1155.09
1155.06
1155.03
1155
1154.97
1154.94
1154.9
1154.87
1154.84
1154.81
1154.78
1154.76
1154.73
