iteracion: 3908
--- next_x
190.908
191.033
191.157
191.282
191.407
191.533
191.658
191.783
191.908
192.034
192.159
192.284
192.409
192.533
192.658
192.783
192.907
193.031
193.156
193.281
193.405
193.529
193.653
193.777
193.9
194.024
194.148
194.272
194.396
194.519
194.643
194.765
194.888
195.011
195.134
195.257
195.38
195.503
195.626
195.748
195.87
195.992
196.113
196.235
196.357
196.479
196.601
196.723
196.845
196.967
--- next_y
1934.06
1933.76
1933.46
1933.16
1932.86
1932.56
1932.26
1931.96
1931.66
1931.37
1931.07
1930.78
1930.48
1930.19
1929.89
1929.6
1929.31
1929.02
1928.73
1928.44
1928.15
1927.86
1927.57
1927.29
1927
1926.71
1926.43
1926.14
1925.86
1925.58
1925.29
1925.01
1924.73
1924.45
1924.16
1923.88
1923.61
1923.33
1923.05
1922.77
1922.49
1922.22
1921.94
1921.67
1921.39
1921.12
1920.84
1920.57
1920.3
1920.02
iteracion: 3908
--- next_x
190.908
191.033
191.157
191.282
191.407
191.533
191.658
191.783
191.908
192.034
192.159
192.284
192.409
192.533
192.658
192.783
192.907
193.031
193.156
193.281
193.405
193.529
193.653
193.777
193.9
194.024
194.148
194.272
194.396
194.519
194.643
194.765
194.888
195.011
195.134
195.257
195.38
195.503
195.626
195.748
195.87
195.992
196.113
196.235
196.357
196.479
196.599
196.718
196.835
196.951
--- next_y
1934.06
1933.76
1933.46
1933.16
1932.86
1932.56
1932.26
1931.96
1931.66
1931.37
1931.07
1930.78
1930.48
1930.19
1929.89
1929.6
1929.31
1929.02
1928.73
1928.44
1928.15
1927.86
1927.57
1927.29
1927
1926.71
1926.43
1926.14
1925.86
1925.58
1925.29
1925.01
1924.73
1924.45
1924.16
1923.88
1923.61
1923.33
1923.05
1922.77
1922.49
1922.22
1921.94
1921.67
1921.39
1921.12
1920.85
1920.57
1920.3
1920.02
iteracion: 3908
--- next_x
190.908
191.033
191.157
191.282
191.407
191.533
191.658
191.783
191.908
192.034
192.159
192.284
192.409
192.533
192.658
192.783
192.907
193.031
193.156
193.281
193.405
193.529
193.653
193.777
193.9
194.024
194.148
194.272
194.396
194.519
194.643
194.765
194.888
195.011
195.134
195.257
195.38
195.503
195.626
195.748
195.87
195.992
196.113
196.235
196.357
196.479
196.601
196.724
196.849
196.975
--- next_y
1934.06
1933.76
1933.46
1933.16
1932.86
1932.56
1932.26
1931.96
1931.66
1931.37
1931.07
1930.78
1930.48
1930.19
1929.89
1929.6
1929.31
1929.02
1928.73
1928.44
1928.15
1927.86
1927.57
1927.29
1927
1926.71
1926.43
1926.14
1925.86
1925.58
1925.29
1925.01
1924.73
1924.45
1924.16
1923.88
1923.61
1923.33
1923.05
1922.77
1922.49
1922.22
1921.94
1921.67
1921.39
1921.12
1920.85
1920.58
1920.31
1920.04
