iteracion: 3845
--- next_x
166.66
166.742
166.823
166.905
166.987
167.068
167.15
167.232
167.314
167.395
167.477
167.559
167.641
167.724
167.806
167.888
167.97
168.052
168.134
168.216
168.299
168.381
168.464
168.546
168.628
168.711
168.794
168.876
168.959
169.042
169.125
169.208
169.291
169.374
169.458
169.542
169.626
169.711
169.796
169.881
169.967
170.053
170.139
170.226
170.314
170.402
170.49
170.579
170.668
170.757
--- next_y
2027.04
2026.6
2026.16
2025.73
2025.29
2024.86
2024.42
2023.98
2023.55
2023.11
2022.68
2022.24
2021.8
2021.37
2020.93
2020.5
2020.06
2019.62
2019.19
2018.75
2018.32
2017.88
2017.44
2017.01
2016.57
2016.14
2015.7
2015.27
2014.83
2014.39
2013.96
2013.52
2013.09
2012.65
2012.22
2011.78
2011.35
2010.91
2010.47
2010.04
2009.61
2009.17
2008.73
2008.3
2007.87
2007.43
2007
2006.56
2006.13
2005.69
iteracion: 3845
--- next_x
166.66
166.742
166.823
166.905
166.987
167.068
167.15
167.232
167.314
167.395
167.477
167.559
167.641
167.724
167.806
167.888
167.97
168.052
168.134
168.216
168.299
168.381
168.464
168.546
168.628
168.711
168.794
168.876
168.959
169.042
169.125
169.208
169.291
169.374
169.458
169.542
169.626
169.711
169.796
169.881
169.967
170.053
170.139
170.226
170.314
170.397
170.477
170.552
170.624
170.693
--- next_y
2027.04
2026.6
2026.16
2025.73
2025.29
2024.86
2024.42
2023.98
2023.55
2023.11
2022.68
2022.24
2021.8
2021.37
2020.93
2020.5
2020.06
2019.62
2019.19
2018.75
2018.32
2017.88
2017.44
2017.01
2016.57
2016.14
2015.7
2015.27
2014.83
2014.39
2013.96
2013.52
2013.09
2012.65
2012.22
2011.78
2011.35
2010.91
2010.47
2010.04
2009.61
2009.17
2008.73
2008.3
2007.87
2007.43
2007
2006.57
2006.13
2005.7
iteracion: 3845
--- next_x
166.66
166.742
166.823
166.905
166.987
167.068
167.15
167.232
167.314
167.395
167.477
167.559
167.641
167.724
167.806
167.888
167.97
168.052
168.134
168.216
168.299
168.381
168.464
168.546
168.628
168.711
168.794
168.876
168.959
169.042
169.125
169.208
169.291
169.374
169.458
169.542
169.626
169.711
169.796
169.881
169.967
170.053
170.139
170.226
170.314
170.404
170.499
170.599
170.704
170.813
--- next_y
2027.04
2026.6
2026.16
2025.73
2025.29
2024.86
2024.42
2023.98
2023.55
2023.11
2022.68
2022.24
2021.8
2021.37
2020.93
2020.5
2020.06
2019.62
2019.19
2018.75
2018.32
2017.88
2017.44
2017.01
2016.57
2016.14
2015.7
2015.27
2014.83
2014.39
2013.96
2013.52
2013.09
2012.65
2012.22
2011.78
2011.35
2010.91
2010.47
2010.04
2009.61
2009.17
2008.73
2008.3
2007.87
2007.44
2007.01
2006.59
2006.16
2005.74
