iteracion: 420
--- next_x
1465.43
1465.64
1465.85
1466.06
1466.26
1466.47
1466.67
1466.88
1467.08
1467.28
1467.49
1467.69
1467.89
1468.09
1468.29
1468.49
1468.69
1468.89
1469.09
1469.28
1469.48
1469.67
1469.87
1470.07
1470.26
1470.45
1470.65
1470.84
1471.03
1471.22
1471.41
1471.6
1471.79
1471.98
1472.17
1472.36
1472.54
1472.73
1472.91
1473.1
1473.28
1473.47
1473.65
1473.83
1474.01
1474.2
1474.38
1474.56
1474.74
1474.93
--- next_y
1168.03
1168.01
1167.98
1167.95
1167.92
1167.89
1167.87
1167.84
1167.81
1167.78
1167.76
1167.73
1167.7
1167.67
1167.65
1167.62
1167.59
1167.56
1167.54
1167.51
1167.48
1167.45
1167.43
1167.4
1167.38
1167.35
1167.32
1167.3
1167.27
1167.24
1167.22
1167.19
1167.17
1167.14
1167.12
1167.09
1167.07
1167.04
1167.01
1166.99
1166.96
1166.94
1166.91
1166.89
1166.87
1166.84
1166.82
1166.79
1166.77
1166.75
iteracion: 420
--- next_x
1465.43
1465.64
1465.85
1466.06
1466.26
1466.47
1466.67
1466.88
1467.08
1467.28
1467.49
1467.69
1467.89
1468.09
1468.29
1468.49
1468.69
1468.89
1469.09
1469.28
1469.48
1469.67
1469.87
1470.07
1470.26
1470.45
1470.65
1470.84
1471.03
1471.22
1471.41
1471.6
1471.79
1471.98
1472.17
1472.36
1472.54
1472.73
1472.91
1473.1
1473.28
1473.47
1473.65
1473.83
1474.01
1474.19
1474.38
1474.56
1474.74
1474.92
--- next_y
1168.03
1168.01
1167.98
1167.95
1167.92
1167.89
1167.87
1167.84
1167.81
1167.78
1167.76
1167.73
1167.7
1167.67
1167.65
1167.62
1167.59
1167.56
1167.54
1167.51
1167.48
1167.45
1167.43
1167.4
1167.38
1167.35
1167.32
1167.3
1167.27
1167.24
1167.22
1167.19
1167.17
1167.14
1167.12
1167.09
1167.07
1167.04
1167.01
1166.99
1166.96
1166.94
1166.91
1166.89
1166.87
1166.84
1166.82
1166.79
1166.77
1166.74
iteracion: 420
--- next_x
1465.43
1465.64
1465.85
1466.06
1466.26
1466.47
1466.67
1466.88
1467.08
1467.28
1467.49
1467.69
1467.89
1468.09
1468.29
1468.49
1468.69
1468.89
1469.09
1469.28
1469.48
1469.67
1469.87
1470.07
1470.26
1470.45
1470.65
1470.84
1471.03
1471.22
1471.41
1471.6
1471.79
1471.98
1472.17
1472.36
1472.54
1472.73
1472.91
1473.1
1473.28
1473.47
1473.65
1473.83
1474.01
1474.19
1474.38
1474.56
1474.74
1474.92
--- next_y
1168.03
1168.01
1167.98
1167.95
1167.92
1167.89
1167.87
1167.84
1167.81
1167.78
1167.76
1167.73
1167.7
1167.67
1167.65
1167.62
1167.59
1167.56
1167.54
1167.51
1167.48
1167.45
1167.43
1167.4
1167.38
1167.35
1167.32
1167.3
1167.27
1167.24
1167.22
1167.19
1167.17
1167.14
1167.12
1167.09
1167.07
1167.04
1167.01
1166.99
1166.96
1166.94
1166.91
1166.89
1166.87
1166.84
1166.82
1166.8
1166.77
1166.75
