iteracion: 873
--- next_x
2012.85
2013.14
2013.42
2013.71
2013.99
2014.27
2014.55
2014.83
2015.11
2015.38
2015.66
2015.93
2016.2
2016.47
2016.74
2017.01
2017.27
2017.54
2017.8
2018.06
2018.33
2018.59
2018.84
2019.1
2019.36
2019.61
2019.87
2020.12
2020.37
2020.62
2020.87
2021.12
2021.36
2021.61
2021.85
2022.1
2022.34
2022.58
2022.82
2023.06
2023.29
2023.53
2023.76
2023.99
2024.23
2024.46
2024.69
2024.92
2025.15
2025.38
--- next_y
1207.81
1208.11
1208.41
1208.7
1209
1209.3
1209.6
1209.9
1210.19
1210.49
1210.79
1211.09
1211.39
1211.69
1212
1212.3
1212.6
1212.9
1213.21
1213.51
1213.81
1214.12
1214.42
1214.72
1215.03
1215.34
1215.64
1215.95
1216.25
1216.56
1216.87
1217.18
1217.48
1217.79
1218.1
1218.41
1218.72
1219.03
1219.33
1219.64
1219.95
1220.26
1220.57
1220.88
1221.19
1221.5
1221.81
1222.12
1222.43
1222.75
iteracion: 873
--- next_x
2012.85
2013.14
2013.42
2013.71
2013.99
2014.27
2014.55
2014.83
2015.11
2015.38
2015.66
2015.93
2016.2
2016.47
2016.74
2017.01
2017.27
2017.54
2017.8
2018.06
2018.33
2018.59
2018.84
2019.1
2019.36
2019.61
2019.87
2020.12
2020.37
2020.62
2020.87
2021.12
2021.36
2021.61
2021.85
2022.1
2022.34
2022.58
2022.82
2023.06
2023.29
2023.53
2023.76
2023.99
2024.23
2024.46
2024.69
2024.92
2025.16
2025.4
--- next_y
1207.81
1208.11
1208.41
1208.7
1209
1209.3
1209.6
1209.9
1210.19
1210.49
1210.79
1211.09
1211.39
1211.69
1212
1212.3
1212.6
1212.9
1213.21
1213.51
1213.81
1214.12
1214.42
1214.72
1215.03
1215.34
1215.64
1215.95
1216.25
1216.56
1216.87
1217.18
1217.48
1217.79
1218.1
1218.41
1218.72
1219.03
1219.33
1219.64
1219.95
1220.26
1220.57
1220.88
1221.19
1221.5
1221.81
1222.12
1222.43
1222.74
iteracion: 873
--- next_x
2012.85
2013.14
2013.42
2013.71
2013.99
2014.27
2014.55
2014.83
2015.11
2015.38
2015.66
2015.93
2016.2
2016.47
2016.74
2017.01
2017.27
2017.54
2017.8
2018.06
2018.33
2018.59
2018.84
2019.1
2019.36
2019.61
2019.87
2020.12
2020.37
2020.62
2020.87
2021.12
2021.36
2021.61
2021.85
2022.1
2022.34
2022.58
2022.82
2023.06
2023.29
2023.53
2023.76
2023.99
2024.23
2024.46
2024.69
2024.91
2025.14
2025.35
--- next_y
1207.81
1208.11
1208.41
1208.7
1209
1209.3
1209.6
1209.9
1210.19
1210.49
1210.79
1211.09
1211.39
1211.69
1212
1212.3
1212.6
1212.9
1213.21
1213.51
1213.81
1214.12
1214.42
1214.72
1215.03
1215.34
1215.64
1215.95
1216.25
1216.56
1216.87
1217.18
1217.48
1217.79
1218.1
1218.41
1218.72
1219.03
1219.33
1219.64
1219.95
1220.26
1220.57
1220.88
1221.19
1221.5
1221.81
1222.12
1222.43
1222.74
