iteracion: 649
--- next_x
1743.43
1743.87
1744.32
1744.77
1745.21
1745.66
1746.1
1746.55
1746.99
1747.44
1747.88
1748.33
1748.77
1749.22
1749.66
1750.11
1750.56
1751
1751.45
1751.89
1752.34
1752.78
1753.23
1753.67
1754.12
1754.57
1755.01
1755.46
1755.9
1756.35
1756.79
1757.23
1757.68
1758.12
1758.56
1759
1759.44
1759.88
1760.32
1760.76
1761.2
1761.64
1762.07
1762.51
1762.95
1763.38
1763.82
1764.25
1764.69
1765.13
--- next_y
1143.66
1143.63
1143.61
1143.58
1143.56
1143.53
1143.51
1143.48
1143.45
1143.43
1143.4
1143.38
1143.35
1143.32
1143.3
1143.27
1143.24
1143.22
1143.19
1143.17
1143.14
1143.11
1143.09
1143.06
1143.04
1143.01
1142.98
1142.95
1142.93
1142.9
1142.87
1142.84
1142.81
1142.79
1142.76
1142.73
1142.7
1142.67
1142.64
1142.61
1142.59
1142.56
1142.53
1142.49
1142.46
1142.43
1142.4
1142.37
1142.34
1142.31
iteracion: 649
--- next_x
1743.43
1743.87
1744.32
1744.77
1745.21
1745.66
1746.1
1746.55
1746.99
1747.44
1747.88
1748.33
1748.77
1749.22
1749.66
1750.11
1750.56
1751
1751.45
1751.89
1752.34
1752.78
1753.23
1753.67
1754.12
1754.57
1755.01
1755.46
1755.9
1756.35
1756.79
1757.23
1757.68
1758.12
1758.56
1759
1759.44
1759.88
1760.32
1760.76
1761.2
1761.64
1762.07
1762.51
1762.95
1763.38
1763.81
1764.24
1764.67
1765.1
--- next_y
1143.66
1143.63
1143.61
1143.58
1143.56
1143.53
1143.51
1143.48
1143.45
1143.43
1143.4
1143.38
1143.35
1143.32
1143.3
1143.27
1143.24
1143.22
1143.19
1143.17
1143.14
1143.11
1143.09
1143.06
1143.04
1143.01
1142.98
1142.95
1142.93
1142.9
1142.87
1142.84
1142.81
1142.79
1142.76
1142.73
1142.7
1142.67
1142.64
1142.61
1142.59
1142.56
1142.53
1142.49
1142.46
1142.43
1142.4
1142.36
1142.32
1142.27
iteracion: 649
--- next_x
1743.43
1743.87
1744.32
1744.77
1745.21
1745.66
1746.1
1746.55
1746.99
1747.44
1747.88
1748.33
1748.77
1749.22
1749.66
1750.11
1750.56
1751
1751.45
1751.89
1752.34
1752.78
1753.23
1753.67
1754.12
1754.57
1755.01
1755.46
1755.9
1756.35
1756.79
1757.23
1757.68
1758.12
1758.56
1759
1759.44
1759.88
1760.32
1760.76
1761.2
1761.64
1762.07
1762.51
1762.95
1763.38
1763.81
1764.24
1764.67
1765.11
--- next_y
1143.66
1143.63
1143.61
1143.58
1143.56
1143.53
1143.51
1143.48
1143.45
1143.43
1143.4
1143.38
1143.35
1143.32
1143.3
1143.27
1143.24
1143.22
1143.19
1143.17
1143.14
1143.11
1143.09
1143.06
1143.04
1143.01
1142.98
1142.95
1142.93
1142.9
1142.87
1142.84
1142.81
1142.79
1142.76
1142.73
1142.7
1142.67
1142.64
1142.61
1142.59
1142.56
1142.53
1142.49
1142.46
1142.43
1142.41
1142.39
1142.37
1142.36
