iteracion: 1988
--- next_x
2337.21
2337.23
2337.25
2337.27
2337.29
2337.3
2337.32
2337.34
2337.36
2337.37
2337.39
2337.4
2337.42
2337.43
2337.45
2337.46
2337.48
2337.49
2337.5
2337.51
2337.53
2337.54
2337.55
2337.56
2337.57
2337.58
2337.59
2337.61
2337.61
2337.62
2337.64
2337.64
2337.65
2337.66
2337.67
2337.68
2337.69
2337.7
2337.71
2337.72
2337.72
2337.73
2337.74
2337.74
2337.75
2337.76
2337.77
2337.77
2337.78
2337.79
--- next_y
2564.29
2564.58
2564.88
2565.17
2565.47
2565.76
2566.05
2566.34
2566.63
2566.92
2567.21
2567.5
2567.78
2568.07
2568.36
2568.65
2568.93
2569.22
2569.5
2569.78
2570.07
2570.35
2570.63
2570.91
2571.19
2571.47
2571.75
2572.03
2572.31
2572.59
2572.87
2573.14
2573.42
2573.7
2573.97
2574.25
2574.52
2574.79
2575.07
2575.34
2575.61
2575.88
2576.15
2576.42
2576.69
2576.96
2577.23
2577.5
2577.77
2578.04
iteracion: 1988
--- next_x
2337.21
2337.23
2337.25
2337.27
2337.29
2337.3
2337.32
2337.34
2337.36
2337.37
2337.39
2337.4
2337.42
2337.43
2337.45
2337.46
2337.48
2337.49
2337.5
2337.51
2337.53
2337.54
2337.55
2337.56
2337.57
2337.58
2337.59
2337.61
2337.61
2337.62
2337.64
2337.64
2337.65
2337.66
2337.67
2337.68
2337.69
2337.7
2337.71
2337.72
2337.72
2337.73
2337.74
2337.74
2337.75
2337.76
2337.77
2337.78
2337.79
2337.8
--- next_y
2564.29
2564.58
2564.88
2565.17
2565.47
2565.76
2566.05
2566.34
2566.63
2566.92
2567.21
2567.5
2567.78
2568.07
2568.36
2568.65
2568.93
2569.22
2569.5
2569.78
2570.07
2570.35
2570.63
2570.91
2571.19
2571.47
2571.75
2572.03
2572.31
2572.59
2572.87
2573.14
2573.42
2573.7
2573.97
2574.25
2574.52
2574.79
2575.07
2575.34
2575.61
2575.88
2576.15
2576.42
2576.69
2576.96
2577.23
2577.5
2577.77
2578.04
iteracion: 1988
--- next_x
2337.21
2337.23
2337.25
2337.27
2337.29
2337.3
2337.32
2337.34
2337.36
2337.37
2337.39
2337.4
2337.42
2337.43
2337.45
2337.46
2337.48
2337.49
2337.5
2337.51
2337.53
2337.54
2337.55
2337.56
2337.57
2337.58
2337.59
2337.61
2337.61
2337.62
2337.64
2337.64
2337.65
2337.66
2337.67
2337.68
2337.69
2337.7
2337.71
2337.72
2337.72
2337.73
2337.74
2337.74
2337.75
2337.76
2337.77
2337.77
2337.77
2337.78
--- next_y
2564.29
2564.58
2564.88
2565.17
2565.47
2565.76
2566.05
2566.34
2566.63
2566.92
2567.21
2567.5
2567.78
2568.07
2568.36
2568.65
2568.93
2569.22
2569.5
2569.78
2570.07
2570.35
2570.63
2570.91
2571.19
2571.47
2571.75
2572.03
2572.31
2572.59
2572.87
2573.14
2573.42
2573.7
2573.97
2574.25
2574.52
2574.79
2575.07
2575.34
2575.61
2575.88
2576.15
2576.42
2576.69
2576.96
2577.23
2577.5
2577.76
2578.03
