iteracion: 1436
--- next_x
2187.39
2187.43
2187.47
2187.5
2187.54
2187.58
2187.62
2187.66
2187.7
2187.73
2187.77
2187.81
2187.85
2187.89
2187.93
2187.97
2188.01
2188.05
2188.09
2188.13
2188.17
2188.21
2188.26
2188.3
2188.34
2188.38
2188.42
2188.46
2188.5
2188.54
2188.59
2188.63
2188.67
2188.71
2188.76
2188.8
2188.84
2188.89
2188.93
2188.97
2189.01
2189.06
2189.1
2189.14
2189.19
2189.23
2189.27
2189.32
2189.36
2189.4
--- next_y
1897.34
1897.65
1897.97
1898.28
1898.59
1898.9
1899.22
1899.53
1899.84
1900.15
1900.46
1900.77
1901.08
1901.39
1901.7
1902
1902.31
1902.62
1902.92
1903.22
1903.53
1903.83
1904.13
1904.44
1904.74
1905.04
1905.34
1905.64
1905.94
1906.24
1906.54
1906.84
1907.13
1907.43
1907.73
1908.02
1908.32
1908.61
1908.91
1909.2
1909.49
1909.79
1910.08
1910.37
1910.66
1910.95
1911.24
1911.53
1911.82
1912.11
iteracion: 1436
--- next_x
2187.39
2187.43
2187.47
2187.5
2187.54
2187.58
2187.62
2187.66
2187.7
2187.73
2187.77
2187.81
2187.85
2187.89
2187.93
2187.97
2188.01
2188.05
2188.09
2188.13
2188.17
2188.21
2188.26
2188.3
2188.34
2188.38
2188.42
2188.46
2188.5
2188.54
2188.59
2188.63
2188.67
2188.71
2188.76
2188.8
2188.84
2188.89
2188.93
2188.97
2189.01
2189.06
2189.1
2189.14
2189.19
2189.23
2189.27
2189.32
2189.37
2189.41
--- next_y
1897.34
1897.65
1897.97
1898.28
1898.59
1898.9
1899.22
1899.53
1899.84
1900.15
1900.46
1900.77
1901.08
1901.39
1901.7
1902
1902.31
1902.62
1902.92
1903.22
1903.53
1903.83
1904.13
1904.44
1904.74
1905.04
1905.34
1905.64
1905.94
1906.24
1906.54
1906.84
1907.13
1907.43
1907.73
1908.02
1908.32
1908.61
1908.91
1909.2
1909.49
1909.79
1910.08
1910.37
1910.66
1910.95
1911.24
1911.52
1911.81
1912.1
iteracion: 1436
--- next_x
2187.39
2187.43
2187.47
2187.5
2187.54
2187.58
2187.62
2187.66
2187.7
2187.73
2187.77
2187.81
2187.85
2187.89
2187.93
2187.97
2188.01
2188.05
2188.09
2188.13
2188.17
2188.21
2188.26
2188.3
2188.34
2188.38
2188.42
2188.46
2188.5
2188.54
2188.59
2188.63
2188.67
2188.71
2188.76
2188.8
2188.84
2188.89
2188.93
2188.97
2189.01
2189.06
2189.1
2189.14
2189.19
2189.23
2189.27
2189.31
2189.35
2189.39
--- next_y
1897.34
1897.65
1897.97
1898.28
1898.59
1898.9
1899.22
1899.53
1899.84
1900.15
1900.46
1900.77
1901.08
1901.39
1901.7
1902
1902.31
1902.62
1902.92
1903.22
1903.53
1903.83
1904.13
1904.44
1904.74
1905.04
1905.34
1905.64
1905.94
1906.24
1906.54
1906.84
1907.13
1907.43
1907.73
1908.02
1908.32
1908.61
1908.91
1909.2
1909.49
1909.79
1910.08
1910.37
1910.66
1910.95
1911.24
1911.53
1911.82
1912.11
