iteracion: 1524
--- next_x
2205.78
2205.86
2205.94
2206.02
2206.11
2206.19
2206.27
2206.35
2206.43
2206.51
2206.59
2206.68
2206.76
2206.84
2206.92
2207.01
2207.09
2207.17
2207.25
2207.34
2207.42
2207.5
2207.59
2207.67
2207.75
2207.83
2207.92
2208
2208.08
2208.16
2208.25
2208.33
2208.41
2208.49
2208.58
2208.66
2208.74
2208.82
2208.91
2208.99
2209.07
2209.16
2209.24
2209.32
2209.4
2209.48
2209.56
2209.64
2209.72
2209.8
--- next_y
1998.62
1999.05
1999.47
1999.9
2000.33
2000.76
2001.19
2001.62
2002.05
2002.48
2002.91
2003.35
2003.79
2004.22
2004.66
2005.1
2005.54
2005.98
2006.42
2006.86
2007.29
2007.73
2008.17
2008.61
2009.05
2009.48
2009.92
2010.36
2010.8
2011.24
2011.68
2012.11
2012.55
2012.99
2013.43
2013.87
2014.31
2014.74
2015.18
2015.62
2016.06
2016.5
2016.93
2017.37
2017.81
2018.25
2018.69
2019.13
2019.57
2020
iteracion: 1524
--- next_x
2205.78
2205.86
2205.94
2206.02
2206.11
2206.19
2206.27
2206.35
2206.43
2206.51
2206.59
2206.68
2206.76
2206.84
2206.92
2207.01
2207.09
2207.17
2207.25
2207.34
2207.42
2207.5
2207.59
2207.67
2207.75
2207.83
2207.92
2208
2208.08
2208.16
2208.25
2208.33
2208.41
2208.49
2208.58
2208.66
2208.74
2208.82
2208.91
2208.99
2209.07
2209.16
2209.24
2209.32
2209.4
2209.48
2209.56
2209.65
2209.75
2209.84
--- next_y
1998.62
1999.05
1999.47
1999.9
2000.33
2000.76
2001.19
2001.62
2002.05
2002.48
2002.91
2003.35
2003.79
2004.22
2004.66
2005.1
2005.54
2005.98
2006.42
2006.86
2007.29
2007.73
2008.17
2008.61
2009.05
2009.48
2009.92
2010.36
2010.8
2011.24
2011.68
2012.11
2012.55
2012.99
2013.43
2013.87
2014.31
2014.74
2015.18
2015.62
2016.06
2016.5
2016.93
2017.37
2017.81
2018.25
2018.68
2019.11
2019.54
2019.97
iteracion: 1524
--- next_x
2205.78
2205.86
2205.94
2206.02
2206.11
2206.19
2206.27
2206.35
2206.43
2206.51
2206.59
2206.68
2206.76
2206.84
2206.92
2207.01
2207.09
2207.17
2207.25
2207.34
2207.42
2207.5
2207.59
2207.67
2207.75
2207.83
2207.92
2208
2208.08
2208.16
2208.25
2208.33
2208.41
2208.49
2208.58
2208.66
2208.74
2208.82
2208.91
2208.99
2209.07
2209.16
2209.24
2209.32
2209.4
2209.48
2209.56
2209.63
2209.69
2209.76
--- next_y
1998.62
1999.05
1999.47
1999.9
2000.33
2000.76
2001.19
2001.62
2002.05
2002.48
2002.91
2003.35
2003.79
2004.22
2004.66
2005.1
2005.54
2005.98
2006.42
2006.86
2007.29
2007.73
2008.17
2008.61
2009.05
2009.48
2009.92
2010.36
2010.8
2011.24
2011.68
2012.11
2012.55
2012.99
2013.43
2013.87
2014.31
2014.74
2015.18
2015.62
2016.06
2016.5
2016.93
2017.37
2017.81
2018.25
2018.68
2019.12
2019.56
2019.99
