iteracion: 3874
--- next_x
177.051
177.148
177.245
177.342
177.44
177.536
177.633
177.73
177.827
177.924
178.021
178.118
178.215
178.311
178.407
178.504
178.599
178.695
178.791
178.887
178.983
179.078
179.174
179.269
179.364
179.459
179.554
179.648
179.743
179.837
179.932
180.026
180.12
180.214
180.309
180.403
180.497
180.592
180.687
180.782
180.877
180.973
181.069
181.165
181.262
181.359
181.456
181.555
181.654
181.753
--- next_y
1978.6
1978.21
1977.82
1977.43
1977.04
1976.65
1976.26
1975.87
1975.49
1975.1
1974.71
1974.33
1973.94
1973.56
1973.17
1972.79
1972.41
1972.03
1971.64
1971.26
1970.88
1970.51
1970.12
1969.75
1969.37
1968.99
1968.62
1968.24
1967.87
1967.49
1967.12
1966.75
1966.37
1966
1965.63
1965.26
1964.89
1964.52
1964.15
1963.78
1963.41
1963.05
1962.68
1962.32
1961.95
1961.59
1961.23
1960.86
1960.5
1960.14
iteracion: 3874
--- next_x
177.051
177.148
177.245
177.342
177.44
177.536
177.633
177.73
177.827
177.924
178.021
178.118
178.215
178.311
178.407
178.504
178.599
178.695
178.791
178.887
178.983
179.078
179.174
179.269
179.364
179.459
179.554
179.648
179.743
179.837
179.932
180.026
180.12
180.214
180.309
180.403
180.497
180.592
180.687
180.782
180.877
180.973
181.069
181.165
181.262
181.359
181.454
181.547
181.639
181.728
--- next_y
1978.6
1978.21
1977.82
1977.43
1977.04
1976.65
1976.26
1975.87
1975.49
1975.1
1974.71
1974.33
1973.94
1973.56
1973.17
1972.79
1972.41
1972.03
1971.64
1971.26
1970.88
1970.51
1970.12
1969.75
1969.37
1968.99
1968.62
1968.24
1967.87
1967.49
1967.12
1966.75
1966.37
1966
1965.63
1965.26
1964.89
1964.52
1964.15
1963.78
1963.41
1963.05
1962.68
1962.32
1961.95
1961.59
1961.23
1960.86
1960.5
1960.13
iteracion: 3874
--- next_x
177.051
177.148
177.245
177.342
177.44
177.536
177.633
177.73
177.827
177.924
178.021
178.118
178.215
178.311
178.407
178.504
178.599
178.695
178.791
178.887
178.983
179.078
179.174
179.269
179.364
179.459
179.554
179.648
179.743
179.837
179.932
180.026
180.12
180.214
180.309
180.403
180.497
180.592
180.687
180.782
180.877
180.973
181.069
181.165
181.262
181.359
181.457
181.558
181.663
181.771
--- next_y
1978.6
1978.21
1977.82
1977.43
1977.04
1976.65
1976.26
1975.87
1975.49
1975.1
1974.71
1974.33
1973.94
1973.56
1973.17
1972.79
1972.41
1972.03
1971.64
1971.26
1970.88
1970.51
1970.12
1969.75
1969.37
1968.99
1968.62
1968.24
1967.87
1967.49
1967.12
1966.75
1966.37
1966
1965.63
1965.26
1964.89
1964.52
1964.15
1963.78
1963.41
1963.05
1962.68
1962.32
1961.95
1961.59
1961.23
1960.88
1960.52
1960.17
