iteracion: 778
--- next_x
1935.81
1936.11
1936.41
1936.72
1937.02
1937.33
1937.63
1937.94
1938.24
1938.55
1938.86
1939.17
1939.48
1939.79
1940.1
1940.41
1940.72
1941.04
1941.36
1941.67
1941.99
1942.31
1942.63
1942.95
1943.27
1943.6
1943.92
1944.24
1944.57
1944.9
1945.23
1945.56
1945.89
1946.22
1946.55
1946.89
1947.22
1947.56
1947.89
1948.22
1948.55
1948.88
1949.2
1949.53
1949.85
1950.18
1950.5
1950.83
1951.15
1951.47
--- next_y
1161.05
1161.15
1161.25
1161.35
1161.44
1161.54
1161.64
1161.74
1161.84
1161.94
1162.05
1162.15
1162.26
1162.36
1162.47
1162.58
1162.69
1162.8
1162.91
1163.02
1163.13
1163.24
1163.36
1163.47
1163.59
1163.7
1163.82
1163.94
1164.06
1164.18
1164.31
1164.43
1164.56
1164.69
1164.81
1164.94
1165.07
1165.2
1165.33
1165.46
1165.59
1165.72
1165.85
1165.98
1166.12
1166.25
1166.38
1166.51
1166.65
1166.78
iteracion: 778
--- next_x
1935.81
1936.11
1936.41
1936.72
1937.02
1937.33
1937.63
1937.94
1938.24
1938.55
1938.86
1939.17
1939.48
1939.79
1940.1
1940.41
1940.72
1941.04
1941.36
1941.67
1941.99
1942.31
1942.63
1942.95
1943.27
1943.6
1943.92
1944.24
1944.57
1944.9
1945.23
1945.56
1945.89
1946.22
1946.55
1946.89
1947.22
1947.56
1947.89
1948.22
1948.55
1948.88
1949.2
1949.53
1949.85
1950.18
1950.51
1950.83
1951.16
1951.49
--- next_y
1161.05
1161.15
1161.25
1161.35
1161.44
1161.54
1161.64
1161.74
1161.84
1161.94
1162.05
1162.15
1162.26
1162.36
1162.47
1162.58
1162.69
1162.8
1162.91
1163.02
1163.13
1163.24
1163.36
1163.47
1163.59
1163.7
1163.82
1163.94
1164.06
1164.18
1164.31
1164.43
1164.56
1164.69
1164.81
1164.94
1165.07
1165.2
1165.33
1165.46
1165.59
1165.72
1165.85
1165.98
1166.12
1166.25
1166.37
1166.5
1166.63
1166.75
iteracion: 778
--- next_x
1935.81
1936.11
1936.41
1936.72
1937.02
1937.33
1937.63
1937.94
1938.24
1938.55
1938.86
1939.17
1939.48
1939.79
1940.1
1940.41
1940.72
1941.04
1941.36
1941.67
1941.99
1942.31
1942.63
1942.95
1943.27
1943.6
1943.92
1944.24
1944.57
1944.9
1945.23
1945.56
1945.89
1946.22
1946.55
1946.89
1947.22
1947.56
1947.89
1948.22
1948.55
1948.88
1949.2
1949.53
1949.85
1950.17
1950.49
1950.8
1951.12
1951.43
--- next_y
1161.05
1161.15
1161.25
1161.35
1161.44
1161.54
1161.64
1161.74
1161.84
1161.94
1162.05
1162.15
1162.26
1162.36
1162.47
1162.58
1162.69
1162.8
1162.91
1163.02
1163.13
1163.24
1163.36
1163.47
1163.59
1163.7
1163.82
1163.94
1164.06
1164.18
1164.31
1164.43
1164.56
1164.69
1164.81
1164.94
1165.07
1165.2
1165.33
1165.46
1165.59
1165.72
1165.85
1165.98
1166.12
1166.25
1166.38
1166.52
1166.65
1166.79
