iteracion: 1940
--- next_x
2328.58
2328.64
2328.7
2328.76
2328.82
2328.88
2328.94
2329
2329.07
2329.13
2329.19
2329.25
2329.32
2329.38
2329.44
2329.51
2329.57
2329.64
2329.7
2329.77
2329.83
2329.9
2329.96
2330.03
2330.09
2330.16
2330.23
2330.3
2330.36
2330.43
2330.49
2330.56
2330.63
2330.7
2330.76
2330.83
2330.9
2330.97
2331.04
2331.11
2331.17
2331.24
2331.31
2331.38
2331.45
2331.51
2331.58
2331.65
2331.72
2331.79
--- next_y
2504.57
2504.88
2505.19
2505.51
2505.83
2506.15
2506.47
2506.79
2507.12
2507.44
2507.77
2508.1
2508.43
2508.76
2509.09
2509.43
2509.76
2510.09
2510.43
2510.77
2511.11
2511.45
2511.79
2512.13
2512.48
2512.82
2513.17
2513.52
2513.87
2514.22
2514.57
2514.93
2515.28
2515.64
2516
2516.36
2516.73
2517.09
2517.45
2517.82
2518.19
2518.55
2518.92
2519.29
2519.67
2520.04
2520.41
2520.78
2521.16
2521.53
iteracion: 1940
--- next_x
2328.58
2328.64
2328.7
2328.76
2328.82
2328.88
2328.94
2329
2329.07
2329.13
2329.19
2329.25
2329.32
2329.38
2329.44
2329.51
2329.57
2329.64
2329.7
2329.77
2329.83
2329.9
2329.96
2330.03
2330.09
2330.16
2330.23
2330.3
2330.36
2330.43
2330.49
2330.56
2330.63
2330.7
2330.76
2330.83
2330.9
2330.97
2331.04
2331.11
2331.17
2331.24
2331.31
2331.38
2331.45
2331.51
2331.59
2331.66
2331.73
2331.81
--- next_y
2504.57
2504.88
2505.19
2505.51
2505.83
2506.15
2506.47
2506.79
2507.12
2507.44
2507.77
2508.1
2508.43
2508.76
2509.09
2509.43
2509.76
2510.09
2510.43
2510.77
2511.11
2511.45
2511.79
2512.13
2512.48
2512.82
2513.17
2513.52
2513.87
2514.22
2514.57
2514.93
2515.28
2515.64
2516
2516.36
2516.73
2517.09
2517.45
2517.82
2518.19
2518.55
2518.92
2519.29
2519.67
2520.04
2520.41
2520.78
2521.15
2521.52
iteracion: 1940
--- next_x
2328.58
2328.64
2328.7
2328.76
2328.82
2328.88
2328.94
2329
2329.07
2329.13
2329.19
2329.25
2329.32
2329.38
2329.44
2329.51
2329.57
2329.64
2329.7
2329.77
2329.83
2329.9
2329.96
2330.03
2330.09
2330.16
2330.23
2330.3
2330.36
2330.43
2330.49
2330.56
2330.63
2330.7
2330.76
2330.83
2330.9
2330.97
2331.04
2331.11
2331.17
2331.24
2331.31
2331.38
2331.45
2331.51
2331.58
2331.64
2331.7
2331.76
--- next_y
2504.57
2504.88
2505.19
2505.51
2505.83
2506.15
2506.47
2506.79
2507.12
2507.44
2507.77
2508.1
2508.43
2508.76
2509.09
2509.43
2509.76
2510.09
2510.43
2510.77
2511.11
2511.45
2511.79
2512.13
2512.48
2512.82
2513.17
2513.52
2513.87
2514.22
2514.57
2514.93
2515.28
2515.64
2516
2516.36
2516.73
2517.09
2517.45
2517.82
2518.19
2518.55
2518.92
2519.29
2519.67
2520.04
2520.41
2520.77
2521.14
2521.51
