iteracion: 1584
--- next_x
2225.35
2225.45
2225.54
2225.64
2225.74
2225.83
2225.93
2226.02
2226.12
2226.21
2226.31
2226.4
2226.5
2226.59
2226.68
2226.78
2226.87
2226.97
2227.06
2227.15
2227.25
2227.34
2227.43
2227.53
2227.62
2227.71
2227.8
2227.9
2227.99
2228.08
2228.17
2228.26
2228.36
2228.45
2228.54
2228.63
2228.72
2228.81
2228.9
2228.99
2229.08
2229.17
2229.26
2229.35
2229.44
2229.53
2229.62
2229.71
2229.8
2229.9
--- next_y
2087.71
2088.03
2088.35
2088.67
2088.99
2089.32
2089.63
2089.95
2090.27
2090.59
2090.9
2091.22
2091.54
2091.85
2092.16
2092.48
2092.79
2093.1
2093.41
2093.72
2094.03
2094.34
2094.65
2094.96
2095.27
2095.57
2095.88
2096.19
2096.49
2096.8
2097.1
2097.4
2097.7
2098.01
2098.31
2098.61
2098.91
2099.2
2099.5
2099.8
2100.1
2100.4
2100.69
2100.99
2101.28
2101.58
2101.88
2102.17
2102.47
2102.76
iteracion: 1584
--- next_x
2225.35
2225.45
2225.54
2225.64
2225.74
2225.83
2225.93
2226.02
2226.12
2226.21
2226.31
2226.4
2226.5
2226.59
2226.68
2226.78
2226.87
2226.97
2227.06
2227.15
2227.25
2227.34
2227.43
2227.53
2227.62
2227.71
2227.8
2227.9
2227.99
2228.08
2228.17
2228.26
2228.36
2228.45
2228.54
2228.63
2228.72
2228.81
2228.9
2228.99
2229.08
2229.17
2229.26
2229.35
2229.44
2229.53
2229.63
2229.72
2229.82
2229.91
--- next_y
2087.71
2088.03
2088.35
2088.67
2088.99
2089.32
2089.63
2089.95
2090.27
2090.59
2090.9
2091.22
2091.54
2091.85
2092.16
2092.48
2092.79
2093.1
2093.41
2093.72
2094.03
2094.34
2094.65
2094.96
2095.27
2095.57
2095.88
2096.19
2096.49
2096.8
2097.1
2097.4
2097.7
2098.01
2098.31
2098.61
2098.91
2099.2
2099.5
2099.8
2100.1
2100.4
2100.69
2100.99
2101.28
2101.58
2101.87
2102.16
2102.45
2102.74
iteracion: 1584
--- next_x
2225.35
2225.45
2225.54
2225.64
2225.74
2225.83
2225.93
2226.02
2226.12
2226.21
2226.31
2226.4
2226.5
2226.59
2226.68
2226.78
2226.87
2226.97
2227.06
2227.15
2227.25
2227.34
2227.43
2227.53
2227.62
2227.71
2227.8
2227.9
2227.99
2228.08
2228.17
2228.26
2228.36
2228.45
2228.54
2228.63
2228.72
2228.81
2228.9
2228.99
2229.08
2229.17
2229.26
2229.35
2229.44
2229.53
2229.62
2229.7
2229.79
2229.87
--- next_y
2087.71
2088.03
2088.35
2088.67
2088.99
2089.32
2089.63
2089.95
2090.27
2090.59
2090.9
2091.22
2091.54
2091.85
2092.16
2092.48
2092.79
2093.1
2093.41
2093.72
2094.03
2094.34
2094.65
2094.96
2095.27
2095.57
2095.88
2096.19
2096.49
2096.8
2097.1
2097.4
2097.7
2098.01
2098.31
2098.61
2098.91
2099.2
2099.5
2099.8
2100.1
2100.4
2100.69
2100.99
2101.28
2101.58
2101.87
2102.17
2102.46
2102.76
