iteracion: 1070
--- next_x
2110.12
2110.17
2110.22
2110.28
2110.33
2110.38
2110.43
2110.48
2110.53
2110.58
2110.63
2110.68
2110.72
2110.77
2110.82
2110.87
2110.91
2110.96
2111.01
2111.06
2111.1
2111.15
2111.2
2111.24
2111.29
2111.33
2111.38
2111.43
2111.47
2111.51
2111.56
2111.6
2111.65
2111.69
2111.74
2111.78
2111.82
2111.87
2111.91
2111.95
2112
2112.04
2112.08
2112.12
2112.17
2112.21
2112.25
2112.29
2112.33
2112.38
--- next_y
1448.19
1448.5
1448.82
1449.14
1449.46
1449.78
1450.09
1450.41
1450.73
1451.04
1451.36
1451.67
1451.98
1452.3
1452.61
1452.93
1453.24
1453.55
1453.86
1454.18
1454.49
1454.8
1455.11
1455.42
1455.73
1456.04
1456.34
1456.65
1456.96
1457.27
1457.57
1457.88
1458.18
1458.49
1458.8
1459.1
1459.4
1459.71
1460.01
1460.32
1460.62
1460.92
1461.22
1461.52
1461.82
1462.12
1462.43
1462.73
1463.03
1463.33
iteracion: 1070
--- next_x
2110.12
2110.17
2110.22
2110.28
2110.33
2110.38
2110.43
2110.48
2110.53
2110.58
2110.63
2110.68
2110.72
2110.77
2110.82
2110.87
2110.91
2110.96
2111.01
2111.06
2111.1
2111.15
2111.2
2111.24
2111.29
2111.33
2111.38
2111.43
2111.47
2111.51
2111.56
2111.6
2111.65
2111.69
2111.74
2111.78
2111.82
2111.87
2111.91
2111.95
2112
2112.04
2112.08
2112.12
2112.17
2112.21
2112.26
2112.3
2112.35
2112.4
--- next_y
1448.19
1448.5
1448.82
1449.14
1449.46
1449.78
1450.09
1450.41
1450.73
1451.04
1451.36
1451.67
1451.98
1452.3
1452.61
1452.93
1453.24
1453.55
1453.86
1454.18
1454.49
1454.8
1455.11
1455.42
1455.73
1456.04
1456.34
1456.65
1456.96
1457.27
1457.57
1457.88
1458.18
1458.49
1458.8
1459.1
1459.4
1459.71
1460.01
1460.32
1460.62
1460.92
1461.22
1461.52
1461.82
1462.12
1462.42
1462.72
1463.01
1463.31
iteracion: 1070
--- next_x
2110.12
2110.17
2110.22
2110.28
2110.33
2110.38
2110.43
2110.48
2110.53
2110.58
2110.63
2110.68
2110.72
2110.77
2110.82
2110.87
2110.91
2110.96
2111.01
2111.06
2111.1
2111.15
2111.2
2111.24
2111.29
2111.33
2111.38
2111.43
2111.47
2111.51
2111.56
2111.6
2111.65
2111.69
2111.74
2111.78
2111.82
2111.87
2111.91
2111.95
2112
2112.04
2112.08
2112.12
2112.16
2112.2
2112.24
2112.28
2112.31
2112.34
--- next_y
1448.19
1448.5
1448.82
1449.14
1449.46
1449.78
1450.09
1450.41
1450.73
1451.04
1451.36
1451.67
1451.98
1452.3
1452.61
1452.93
1453.24
1453.55
1453.86
1454.18
1454.49
1454.8
1455.11
1455.42
1455.73
1456.04
1456.34
1456.65
1456.96
1457.27
1457.57
1457.88
1458.18
1458.49
1458.8
1459.1
1459.4
1459.71
1460.01
1460.32
1460.62
1460.92
1461.22
1461.52
1461.82
1462.12
1462.42
1462.72
1463.02
1463.32
