iteracion: 3912
--- next_x
192.658
192.783
192.907
193.031
193.156
193.281
193.405
193.529
193.653
193.777
193.9
194.024
194.148
194.272
194.396
194.519
194.643
194.765
194.888
195.011
195.134
195.257
195.38
195.503
195.626
195.748
195.87
195.992
196.113
196.235
196.357
196.479
196.6
196.721
196.842
196.963
197.084
197.204
197.325
197.445
197.564
197.684
197.804
197.923
198.042
198.161
198.28
198.399
198.519
198.638
--- next_y
1929.89
1929.6
1929.31
1929.02
1928.73
1928.44
1928.15
1927.86
1927.57
1927.29
1927
1926.71
1926.43
1926.14
1925.86
1925.58
1925.29
1925.01
1924.73
1924.45
1924.16
1923.88
1923.61
1923.33
1923.05
1922.77
1922.49
1922.22
1921.94
1921.67
1921.39
1921.12
1920.85
1920.57
1920.3
1920.03
1919.76
1919.49
1919.22
1918.95
1918.68
1918.42
1918.15
1917.88
1917.62
1917.35
1917.09
1916.82
1916.55
1916.29
iteracion: 3912
--- next_x
192.658
192.783
192.907
193.031
193.156
193.281
193.405
193.529
193.653
193.777
193.9
194.024
194.148
194.272
194.396
194.519
194.643
194.765
194.888
195.011
195.134
195.257
195.38
195.503
195.626
195.748
195.87
195.992
196.113
196.235
196.357
196.479
196.6
196.721
196.842
196.963
197.084
197.204
197.325
197.445
197.564
197.684
197.804
197.923
198.042
198.161
198.28
198.397
198.514
198.628
--- next_y
1929.89
1929.6
1929.31
1929.02
1928.73
1928.44
1928.15
1927.86
1927.57
1927.29
1927
1926.71
1926.43
1926.14
1925.86
1925.58
1925.29
1925.01
1924.73
1924.45
1924.16
1923.88
1923.61
1923.33
1923.05
1922.77
1922.49
1922.22
1921.94
1921.67
1921.39
1921.12
1920.85
1920.57
1920.3
1920.03
1919.76
1919.49
1919.22
1918.95
1918.68
1918.42
1918.15
1917.88
1917.62
1917.35
1917.09
1916.82
1916.56
1916.29
iteracion: 3912
--- next_x
192.658
192.783
192.907
193.031
193.156
193.281
193.405
193.529
193.653
193.777
193.9
194.024
194.148
194.272
194.396
194.519
194.643
194.765
194.888
195.011
195.134
195.257
195.38
195.503
195.626
195.748
195.87
195.992
196.113
196.235
196.357
196.479
196.6
196.721
196.842
196.963
197.084
197.204
197.325
197.445
197.564
197.684
197.804
197.923
198.042
198.161
198.28
198.399
198.52
198.641
--- next_y
1929.89
1929.6
1929.31
1929.02
1928.73
1928.44
1928.15
1927.86
1927.57
1927.29
1927
1926.71
1926.43
1926.14
1925.86
1925.58
1925.29
1925.01
1924.73
1924.45
1924.16
1923.88
1923.61
1923.33
1923.05
1922.77
1922.49
1922.22
1921.94
1921.67
1921.39
1921.12
1920.85
1920.57
1920.3
1920.03
1919.76
1919.49
1919.22
1918.95
1918.68
1918.42
1918.15
1917.88
1917.62
1917.35
1917.09
1916.82
1916.56
1916.3
