iteracion: 1066
--- next_x
2109.01
2109.07
2109.13
2109.19
2109.24
2109.3
2109.36
2109.41
2109.47
2109.52
2109.58
2109.64
2109.69
2109.75
2109.8
2109.86
2109.91
2109.96
2110.01
2110.07
2110.12
2110.17
2110.22
2110.28
2110.33
2110.38
2110.43
2110.48
2110.53
2110.58
2110.63
2110.68
2110.72
2110.77
2110.82
2110.87
2110.91
2110.96
2111.01
2111.06
2111.1
2111.15
2111.2
2111.24
2111.29
2111.33
2111.38
2111.43
2111.47
2111.52
--- next_y
1441.71
1442.04
1442.37
1442.69
1443.02
1443.35
1443.67
1444
1444.32
1444.65
1444.97
1445.29
1445.62
1445.94
1446.26
1446.58
1446.9
1447.22
1447.55
1447.87
1448.19
1448.5
1448.82
1449.14
1449.46
1449.78
1450.09
1450.41
1450.73
1451.04
1451.36
1451.67
1451.98
1452.3
1452.61
1452.93
1453.24
1453.55
1453.86
1454.18
1454.49
1454.8
1455.11
1455.42
1455.73
1456.04
1456.35
1456.66
1456.97
1457.28
iteracion: 1066
--- next_x
2109.01
2109.07
2109.13
2109.19
2109.24
2109.3
2109.36
2109.41
2109.47
2109.52
2109.58
2109.64
2109.69
2109.75
2109.8
2109.86
2109.91
2109.96
2110.01
2110.07
2110.12
2110.17
2110.22
2110.28
2110.33
2110.38
2110.43
2110.48
2110.53
2110.58
2110.63
2110.68
2110.72
2110.77
2110.82
2110.87
2110.91
2110.96
2111.01
2111.06
2111.1
2111.15
2111.2
2111.24
2111.29
2111.33
2111.38
2111.43
2111.48
2111.54
--- next_y
1441.71
1442.04
1442.37
1442.69
1443.02
1443.35
1443.67
1444
1444.32
1444.65
1444.97
1445.29
1445.62
1445.94
1446.26
1446.58
1446.9
1447.22
1447.55
1447.87
1448.19
1448.5
1448.82
1449.14
1449.46
1449.78
1450.09
1450.41
1450.73
1451.04
1451.36
1451.67
1451.98
1452.3
1452.61
1452.93
1453.24
1453.55
1453.86
1454.18
1454.49
1454.8
1455.11
1455.42
1455.73
1456.03
1456.34
1456.65
1456.96
1457.26
iteracion: 1066
--- next_x
2109.01
2109.07
2109.13
2109.19
2109.24
2109.3
2109.36
2109.41
2109.47
2109.52
2109.58
2109.64
2109.69
2109.75
2109.8
2109.86
2109.91
2109.96
2110.01
2110.07
2110.12
2110.17
2110.22
2110.28
2110.33
2110.38
2110.43
2110.48
2110.53
2110.58
2110.63
2110.68
2110.72
2110.77
2110.82
2110.87
2110.91
2110.96
2111.01
2111.06
2111.1
2111.15
2111.2
2111.24
2111.29
2111.33
2111.37
2111.42
2111.45
2111.49
--- next_y
1441.71
1442.04
1442.37
1442.69
1443.02
1443.35
1443.67
1444
1444.32
1444.65
1444.97
1445.29
1445.62
1445.94
1446.26
1446.58
1446.9
1447.22
1447.55
1447.87
1448.19
1448.5
1448.82
1449.14
1449.46
1449.78
1450.09
1450.41
1450.73
1451.04
1451.36
1451.67
1451.98
1452.3
1452.61
1452.93
1453.24
1453.55
1453.86
1454.18
1454.49
1454.8
1455.11
1455.42
1455.73
1456.03
1456.34
1456.65
1456.96
1457.27
