iteracion: 680
--- next_x
1798.03
1798.42
1798.81
1799.2
1799.59
1799.97
1800.36
1800.75
1801.13
1801.52
1801.9
1802.28
1802.66
1803.05
1803.43
1803.81
1804.19
1804.57
1804.95
1805.33
1805.71
1806.09
1806.47
1806.85
1807.22
1807.6
1807.97
1808.35
1808.72
1809.1
1809.47
1809.84
1810.22
1810.59
1810.96
1811.33
1811.7
1812.07
1812.44
1812.81
1813.17
1813.54
1813.91
1814.27
1814.64
1815.01
1815.37
1815.74
1816.1
1816.47
--- next_y
1140.33
1140.32
1140.3
1140.28
1140.27
1140.26
1140.24
1140.23
1140.22
1140.21
1140.2
1140.18
1140.17
1140.16
1140.16
1140.15
1140.14
1140.13
1140.13
1140.12
1140.12
1140.11
1140.11
1140.1
1140.1
1140.1
1140.1
1140.1
1140.1
1140.1
1140.1
1140.1
1140.1
1140.1
1140.11
1140.11
1140.12
1140.12
1140.12
1140.13
1140.14
1140.15
1140.15
1140.16
1140.17
1140.18
1140.19
1140.2
1140.21
1140.23
iteracion: 680
--- next_x
1798.03
1798.42
1798.81
1799.2
1799.59
1799.97
1800.36
1800.75
1801.13
1801.52
1801.9
1802.28
1802.66
1803.05
1803.43
1803.81
1804.19
1804.57
1804.95
1805.33
1805.71
1806.09
1806.47
1806.85
1807.22
1807.6
1807.97
1808.35
1808.72
1809.1
1809.47
1809.84
1810.22
1810.59
1810.96
1811.33
1811.7
1812.07
1812.44
1812.81
1813.17
1813.54
1813.91
1814.27
1814.64
1815.01
1815.37
1815.74
1816.1
1816.47
--- next_y
1140.33
1140.32
1140.3
1140.28
1140.27
1140.26
1140.24
1140.23
1140.22
1140.21
1140.2
1140.18
1140.17
1140.16
1140.16
1140.15
1140.14
1140.13
1140.13
1140.12
1140.12
1140.11
1140.11
1140.1
1140.1
1140.1
1140.1
1140.1
1140.1
1140.1
1140.1
1140.1
1140.1
1140.1
1140.11
1140.11
1140.12
1140.12
1140.12
1140.13
1140.14
1140.15
1140.15
1140.16
1140.17
1140.18
1140.19
1140.2
1140.21
1140.21
iteracion: 680
--- next_x
1798.03
1798.42
1798.81
1799.2
1799.59
1799.97
1800.36
1800.75
1801.13
1801.52
1801.9
1802.28
1802.66
1803.05
1803.43
1803.81
1804.19
1804.57
1804.95
1805.33
1805.71
1806.09
1806.47
1806.85
1807.22
1807.6
1807.97
1808.35
1808.72
1809.1
1809.47
1809.84
1810.22
1810.59
1810.96
1811.33
1811.7
1812.07
1812.44
1812.81
1813.17
1813.54
1813.91
1814.27
1814.64
1815.01
1815.37
1815.73
1816.09
1816.45
--- next_y
1140.33
1140.32
1140.3
1140.28
1140.27
1140.26
1140.24
1140.23
1140.22
1140.21
1140.2
1140.18
1140.17
1140.16
1140.16
1140.15
1140.14
1140.13
1140.13
1140.12
1140.12
1140.11
1140.11
1140.1
1140.1
1140.1
1140.1
1140.1
1140.1
1140.1
1140.1
1140.1
1140.1
1140.1
1140.11
1140.11
1140.12
1140.12
1140.12
1140.13
1140.14
1140.15
1140.15
1140.16
1140.17
1140.18
1140.19
1140.21
1140.22
1140.24
