iteracion: 1527
--- next_x
2206.76
2206.84
2206.92
2207.01
2207.09
2207.17
2207.25
2207.34
2207.42
2207.5
2207.59
2207.67
2207.75
2207.83
2207.92
2208
2208.08
2208.16
2208.25
2208.33
2208.41
2208.49
2208.58
2208.66
2208.74
2208.82
2208.91
2208.99
2209.07
2209.16
2209.24
2209.32
2209.4
2209.48
2209.56
2209.64
2209.72
2209.8
2209.88
2209.96
2210.04
2210.12
2210.2
2210.28
2210.36
2210.43
2210.51
2210.59
2210.67
2210.75
--- next_y
2003.79
2004.22
2004.66
2005.1
2005.54
2005.98
2006.42
2006.86
2007.29
2007.73
2008.17
2008.61
2009.05
2009.48
2009.92
2010.36
2010.8
2011.24
2011.68
2012.11
2012.55
2012.99
2013.43
2013.87
2014.31
2014.74
2015.18
2015.62
2016.06
2016.5
2016.93
2017.37
2017.81
2018.25
2018.69
2019.12
2019.56
2019.99
2020.43
2020.86
2021.3
2021.73
2022.16
2022.6
2023.03
2023.46
2023.89
2024.32
2024.75
2025.19
iteracion: 1527
--- next_x
2206.76
2206.84
2206.92
2207.01
2207.09
2207.17
2207.25
2207.34
2207.42
2207.5
2207.59
2207.67
2207.75
2207.83
2207.92
2208
2208.08
2208.16
2208.25
2208.33
2208.41
2208.49
2208.58
2208.66
2208.74
2208.82
2208.91
2208.99
2209.07
2209.16
2209.24
2209.32
2209.4
2209.48
2209.56
2209.64
2209.72
2209.8
2209.88
2209.96
2210.04
2210.12
2210.2
2210.28
2210.36
2210.43
2210.52
2210.6
2210.7
2210.79
--- next_y
2003.79
2004.22
2004.66
2005.1
2005.54
2005.98
2006.42
2006.86
2007.29
2007.73
2008.17
2008.61
2009.05
2009.48
2009.92
2010.36
2010.8
2011.24
2011.68
2012.11
2012.55
2012.99
2013.43
2013.87
2014.31
2014.74
2015.18
2015.62
2016.06
2016.5
2016.93
2017.37
2017.81
2018.25
2018.69
2019.12
2019.56
2019.99
2020.43
2020.86
2021.3
2021.73
2022.16
2022.6
2023.03
2023.46
2023.88
2024.31
2024.73
2025.15
iteracion: 1527
--- next_x
2206.76
2206.84
2206.92
2207.01
2207.09
2207.17
2207.25
2207.34
2207.42
2207.5
2207.59
2207.67
2207.75
2207.83
2207.92
2208
2208.08
2208.16
2208.25
2208.33
2208.41
2208.49
2208.58
2208.66
2208.74
2208.82
2208.91
2208.99
2209.07
2209.16
2209.24
2209.32
2209.4
2209.48
2209.56
2209.64
2209.72
2209.8
2209.88
2209.96
2210.04
2210.12
2210.2
2210.28
2210.36
2210.43
2210.51
2210.58
2210.64
2210.71
--- next_y
2003.79
2004.22
2004.66
2005.1
2005.54
2005.98
2006.42
2006.86
2007.29
2007.73
2008.17
2008.61
2009.05
2009.48
2009.92
2010.36
2010.8
2011.24
2011.68
2012.11
2012.55
2012.99
2013.43
2013.87
2014.31
2014.74
2015.18
2015.62
2016.06
2016.5
2016.93
2017.37
2017.81
2018.25
2018.69
2019.12
2019.56
2019.99
2020.43
2020.86
2021.3
2021.73
2022.16
2022.6
2023.03
2023.46
2023.89
2024.32
2024.75
2025.18
