iteracion: 974
--- next_x
2136.18
2136.25
2136.32
2136.38
2136.45
2136.52
2136.58
2136.65
2136.71
2136.78
2136.84
2136.91
2136.97
2137.04
2137.1
2137.17
2137.23
2137.29
2137.36
2137.42
2137.48
2137.54
2137.61
2137.67
2137.73
2137.79
2137.85
2137.91
2137.97
2138.04
2138.1
2138.16
2138.22
2138.28
2138.34
2138.4
2138.46
2138.52
2138.58
2138.64
2138.7
2138.76
2138.82
2138.88
2138.94
2139
2139.06
2139.12
2139.18
2139.25
--- next_y
1602.58
1602.95
1603.32
1603.69
1604.06
1604.43
1604.8
1605.16
1605.52
1605.89
1606.25
1606.61
1606.97
1607.33
1607.68
1608.04
1608.39
1608.75
1609.1
1609.45
1609.8
1610.15
1610.49
1610.84
1611.18
1611.53
1611.87
1612.21
1612.55
1612.89
1613.23
1613.57
1613.91
1614.24
1614.58
1614.91
1615.24
1615.57
1615.9
1616.23
1616.55
1616.88
1617.2
1617.52
1617.85
1618.17
1618.49
1618.81
1619.13
1619.45
iteracion: 974
--- next_x
2136.18
2136.25
2136.32
2136.38
2136.45
2136.52
2136.58
2136.65
2136.71
2136.78
2136.84
2136.91
2136.97
2137.04
2137.1
2137.17
2137.23
2137.29
2137.36
2137.42
2137.48
2137.54
2137.61
2137.67
2137.73
2137.79
2137.85
2137.91
2137.97
2138.04
2138.1
2138.16
2138.22
2138.28
2138.34
2138.4
2138.46
2138.52
2138.58
2138.64
2138.7
2138.76
2138.82
2138.88
2138.94
2139
2139.07
2139.13
2139.19
2139.26
--- next_y
1602.58
1602.95
1603.32
1603.69
1604.06
1604.43
1604.8
1605.16
1605.52
1605.89
1606.25
1606.61
1606.97
1607.33
1607.68
1608.04
1608.39
1608.75
1609.1
1609.45
1609.8
1610.15
1610.49
1610.84
1611.18
1611.53
1611.87
1612.21
1612.55
1612.89
1613.23
1613.57
1613.91
1614.24
1614.58
1614.91
1615.24
1615.57
1615.9
1616.23
1616.55
1616.88
1617.2
1617.52
1617.85
1618.17
1618.48
1618.8
1619.11
1619.43
iteracion: 974
--- next_x
2136.18
2136.25
2136.32
2136.38
2136.45
2136.52
2136.58
2136.65
2136.71
2136.78
2136.84
2136.91
2136.97
2137.04
2137.1
2137.17
2137.23
2137.29
2137.36
2137.42
2137.48
2137.54
2137.61
2137.67
2137.73
2137.79
2137.85
2137.91
2137.97
2138.04
2138.1
2138.16
2138.22
2138.28
2138.34
2138.4
2138.46
2138.52
2138.58
2138.64
2138.7
2138.76
2138.82
2138.88
2138.94
2139
2139.06
2139.12
2139.17
2139.23
--- next_y
1602.58
1602.95
1603.32
1603.69
1604.06
1604.43
1604.8
1605.16
1605.52
1605.89
1606.25
1606.61
1606.97
1607.33
1607.68
1608.04
1608.39
1608.75
1609.1
1609.45
1609.8
1610.15
1610.49
1610.84
1611.18
1611.53
1611.87
1612.21
1612.55
1612.89
1613.23
1613.57
1613.91
1614.24
1614.58
1614.91
1615.24
1615.57
1615.9
1616.23
1616.55
1616.88
1617.2
1617.52
1617.85
1618.17
1618.49
1618.8
1619.12
1619.44
