iteracion: 462
--- next_x
1525.06
1525.48
1525.89
1526.31
1526.72
1527.13
1527.54
1527.95
1528.36
1528.76
1529.17
1529.57
1529.97
1530.38
1530.77
1531.17
1531.57
1531.97
1532.36
1532.76
1533.15
1533.54
1533.93
1534.32
1534.71
1535.1
1535.48
1535.87
1536.25
1536.63
1537.01
1537.39
1537.77
1538.15
1538.53
1538.91
1539.28
1539.65
1540.03
1540.4
1540.77
1541.14
1541.51
1541.88
1542.25
1542.62
1542.99
1543.36
1543.73
1544.09
--- next_y
1161.59
1161.56
1161.52
1161.49
1161.46
1161.42
1161.39
1161.36
1161.32
1161.29
1161.26
1161.22
1161.19
1161.16
1161.12
1161.09
1161.06
1161.03
1160.99
1160.96
1160.93
1160.89
1160.86
1160.83
1160.8
1160.76
1160.73
1160.7
1160.67
1160.63
1160.6
1160.57
1160.54
1160.5
1160.47
1160.44
1160.4
1160.37
1160.34
1160.31
1160.28
1160.24
1160.21
1160.18
1160.15
1160.12
1160.08
1160.05
1160.02
1159.99
iteracion: 462
--- next_x
1525.06
1525.48
1525.89
1526.31
1526.72
1527.13
1527.54
1527.95
1528.36
1528.76
1529.17
1529.57
1529.97
1530.38
1530.77
1531.17
1531.57
1531.97
1532.36
1532.76
1533.15
1533.54
1533.93
1534.32
1534.71
1535.1
1535.48
1535.87
1536.25
1536.63
1537.01
1537.39
1537.77
1538.15
1538.53
1538.91
1539.28
1539.65
1540.03
1540.4
1540.77
1541.14
1541.51
1541.88
1542.25
1542.61
1542.98
1543.34
1543.71
1544.07
--- next_y
1161.59
1161.56
1161.52
1161.49
1161.46
1161.42
1161.39
1161.36
1161.32
1161.29
1161.26
1161.22
1161.19
1161.16
1161.12
1161.09
1161.06
1161.03
1160.99
1160.96
1160.93
1160.89
1160.86
1160.83
1160.8
1160.76
1160.73
1160.7
1160.67
1160.63
1160.6
1160.57
1160.54
1160.5
1160.47
1160.44
1160.4
1160.37
1160.34
1160.31
1160.28
1160.24
1160.21
1160.18
1160.15
1160.11
1160.08
1160.04
1159.99
1159.95
iteracion: 462
--- next_x
1525.06
1525.48
1525.89
1526.31
1526.72
1527.13
1527.54
1527.95
1528.36
1528.76
1529.17
1529.57
1529.97
1530.38
1530.77
1531.17
1531.57
1531.97
1532.36
1532.76
1533.15
1533.54
1533.93
1534.32
1534.71
1535.1
1535.48
1535.87
1536.25
1536.63
1537.01
1537.39
1537.77
1538.15
1538.53
1538.91
1539.28
1539.65
1540.03
1540.4
1540.77
1541.14
1541.51
1541.88
1542.25
1542.61
1542.98
1543.35
1543.71
1544.08
--- next_y
1161.59
1161.56
1161.52
1161.49
1161.46
1161.42
1161.39
1161.36
1161.32
1161.29
1161.26
1161.22
1161.19
1161.16
1161.12
1161.09
1161.06
1161.03
1160.99
1160.96
1160.93
1160.89
1160.86
1160.83
1160.8
1160.76
1160.73
1160.7
1160.67
1160.63
1160.6
1160.57
1160.54
1160.5
1160.47
1160.44
1160.4
1160.37
1160.34
1160.31
1160.28
1160.24
1160.21
1160.18
1160.15
1160.12
1160.09
1160.07
1160.05
1160.03
