iteracion: 3925
--- next_x
198.752
198.87
198.987
199.105
199.221
199.338
199.455
199.572
199.688
199.804
199.92
200.036
200.152
200.267
200.383
200.497
200.612
200.727
200.842
200.956
201.07
201.184
201.298
201.411
201.525
201.638
201.752
201.865
201.977
202.09
202.203
202.315
202.428
202.54
202.652
202.764
202.876
202.988
203.098
203.209
203.32
203.431
203.542
203.652
203.762
203.872
203.983
204.093
204.203
204.314
--- next_y
1916.03
1915.77
1915.51
1915.25
1914.99
1914.73
1914.47
1914.21
1913.95
1913.7
1913.44
1913.18
1912.93
1912.67
1912.42
1912.16
1911.91
1911.66
1911.41
1911.16
1910.91
1910.65
1910.4
1910.16
1909.91
1909.66
1909.41
1909.17
1908.92
1908.67
1908.43
1908.18
1907.94
1907.7
1907.45
1907.21
1906.97
1906.73
1906.49
1906.25
1906.01
1905.77
1905.53
1905.29
1905.06
1904.82
1904.58
1904.34
1904.11
1903.87
iteracion: 3925
--- next_x
198.752
198.87
198.987
199.105
199.221
199.338
199.455
199.572
199.688
199.804
199.92
200.036
200.152
200.267
200.383
200.497
200.612
200.727
200.842
200.956
201.07
201.184
201.298
201.411
201.525
201.638
201.752
201.865
201.977
202.09
202.203
202.315
202.428
202.54
202.652
202.764
202.876
202.988
203.098
203.209
203.32
203.431
203.542
203.652
203.762
203.872
203.981
204.089
204.196
204.302
--- next_y
1916.03
1915.77
1915.51
1915.25
1914.99
1914.73
1914.47
1914.21
1913.95
1913.7
1913.44
1913.18
1912.93
1912.67
1912.42
1912.16
1911.91
1911.66
1911.41
1911.16
1910.91
1910.65
1910.4
1910.16
1909.91
1909.66
1909.41
1909.17
1908.92
1908.67
1908.43
1908.18
1907.94
1907.7
1907.45
1907.21
1906.97
1906.73
1906.49
1906.25
1906.01
1905.77
1905.53
1905.29
1905.06
1904.82
1904.58
1904.35
1904.11
1903.87
iteracion: 3925
--- next_x
198.752
198.87
198.987
199.105
199.221
199.338
199.455
199.572
199.688
199.804
199.92
200.036
200.152
200.267
200.383
200.497
200.612
200.727
200.842
200.956
201.07
201.184
201.298
201.411
201.525
201.638
201.752
201.865
201.977
202.09
202.203
202.315
202.428
202.54
202.652
202.764
202.876
202.988
203.098
203.209
203.32
203.431
203.542
203.652
203.762
203.872
203.982
204.094
204.206
204.319
--- next_y
1916.03
1915.77
1915.51
1915.25
1914.99
1914.73
1914.47
1914.21
1913.95
1913.7
1913.44
1913.18
1912.93
1912.67
1912.42
1912.16
1911.91
1911.66
1911.41
1911.16
1910.91
1910.65
1910.4
1910.16
1909.91
1909.66
1909.41
1909.17
1908.92
1908.67
1908.43
1908.18
1907.94
1907.7
1907.45
1907.21
1906.97
1906.73
1906.49
1906.25
1906.01
1905.77
1905.53
1905.29
1905.06
1904.82
1904.58
1904.35
1904.12
1903.88
