iteracion: 473
--- next_x
1542.98
1543.34
1543.71
1544.07
1544.43
1544.79
1545.15
1545.51
1545.86
1546.22
1546.57
1546.93
1547.28
1547.62
1547.97
1548.32
1548.66
1549.01
1549.35
1549.69
1550.03
1550.37
1550.71
1551.05
1551.39
1551.72
1552.06
1552.39
1552.73
1553.06
1553.39
1553.72
1554.05
1554.38
1554.7
1555.03
1555.35
1555.67
1555.99
1556.32
1556.63
1556.95
1557.27
1557.58
1557.9
1558.21
1558.53
1558.85
1559.16
1559.48
--- next_y
1160.09
1160.05
1160.02
1159.99
1159.96
1159.93
1159.9
1159.87
1159.84
1159.81
1159.78
1159.74
1159.71
1159.69
1159.66
1159.63
1159.6
1159.57
1159.54
1159.51
1159.48
1159.45
1159.42
1159.39
1159.37
1159.34
1159.31
1159.28
1159.25
1159.22
1159.2
1159.17
1159.14
1159.12
1159.09
1159.06
1159.03
1159.01
1158.98
1158.95
1158.92
1158.9
1158.87
1158.85
1158.82
1158.79
1158.77
1158.74
1158.72
1158.69
iteracion: 473
--- next_x
1542.98
1543.34
1543.71
1544.07
1544.43
1544.79
1545.15
1545.51
1545.86
1546.22
1546.57
1546.93
1547.28
1547.62
1547.97
1548.32
1548.66
1549.01
1549.35
1549.69
1550.03
1550.37
1550.71
1551.05
1551.39
1551.72
1552.06
1552.39
1552.73
1553.06
1553.39
1553.72
1554.05
1554.38
1554.7
1555.03
1555.35
1555.67
1555.99
1556.32
1556.63
1556.95
1557.27
1557.58
1557.9
1558.21
1558.52
1558.83
1559.15
1559.46
--- next_y
1160.09
1160.05
1160.02
1159.99
1159.96
1159.93
1159.9
1159.87
1159.84
1159.81
1159.78
1159.74
1159.71
1159.69
1159.66
1159.63
1159.6
1159.57
1159.54
1159.51
1159.48
1159.45
1159.42
1159.39
1159.37
1159.34
1159.31
1159.28
1159.25
1159.22
1159.2
1159.17
1159.14
1159.12
1159.09
1159.06
1159.03
1159.01
1158.98
1158.95
1158.92
1158.9
1158.87
1158.85
1158.82
1158.79
1158.76
1158.73
1158.69
1158.66
iteracion: 473
--- next_x
1542.98
1543.34
1543.71
1544.07
1544.43
1544.79
1545.15
1545.51
1545.86
1546.22
1546.57
1546.93
1547.28
1547.62
1547.97
1548.32
1548.66
1549.01
1549.35
1549.69
1550.03
1550.37
1550.71
1551.05
1551.39
1551.72
1552.06
1552.39
1552.73
1553.06
1553.39
1553.72
1554.05
1554.38
1554.7
1555.03
1555.35
1555.67
1555.99
1556.32
1556.63
1556.95
1557.27
1557.58
1557.89
1558.21
1558.52
1558.83
1559.15
1559.46
--- next_y
1160.09
1160.05
1160.02
1159.99
1159.96
1159.93
1159.9
1159.87
1159.84
1159.81
1159.78
1159.74
1159.71
1159.69
1159.66
1159.63
1159.6
1159.57
1159.54
1159.51
1159.48
1159.45
1159.42
1159.39
1159.37
1159.34
1159.31
1159.28
1159.25
1159.22
1159.2
1159.17
1159.14
1159.12
1159.09
1159.06
1159.03
1159.01
1158.98
1158.95
1158.92
1158.9
1158.87
1158.85
1158.82
1158.8
1158.78
1158.76
1158.74
1158.73
