iteracion: 771
--- next_x
1898.14
1898.32
1898.5
1898.68
1898.85
1899.03
1899.21
1899.39
1899.56
1899.74
1899.91
1900.09
1900.26
1900.44
1900.61
1900.78
1900.95
1901.12
1901.29
1901.46
1901.63
1901.8
1901.97
1902.13
1902.3
1902.47
1902.63
1902.8
1902.96
1903.12
1903.29
1903.45
1903.61
1903.77
1903.93
1904.09
1904.25
1904.41
1904.57
1904.73
1904.88
1905.04
1905.2
1905.35
1905.51
1905.66
1905.82
1905.97
1906.13
1906.28
--- next_y
1150.98
1151.02
1151.06
1151.1
1151.14
1151.18
1151.22
1151.27
1151.31
1151.35
1151.39
1151.43
1151.47
1151.51
1151.55
1151.59
1151.63
1151.67
1151.71
1151.75
1151.79
1151.83
1151.87
1151.91
1151.95
1151.99
1152.03
1152.07
1152.11
1152.15
1152.18
1152.22
1152.26
1152.3
1152.34
1152.38
1152.42
1152.46
1152.5
1152.54
1152.57
1152.61
1152.65
1152.69
1152.72
1152.76
1152.8
1152.84
1152.87
1152.91
iteracion: 771
--- next_x
1898.14
1898.32
1898.5
1898.68
1898.85
1899.03
1899.21
1899.39
1899.56
1899.74
1899.91
1900.09
1900.26
1900.44
1900.61
1900.78
1900.95
1901.12
1901.29
1901.46
1901.63
1901.8
1901.97
1902.13
1902.3
1902.47
1902.63
1902.8
1902.96
1903.12
1903.29
1903.45
1903.61
1903.77
1903.93
1904.09
1904.25
1904.41
1904.57
1904.73
1904.88
1905.04
1905.2
1905.35
1905.51
1905.66
1905.82
1905.97
1906.13
1906.28
--- next_y
1150.98
1151.02
1151.06
1151.1
1151.14
1151.18
1151.22
1151.27
1151.31
1151.35
1151.39
1151.43
1151.47
1151.51
1151.55
1151.59
1151.63
1151.67
1151.71
1151.75
1151.79
1151.83
1151.87
1151.91
1151.95
1151.99
1152.03
1152.07
1152.11
1152.15
1152.18
1152.22
1152.26
1152.3
1152.34
1152.38
1152.42
1152.46
1152.5
1152.54
1152.57
1152.61
1152.65
1152.69
1152.72
1152.76
1152.8
1152.84
1152.87
1152.91
iteracion: 771
--- next_x
1898.14
1898.32
1898.5
1898.68
1898.85
1899.03
1899.21
1899.39
1899.56
1899.74
1899.91
1900.09
1900.26
1900.44
1900.61
1900.78
1900.95
1901.12
1901.29
1901.46
1901.63
1901.8
1901.97
1902.13
1902.3
1902.47
1902.63
1902.8
1902.96
1903.12
1903.29
1903.45
1903.61
1903.77
1903.93
1904.09
1904.25
1904.41
1904.57
1904.73
1904.88
1905.04
1905.2
1905.35
1905.51
1905.66
1905.82
1905.97
1906.12
1906.28
--- next_y
1150.98
1151.02
1151.06
1151.1
1151.14
1151.18
1151.22
1151.27
1151.31
1151.35
1151.39
1151.43
1151.47
1151.51
1151.55
1151.59
1151.63
1151.67
1151.71
1151.75
1151.79
1151.83
1151.87
1151.91
1151.95
1151.99
1152.03
1152.07
1152.11
1152.15
1152.18
1152.22
1152.26
1152.3
1152.34
1152.38
1152.42
1152.46
1152.5
1152.54
1152.57
1152.61
1152.65
1152.69
1152.72
1152.76
1152.8
1152.84
1152.87
1152.91
