iteracion: 683
--- next_x
1802.66
1803.05
1803.43
1803.81
1804.19
1804.57
1804.95
1805.33
1805.71
1806.09
1806.47
1806.85
1807.22
1807.6
1807.97
1808.35
1808.72
1809.1
1809.47
1809.84
1810.22
1810.59
1810.96
1811.33
1811.7
1812.07
1812.44
1812.81
1813.17
1813.54
1813.91
1814.27
1814.64
1815.01
1815.37
1815.74
1816.1
1816.46
1816.83
1817.19
1817.55
1817.91
1818.27
1818.63
1818.99
1819.35
1819.71
1820.07
1820.43
1820.79
--- next_y
1140.17
1140.16
1140.16
1140.15
1140.14
1140.13
1140.13
1140.12
1140.12
1140.11
1140.11
1140.1
1140.1
1140.1
1140.1
1140.1
1140.1
1140.1
1140.1
1140.1
1140.1
1140.1
1140.11
1140.11
1140.12
1140.12
1140.12
1140.13
1140.14
1140.15
1140.15
1140.16
1140.17
1140.18
1140.19
1140.2
1140.21
1140.23
1140.24
1140.25
1140.26
1140.28
1140.29
1140.31
1140.32
1140.34
1140.35
1140.37
1140.38
1140.4
iteracion: 683
--- next_x
1802.66
1803.05
1803.43
1803.81
1804.19
1804.57
1804.95
1805.33
1805.71
1806.09
1806.47
1806.85
1807.22
1807.6
1807.97
1808.35
1808.72
1809.1
1809.47
1809.84
1810.22
1810.59
1810.96
1811.33
1811.7
1812.07
1812.44
1812.81
1813.17
1813.54
1813.91
1814.27
1814.64
1815.01
1815.37
1815.74
1816.1
1816.46
1816.83
1817.19
1817.55
1817.91
1818.27
1818.63
1818.99
1819.35
1819.71
1820.06
1820.42
1820.78
--- next_y
1140.17
1140.16
1140.16
1140.15
1140.14
1140.13
1140.13
1140.12
1140.12
1140.11
1140.11
1140.1
1140.1
1140.1
1140.1
1140.1
1140.1
1140.1
1140.1
1140.1
1140.1
1140.1
1140.11
1140.11
1140.12
1140.12
1140.12
1140.13
1140.14
1140.15
1140.15
1140.16
1140.17
1140.18
1140.19
1140.2
1140.21
1140.23
1140.24
1140.25
1140.26
1140.28
1140.29
1140.31
1140.32
1140.34
1140.35
1140.36
1140.37
1140.38
iteracion: 683
--- next_x
1802.66
1803.05
1803.43
1803.81
1804.19
1804.57
1804.95
1805.33
1805.71
1806.09
1806.47
1806.85
1807.22
1807.6
1807.97
1808.35
1808.72
1809.1
1809.47
1809.84
1810.22
1810.59
1810.96
1811.33
1811.7
1812.07
1812.44
1812.81
1813.17
1813.54
1813.91
1814.27
1814.64
1815.01
1815.37
1815.74
1816.1
1816.46
1816.83
1817.19
1817.55
1817.91
1818.27
1818.63
1818.99
1819.35
1819.7
1820.06
1820.41
1820.76
--- next_y
1140.17
1140.16
1140.16
1140.15
1140.14
1140.13
1140.13
1140.12
1140.12
1140.11
1140.11
1140.1
1140.1
1140.1
1140.1
1140.1
1140.1
1140.1
1140.1
1140.1
1140.1
1140.1
1140.11
1140.11
1140.12
1140.12
1140.12
1140.13
1140.14
1140.15
1140.15
1140.16
1140.17
1140.18
1140.19
1140.2
1140.21
1140.23
1140.24
1140.25
1140.26
1140.28
1140.29
1140.31
1140.32
1140.34
1140.35
1140.37
1140.4
1140.42
