iteracion: 3915
--- next_x
194.148
194.272
194.396
194.519
194.643
194.765
194.888
195.011
195.134
195.257
195.38
195.503
195.626
195.748
195.87
195.992
196.113
196.235
196.357
196.479
196.6
196.721
196.842
196.963
197.084
197.204
197.325
197.445
197.564
197.684
197.804
197.923
198.042
198.161
198.28
198.398
198.517
198.635
198.752
198.87
198.987
199.105
199.221
199.338
199.455
199.572
199.689
199.806
199.923
200.04
--- next_y
1926.43
1926.14
1925.86
1925.58
1925.29
1925.01
1924.73
1924.45
1924.16
1923.88
1923.61
1923.33
1923.05
1922.77
1922.49
1922.22
1921.94
1921.67
1921.39
1921.12
1920.85
1920.57
1920.3
1920.03
1919.76
1919.49
1919.22
1918.95
1918.68
1918.42
1918.15
1917.88
1917.62
1917.35
1917.09
1916.82
1916.56
1916.29
1916.03
1915.77
1915.51
1915.25
1914.99
1914.73
1914.47
1914.21
1913.95
1913.69
1913.43
1913.17
iteracion: 3915
--- next_x
194.148
194.272
194.396
194.519
194.643
194.765
194.888
195.011
195.134
195.257
195.38
195.503
195.626
195.748
195.87
195.992
196.113
196.235
196.357
196.479
196.6
196.721
196.842
196.963
197.084
197.204
197.325
197.445
197.564
197.684
197.804
197.923
198.042
198.161
198.28
198.398
198.517
198.635
198.752
198.87
198.987
199.105
199.221
199.338
199.455
199.572
199.687
199.801
199.914
200.026
--- next_y
1926.43
1926.14
1925.86
1925.58
1925.29
1925.01
1924.73
1924.45
1924.16
1923.88
1923.61
1923.33
1923.05
1922.77
1922.49
1922.22
1921.94
1921.67
1921.39
1921.12
1920.85
1920.57
1920.3
1920.03
1919.76
1919.49
1919.22
1918.95
1918.68
1918.42
1918.15
1917.88
1917.62
1917.35
1917.09
1916.82
1916.56
1916.29
1916.03
1915.77
1915.51
1915.25
1914.99
1914.73
1914.47
1914.21
1913.95
1913.69
1913.44
1913.18
iteracion: 3915
--- next_x
194.148
194.272
194.396
194.519
194.643
194.765
194.888
195.011
195.134
195.257
195.38
195.503
195.626
195.748
195.87
195.992
196.113
196.235
196.357
196.479
196.6
196.721
196.842
196.963
197.084
197.204
197.325
197.445
197.564
197.684
197.804
197.923
198.042
198.161
198.28
198.398
198.517
198.635
198.752
198.87
198.987
199.105
199.221
199.338
199.455
199.572
199.688
199.807
199.926
200.046
--- next_y
1926.43
1926.14
1925.86
1925.58
1925.29
1925.01
1924.73
1924.45
1924.16
1923.88
1923.61
1923.33
1923.05
1922.77
1922.49
1922.22
1921.94
1921.67
1921.39
1921.12
1920.85
1920.57
1920.3
1920.03
1919.76
1919.49
1919.22
1918.95
1918.68
1918.42
1918.15
1917.88
1917.62
1917.35
1917.09
1916.82
1916.56
1916.29
1916.03
1915.77
1915.51
1915.25
1914.99
1914.73
1914.47
1914.21
1913.95
1913.7
1913.44
1913.19
