iteracion: 961
--- next_x
2132.37
2132.45
2132.53
2132.61
2132.68
2132.76
2132.84
2132.92
2133
2133.08
2133.15
2133.23
2133.31
2133.38
2133.46
2133.54
2133.61
2133.69
2133.76
2133.84
2133.91
2133.99
2134.06
2134.14
2134.21
2134.28
2134.36
2134.43
2134.5
2134.58
2134.65
2134.72
2134.79
2134.86
2134.94
2135.01
2135.08
2135.15
2135.22
2135.29
2135.36
2135.43
2135.5
2135.57
2135.64
2135.7
2135.77
2135.84
2135.91
2135.98
--- next_y
1581.57
1582
1582.43
1582.86
1583.3
1583.73
1584.15
1584.58
1585.01
1585.43
1585.86
1586.28
1586.7
1587.12
1587.54
1587.96
1588.37
1588.79
1589.2
1589.61
1590.02
1590.44
1590.84
1591.25
1591.66
1592.07
1592.47
1592.88
1593.28
1593.68
1594.09
1594.48
1594.88
1595.28
1595.67
1596.07
1596.46
1596.85
1597.24
1597.63
1598.02
1598.4
1598.79
1599.17
1599.56
1599.94
1600.32
1600.71
1601.09
1601.47
iteracion: 961
--- next_x
2132.37
2132.45
2132.53
2132.61
2132.68
2132.76
2132.84
2132.92
2133
2133.08
2133.15
2133.23
2133.31
2133.38
2133.46
2133.54
2133.61
2133.69
2133.76
2133.84
2133.91
2133.99
2134.06
2134.14
2134.21
2134.28
2134.36
2134.43
2134.5
2134.58
2134.65
2134.72
2134.79
2134.86
2134.94
2135.01
2135.08
2135.15
2135.22
2135.29
2135.36
2135.43
2135.5
2135.57
2135.64
2135.7
2135.78
2135.85
2135.93
2136.01
--- next_y
1581.57
1582
1582.43
1582.86
1583.3
1583.73
1584.15
1584.58
1585.01
1585.43
1585.86
1586.28
1586.7
1587.12
1587.54
1587.96
1588.37
1588.79
1589.2
1589.61
1590.02
1590.44
1590.84
1591.25
1591.66
1592.07
1592.47
1592.88
1593.28
1593.68
1594.09
1594.48
1594.88
1595.28
1595.67
1596.07
1596.46
1596.85
1597.24
1597.63
1598.02
1598.4
1598.79
1599.17
1599.56
1599.94
1600.32
1600.7
1601.07
1601.45
iteracion: 961
--- next_x
2132.37
2132.45
2132.53
2132.61
2132.68
2132.76
2132.84
2132.92
2133
2133.08
2133.15
2133.23
2133.31
2133.38
2133.46
2133.54
2133.61
2133.69
2133.76
2133.84
2133.91
2133.99
2134.06
2134.14
2134.21
2134.28
2134.36
2134.43
2134.5
2134.58
2134.65
2134.72
2134.79
2134.86
2134.94
2135.01
2135.08
2135.15
2135.22
2135.29
2135.36
2135.43
2135.5
2135.57
2135.64
2135.7
2135.77
2135.83
2135.89
2135.95
--- next_y
1581.57
1582
1582.43
1582.86
1583.3
1583.73
1584.15
1584.58
1585.01
1585.43
1585.86
1586.28
1586.7
1587.12
1587.54
1587.96
1588.37
1588.79
1589.2
1589.61
1590.02
1590.44
1590.84
1591.25
1591.66
1592.07
1592.47
1592.88
1593.28
1593.68
1594.09
1594.48
1594.88
1595.28
1595.67
1596.07
1596.46
1596.85
1597.24
1597.63
1598.02
1598.4
1598.79
1599.17
1599.56
1599.94
1600.32
1600.7
1601.08
1601.46
