iteracion: 511
--- next_x
1579.32
1579.7
1580.09
1580.46
1580.85
1581.22
1581.6
1581.98
1582.36
1582.73
1583.11
1583.49
1583.86
1584.24
1584.61
1584.98
1585.36
1585.73
1586.1
1586.47
1586.85
1587.21
1587.58
1587.95
1588.32
1588.69
1589.05
1589.42
1589.78
1590.15
1590.51
1590.88
1591.24
1591.6
1591.96
1592.32
1592.68
1593.04
1593.4
1593.76
1594.12
1594.47
1594.83
1595.19
1595.54
1595.9
1596.25
1596.61
1596.96
1597.32
--- next_y
1157.24
1157.21
1157.19
1157.16
1157.14
1157.11
1157.09
1157.06
1157.04
1157.01
1156.98
1156.96
1156.93
1156.9
1156.88
1156.85
1156.83
1156.8
1156.78
1156.75
1156.72
1156.7
1156.67
1156.64
1156.62
1156.59
1156.57
1156.54
1156.52
1156.49
1156.46
1156.44
1156.41
1156.38
1156.36
1156.33
1156.31
1156.28
1156.26
1156.23
1156.2
1156.18
1156.15
1156.12
1156.1
1156.07
1156.04
1156.01
1155.99
1155.96
iteracion: 511
--- next_x
1579.32
1579.7
1580.09
1580.46
1580.85
1581.22
1581.6
1581.98
1582.36
1582.73
1583.11
1583.49
1583.86
1584.24
1584.61
1584.98
1585.36
1585.73
1586.1
1586.47
1586.85
1587.21
1587.58
1587.95
1588.32
1588.69
1589.05
1589.42
1589.78
1590.15
1590.51
1590.88
1591.24
1591.6
1591.96
1592.32
1592.68
1593.04
1593.4
1593.76
1594.12
1594.47
1594.83
1595.19
1595.54
1595.9
1596.25
1596.6
1596.95
1597.3
--- next_y
1157.24
1157.21
1157.19
1157.16
1157.14
1157.11
1157.09
1157.06
1157.04
1157.01
1156.98
1156.96
1156.93
1156.9
1156.88
1156.85
1156.83
1156.8
1156.78
1156.75
1156.72
1156.7
1156.67
1156.64
1156.62
1156.59
1156.57
1156.54
1156.52
1156.49
1156.46
1156.44
1156.41
1156.38
1156.36
1156.33
1156.31
1156.28
1156.26
1156.23
1156.2
1156.18
1156.15
1156.12
1156.1
1156.07
1156.04
1156.01
1155.98
1155.95
iteracion: 511
--- next_x
1579.32
1579.7
1580.09
1580.46
1580.85
1581.22
1581.6
1581.98
1582.36
1582.73
1583.11
1583.49
1583.86
1584.24
1584.61
1584.98
1585.36
1585.73
1586.1
1586.47
1586.85
1587.21
1587.58
1587.95
1588.32
1588.69
1589.05
1589.42
1589.78
1590.15
1590.51
1590.88
1591.24
1591.6
1591.96
1592.32
1592.68
1593.04
1593.4
1593.76
1594.12
1594.47
1594.83
1595.19
1595.54
1595.9
1596.25
1596.61
1596.96
1597.31
--- next_y
1157.24
1157.21
1157.19
1157.16
1157.14
1157.11
1157.09
1157.06
1157.04
1157.01
1156.98
1156.96
1156.93
1156.9
1156.88
1156.85
1156.83
1156.8
1156.78
1156.75
1156.72
1156.7
1156.67
1156.64
1156.62
1156.59
1156.57
1156.54
1156.52
1156.49
1156.46
1156.44
1156.41
1156.38
1156.36
1156.33
1156.31
1156.28
1156.26
1156.23
1156.2
1156.18
1156.15
1156.12
1156.1
1156.07
1156.04
1156.02
1156
1155.98
