iteracion: 853
--- next_x
1988.24
1988.6
1988.96
1989.33
1989.69
1990.05
1990.42
1990.78
1991.14
1991.5
1991.86
1992.21
1992.57
1992.93
1993.29
1993.64
1993.99
1994.35
1994.7
1995.05
1995.4
1995.75
1996.1
1996.45
1996.8
1997.15
1997.49
1997.83
1998.18
1998.52
1998.86
1999.19
1999.53
1999.87
2000.2
2000.54
2000.87
2001.2
2001.53
2001.85
2002.18
2002.51
2002.83
2003.15
2003.47
2003.79
2004.11
2004.43
2004.75
2005.06
--- next_y
1186.79
1187.04
1187.3
1187.55
1187.8
1188.06
1188.31
1188.57
1188.83
1189.08
1189.34
1189.6
1189.86
1190.12
1190.39
1190.65
1190.92
1191.18
1191.45
1191.72
1191.99
1192.26
1192.53
1192.8
1193.07
1193.35
1193.62
1193.9
1194.18
1194.46
1194.74
1195.02
1195.3
1195.58
1195.86
1196.14
1196.42
1196.71
1196.99
1197.27
1197.56
1197.85
1198.13
1198.42
1198.71
1199
1199.29
1199.58
1199.87
1200.17
iteracion: 853
--- next_x
1988.24
1988.6
1988.96
1989.33
1989.69
1990.05
1990.42
1990.78
1991.14
1991.5
1991.86
1992.21
1992.57
1992.93
1993.29
1993.64
1993.99
1994.35
1994.7
1995.05
1995.4
1995.75
1996.1
1996.45
1996.8
1997.15
1997.49
1997.83
1998.18
1998.52
1998.86
1999.19
1999.53
1999.87
2000.2
2000.54
2000.87
2001.2
2001.53
2001.85
2002.18
2002.51
2002.83
2003.15
2003.47
2003.79
2004.11
2004.43
2004.76
2005.08
--- next_y
1186.79
1187.04
1187.3
1187.55
1187.8
1188.06
1188.31
1188.57
1188.83
1189.08
1189.34
1189.6
1189.86
1190.12
1190.39
1190.65
1190.92
1191.18
1191.45
1191.72
1191.99
1192.26
1192.53
1192.8
1193.07
1193.35
1193.62
1193.9
1194.18
1194.46
1194.74
1195.02
1195.3
1195.58
1195.86
1196.14
1196.42
1196.71
1196.99
1197.27
1197.56
1197.85
1198.13
1198.42
1198.71
1199
1199.29
1199.58
1199.87
1200.15
iteracion: 853
--- next_x
1988.24
1988.6
1988.96
1989.33
1989.69
1990.05
1990.42
1990.78
1991.14
1991.5
1991.86
1992.21
1992.57
1992.93
1993.29
1993.64
1993.99
1994.35
1994.7
1995.05
1995.4
1995.75
1996.1
1996.45
1996.8
1997.15
1997.49
1997.83
1998.18
1998.52
1998.86
1999.19
1999.53
1999.87
2000.2
2000.54
2000.87
2001.2
2001.53
2001.85
2002.18
2002.51
2002.83
2003.15
2003.47
2003.79
2004.11
2004.42
2004.72
2005.02
--- next_y
1186.79
1187.04
1187.3
1187.55
1187.8
1188.06
1188.31
1188.57
1188.83
1189.08
1189.34
1189.6
1189.86
1190.12
1190.39
1190.65
1190.92
1191.18
1191.45
1191.72
1191.99
1192.26
1192.53
1192.8
1193.07
1193.35
1193.62
1193.9
1194.18
1194.46
1194.74
1195.02
1195.3
1195.58
1195.86
1196.14
1196.42
1196.71
1196.99
1197.27
1197.56
1197.85
1198.13
1198.42
1198.71
1199
1199.29
1199.58
1199.87
1200.16
