iteracion: 1228
--- next_x
2142.62
2142.7
2142.78
2142.86
2142.94
2143.02
2143.11
2143.19
2143.27
2143.36
2143.44
2143.52
2143.61
2143.69
2143.78
2143.87
2143.95
2144.04
2144.13
2144.22
2144.3
2144.39
2144.48
2144.57
2144.66
2144.74
2144.84
2144.93
2145.01
2145.11
2145.2
2145.29
2145.38
2145.48
2145.57
2145.66
2145.76
2145.85
2145.95
2146.04
2146.13
2146.23
2146.32
2146.41
2146.51
2146.6
2146.7
2146.79
2146.89
2146.98
--- next_y
1636.64
1637.01
1637.38
1637.74
1638.11
1638.48
1638.85
1639.22
1639.6
1639.97
1640.35
1640.72
1641.11
1641.49
1641.87
1642.25
1642.63
1643.01
1643.4
1643.78
1644.17
1644.56
1644.95
1645.34
1645.73
1646.12
1646.52
1646.91
1647.3
1647.7
1648.1
1648.5
1648.9
1649.31
1649.71
1650.12
1650.52
1650.92
1651.32
1651.72
1652.12
1652.52
1652.92
1653.32
1653.72
1654.12
1654.52
1654.91
1655.31
1655.71
iteracion: 1228
--- next_x
2142.62
2142.7
2142.78
2142.86
2142.94
2143.02
2143.11
2143.19
2143.27
2143.36
2143.44
2143.52
2143.61
2143.69
2143.78
2143.87
2143.95
2144.04
2144.13
2144.22
2144.3
2144.39
2144.48
2144.57
2144.66
2144.74
2144.84
2144.93
2145.01
2145.11
2145.2
2145.29
2145.38
2145.48
2145.57
2145.66
2145.76
2145.85
2145.95
2146.04
2146.13
2146.23
2146.32
2146.41
2146.51
2146.61
2146.71
2146.81
2146.92
2147.03
--- next_y
1636.64
1637.01
1637.38
1637.74
1638.11
1638.48
1638.85
1639.22
1639.6
1639.97
1640.35
1640.72
1641.11
1641.49
1641.87
1642.25
1642.63
1643.01
1643.4
1643.78
1644.17
1644.56
1644.95
1645.34
1645.73
1646.12
1646.52
1646.91
1647.3
1647.7
1648.1
1648.5
1648.9
1649.31
1649.71
1650.12
1650.52
1650.92
1651.32
1651.72
1652.12
1652.52
1652.92
1653.32
1653.72
1654.11
1654.5
1654.9
1655.29
1655.68
iteracion: 1228
--- next_x
2142.62
2142.7
2142.78
2142.86
2142.94
2143.02
2143.11
2143.19
2143.27
2143.36
2143.44
2143.52
2143.61
2143.69
2143.78
2143.87
2143.95
2144.04
2144.13
2144.22
2144.3
2144.39
2144.48
2144.57
2144.66
2144.74
2144.84
2144.93
2145.01
2145.11
2145.2
2145.29
2145.38
2145.48
2145.57
2145.66
2145.76
2145.85
2145.95
2146.04
2146.13
2146.23
2146.32
2146.41
2146.51
2146.6
2146.69
2146.77
2146.85
2146.93
--- next_y
1636.64
1637.01
1637.38
1637.74
1638.11
1638.48
1638.85
1639.22
1639.6
1639.97
1640.35
1640.72
1641.11
1641.49
1641.87
1642.25
1642.63
1643.01
1643.4
1643.78
1644.17
1644.56
1644.95
1645.34
1645.73
1646.12
1646.52
1646.91
1647.3
1647.7
1648.1
1648.5
1648.9
1649.31
1649.71
1650.12
1650.52
1650.92
1651.32
1651.72
1652.12
1652.52
1652.92
1653.32
1653.72
1654.11
1654.51
1654.91
1655.3
1655.7
