iteracion: 1537
--- next_x
2210.12
2210.2
2210.28
2210.36
2210.43
2210.51
2210.59
2210.67
2210.75
2210.83
2210.91
2210.99
2211.07
2211.15
2211.23
2211.31
2211.39
2211.47
2211.55
2211.63
2211.71
2211.79
2211.87
2211.95
2212.03
2212.11
2212.19
2212.27
2212.36
2212.44
2212.52
2212.6
2212.68
2212.77
2212.85
2212.93
2213.02
2213.1
2213.18
2213.26
2213.35
2213.43
2213.52
2213.6
2213.68
2213.77
2213.85
2213.94
2214.02
2214.11
--- next_y
2021.73
2022.16
2022.6
2023.03
2023.46
2023.89
2024.32
2024.75
2025.18
2025.6
2026.03
2026.46
2026.89
2027.31
2027.74
2028.16
2028.59
2029.01
2029.43
2029.86
2030.28
2030.7
2031.12
2031.54
2031.96
2032.38
2032.8
2033.22
2033.64
2034.05
2034.47
2034.88
2035.3
2035.71
2036.13
2036.54
2036.95
2037.36
2037.77
2038.18
2038.59
2039.01
2039.41
2039.82
2040.23
2040.64
2041.04
2041.45
2041.86
2042.27
iteracion: 1537
--- next_x
2210.12
2210.2
2210.28
2210.36
2210.43
2210.51
2210.59
2210.67
2210.75
2210.83
2210.91
2210.99
2211.07
2211.15
2211.23
2211.31
2211.39
2211.47
2211.55
2211.63
2211.71
2211.79
2211.87
2211.95
2212.03
2212.11
2212.19
2212.27
2212.36
2212.44
2212.52
2212.6
2212.68
2212.77
2212.85
2212.93
2213.02
2213.1
2213.18
2213.26
2213.35
2213.43
2213.52
2213.6
2213.68
2213.77
2213.86
2213.95
2214.05
2214.15
--- next_y
2021.73
2022.16
2022.6
2023.03
2023.46
2023.89
2024.32
2024.75
2025.18
2025.6
2026.03
2026.46
2026.89
2027.31
2027.74
2028.16
2028.59
2029.01
2029.43
2029.86
2030.28
2030.7
2031.12
2031.54
2031.96
2032.38
2032.8
2033.22
2033.64
2034.05
2034.47
2034.88
2035.3
2035.71
2036.13
2036.54
2036.95
2037.36
2037.77
2038.18
2038.59
2039.01
2039.41
2039.82
2040.23
2040.63
2041.03
2041.43
2041.83
2042.22
iteracion: 1537
--- next_x
2210.12
2210.2
2210.28
2210.36
2210.43
2210.51
2210.59
2210.67
2210.75
2210.83
2210.91
2210.99
2211.07
2211.15
2211.23
2211.31
2211.39
2211.47
2211.55
2211.63
2211.71
2211.79
2211.87
2211.95
2212.03
2212.11
2212.19
2212.27
2212.36
2212.44
2212.52
2212.6
2212.68
2212.77
2212.85
2212.93
2213.02
2213.1
2213.18
2213.26
2213.35
2213.43
2213.52
2213.6
2213.68
2213.76
2213.84
2213.91
2213.98
2214.05
--- next_y
2021.73
2022.16
2022.6
2023.03
2023.46
2023.89
2024.32
2024.75
2025.18
2025.6
2026.03
2026.46
2026.89
2027.31
2027.74
2028.16
2028.59
2029.01
2029.43
2029.86
2030.28
2030.7
2031.12
2031.54
2031.96
2032.38
2032.8
2033.22
2033.64
2034.05
2034.47
2034.88
2035.3
2035.71
2036.13
2036.54
2036.95
2037.36
2037.77
2038.18
2038.59
2039.01
2039.41
2039.82
2040.23
2040.63
2041.04
2041.45
2041.85
2042.26
