iteracion: 743
--- next_x
1874.62
1874.87
1875.11
1875.36
1875.6
1875.84
1876.09
1876.33
1876.57
1876.81
1877.05
1877.29
1877.52
1877.76
1878
1878.23
1878.47
1878.7
1878.94
1879.17
1879.4
1879.63
1879.86
1880.1
1880.33
1880.56
1880.78
1881.01
1881.24
1881.47
1881.69
1881.92
1882.14
1882.37
1882.6
1882.82
1883.04
1883.27
1883.49
1883.71
1883.93
1884.15
1884.37
1884.59
1884.81
1885.03
1885.24
1885.46
1885.68
1885.9
--- next_y
1146.23
1146.27
1146.32
1146.36
1146.4
1146.44
1146.48
1146.53
1146.57
1146.61
1146.65
1146.69
1146.73
1146.78
1146.82
1146.86
1146.9
1146.94
1146.99
1147.03
1147.07
1147.12
1147.16
1147.2
1147.25
1147.29
1147.33
1147.37
1147.42
1147.46
1147.5
1147.55
1147.59
1147.63
1147.67
1147.72
1147.76
1147.8
1147.85
1147.89
1147.93
1147.98
1148.02
1148.07
1148.11
1148.15
1148.2
1148.24
1148.29
1148.33
iteracion: 743
--- next_x
1874.62
1874.87
1875.11
1875.36
1875.6
1875.84
1876.09
1876.33
1876.57
1876.81
1877.05
1877.29
1877.52
1877.76
1878
1878.23
1878.47
1878.7
1878.94
1879.17
1879.4
1879.63
1879.86
1880.1
1880.33
1880.56
1880.78
1881.01
1881.24
1881.47
1881.69
1881.92
1882.14
1882.37
1882.6
1882.82
1883.04
1883.27
1883.49
1883.71
1883.93
1884.15
1884.37
1884.59
1884.81
1885.03
1885.24
1885.46
1885.68
1885.9
--- next_y
1146.23
1146.27
1146.32
1146.36
1146.4
1146.44
1146.48
1146.53
1146.57
1146.61
1146.65
1146.69
1146.73
1146.78
1146.82
1146.86
1146.9
1146.94
1146.99
1147.03
1147.07
1147.12
1147.16
1147.2
1147.25
1147.29
1147.33
1147.37
1147.42
1147.46
1147.5
1147.55
1147.59
1147.63
1147.67
1147.72
1147.76
1147.8
1147.85
1147.89
1147.93
1147.98
1148.02
1148.07
1148.11
1148.15
1148.2
1148.24
1148.28
1148.32
iteracion: 743
--- next_x
1874.62
1874.87
1875.11
1875.36
1875.6
1875.84
1876.09
1876.33
1876.57
1876.81
1877.05
1877.29
1877.52
1877.76
1878
1878.23
1878.47
1878.7
1878.94
1879.17
1879.4
1879.63
1879.86
1880.1
1880.33
1880.56
1880.78
1881.01
1881.24
1881.47
1881.69
1881.92
1882.14
1882.37
1882.6
1882.82
1883.04
1883.27
1883.49
1883.71
1883.93
1884.15
1884.37
1884.59
1884.81
1885.03
1885.24
1885.46
1885.68
1885.89
--- next_y
1146.23
1146.27
1146.32
1146.36
1146.4
1146.44
1146.48
1146.53
1146.57
1146.61
1146.65
1146.69
1146.73
1146.78
1146.82
1146.86
1146.9
1146.94
1146.99
1147.03
1147.07
1147.12
1147.16
1147.2
1147.25
1147.29
1147.33
1147.37
1147.42
1147.46
1147.5
1147.55
1147.59
1147.63
1147.67
1147.72
1147.76
1147.8
1147.85
1147.89
1147.93
1147.98
1148.02
1148.07
1148.11
1148.15
1148.2
1148.24
1148.29
1148.34
