iteracion: 800
--- next_x
1964.42
1964.71
1965
1965.29
1965.57
1965.86
1966.14
1966.43
1966.71
1966.99
1967.27
1967.55
1967.82
1968.1
1968.37
1968.64
1968.91
1969.18
1969.44
1969.71
1969.97
1970.23
1970.49
1970.75
1971.01
1971.27
1971.52
1971.78
1972.03
1972.28
1972.53
1972.78
1973.03
1973.27
1973.52
1973.76
1974.01
1974.25
1974.49
1974.73
1974.97
1975.21
1975.45
1975.68
1975.92
1976.15
1976.38
1976.62
1976.85
1977.08
--- next_y
1172.65
1172.8
1172.94
1173.08
1173.23
1173.37
1173.52
1173.66
1173.8
1173.95
1174.09
1174.23
1174.38
1174.52
1174.66
1174.81
1174.95
1175.1
1175.24
1175.38
1175.52
1175.67
1175.81
1175.95
1176.09
1176.23
1176.38
1176.52
1176.66
1176.8
1176.94
1177.08
1177.22
1177.36
1177.5
1177.64
1177.78
1177.92
1178.06
1178.2
1178.34
1178.48
1178.62
1178.76
1178.9
1179.03
1179.17
1179.31
1179.45
1179.59
iteracion: 800
--- next_x
1964.42
1964.71
1965
1965.29
1965.57
1965.86
1966.14
1966.43
1966.71
1966.99
1967.27
1967.55
1967.82
1968.1
1968.37
1968.64
1968.91
1969.18
1969.44
1969.71
1969.97
1970.23
1970.49
1970.75
1971.01
1971.27
1971.52
1971.78
1972.03
1972.28
1972.53
1972.78
1973.03
1973.27
1973.52
1973.76
1974.01
1974.25
1974.49
1974.73
1974.97
1975.21
1975.45
1975.68
1975.92
1976.15
1976.38
1976.62
1976.85
1977.09
--- next_y
1172.65
1172.8
1172.94
1173.08
1173.23
1173.37
1173.52
1173.66
1173.8
1173.95
1174.09
1174.23
1174.38
1174.52
1174.66
1174.81
1174.95
1175.1
1175.24
1175.38
1175.52
1175.67
1175.81
1175.95
1176.09
1176.23
1176.38
1176.52
1176.66
1176.8
1176.94
1177.08
1177.22
1177.36
1177.5
1177.64
1177.78
1177.92
1178.06
1178.2
1178.34
1178.48
1178.62
1178.76
1178.9
1179.03
1179.17
1179.31
1179.45
1179.59
iteracion: 800
--- next_x
1964.42
1964.71
1965
1965.29
1965.57
1965.86
1966.14
1966.43
1966.71
1966.99
1967.27
1967.55
1967.82
1968.1
1968.37
1968.64
1968.91
1969.18
1969.44
1969.71
1969.97
1970.23
1970.49
1970.75
1971.01
1971.27
1971.52
1971.78
1972.03
1972.28
1972.53
1972.78
1973.03
1973.27
1973.52
1973.76
1974.01
1974.25
1974.49
1974.73
1974.97
1975.21
1975.45
1975.68
1975.92
1976.15
1976.38
1976.61
1976.84
1977.07
--- next_y
1172.65
1172.8
1172.94
1173.08
1173.23
1173.37
1173.52
1173.66
1173.8
1173.95
1174.09
1174.23
1174.38
1174.52
1174.66
1174.81
1174.95
1175.1
1175.24
1175.38
1175.52
1175.67
1175.81
1175.95
1176.09
1176.23
1176.38
1176.52
1176.66
1176.8
1176.94
1177.08
1177.22
1177.36
1177.5
1177.64
1177.78
1177.92
1178.06
1178.2
1178.34
1178.48
1178.62
1178.76
1178.9
1179.03
1179.17
1179.31
1179.45
1179.59
