iteracion: 979
--- next_x
2137.54
2137.61
2137.67
2137.73
2137.79
2137.85
2137.91
2137.97
2138.04
2138.1
2138.16
2138.22
2138.28
2138.34
2138.4
2138.46
2138.52
2138.58
2138.64
2138.7
2138.76
2138.82
2138.88
2138.94
2139
2139.06
2139.12
2139.18
2139.24
2139.3
2139.36
2139.42
2139.48
2139.54
2139.6
2139.66
2139.72
2139.78
2139.84
2139.9
2139.96
2140.02
2140.07
2140.14
2140.19
2140.25
2140.31
2140.37
2140.43
2140.49
--- next_y
1610.15
1610.49
1610.84
1611.18
1611.53
1611.87
1612.21
1612.55
1612.89
1613.23
1613.57
1613.91
1614.24
1614.58
1614.91
1615.24
1615.57
1615.9
1616.23
1616.55
1616.88
1617.2
1617.52
1617.85
1618.17
1618.48
1618.8
1619.11
1619.43
1619.74
1620.05
1620.36
1620.67
1620.99
1621.29
1621.6
1621.9
1622.21
1622.51
1622.81
1623.12
1623.42
1623.71
1624.01
1624.31
1624.6
1624.9
1625.19
1625.49
1625.79
iteracion: 979
--- next_x
2137.54
2137.61
2137.67
2137.73
2137.79
2137.85
2137.91
2137.97
2138.04
2138.1
2138.16
2138.22
2138.28
2138.34
2138.4
2138.46
2138.52
2138.58
2138.64
2138.7
2138.76
2138.82
2138.88
2138.94
2139
2139.06
2139.12
2139.18
2139.24
2139.3
2139.36
2139.42
2139.48
2139.54
2139.6
2139.66
2139.72
2139.78
2139.84
2139.9
2139.96
2140.02
2140.07
2140.14
2140.19
2140.25
2140.31
2140.37
2140.44
2140.5
--- next_y
1610.15
1610.49
1610.84
1611.18
1611.53
1611.87
1612.21
1612.55
1612.89
1613.23
1613.57
1613.91
1614.24
1614.58
1614.91
1615.24
1615.57
1615.9
1616.23
1616.55
1616.88
1617.2
1617.52
1617.85
1618.17
1618.48
1618.8
1619.11
1619.43
1619.74
1620.05
1620.36
1620.67
1620.99
1621.29
1621.6
1621.9
1622.21
1622.51
1622.81
1623.12
1623.42
1623.71
1624.01
1624.31
1624.6
1624.89
1625.19
1625.48
1625.77
iteracion: 979
--- next_x
2137.54
2137.61
2137.67
2137.73
2137.79
2137.85
2137.91
2137.97
2138.04
2138.1
2138.16
2138.22
2138.28
2138.34
2138.4
2138.46
2138.52
2138.58
2138.64
2138.7
2138.76
2138.82
2138.88
2138.94
2139
2139.06
2139.12
2139.18
2139.24
2139.3
2139.36
2139.42
2139.48
2139.54
2139.6
2139.66
2139.72
2139.78
2139.84
2139.9
2139.96
2140.02
2140.07
2140.14
2140.19
2140.25
2140.31
2140.37
2140.42
2140.47
--- next_y
1610.15
1610.49
1610.84
1611.18
1611.53
1611.87
1612.21
1612.55
1612.89
1613.23
1613.57
1613.91
1614.24
1614.58
1614.91
1615.24
1615.57
1615.9
1616.23
1616.55
1616.88
1617.2
1617.52
1617.85
1618.17
1618.48
1618.8
1619.11
1619.43
1619.74
1620.05
1620.36
1620.67
1620.99
1621.29
1621.6
1621.9
1622.21
1622.51
1622.81
1623.12
1623.42
1623.71
1624.01
1624.31
1624.6
1624.9
1625.19
1625.49
1625.78
