iteracion: 864
--- next_x
2002.51
2002.83
2003.15
2003.47
2003.79
2004.11
2004.43
2004.74
2005.06
2005.37
2005.68
2005.99
2006.3
2006.61
2006.92
2007.23
2007.53
2007.84
2008.14
2008.44
2008.74
2009.04
2009.34
2009.64
2009.94
2010.23
2010.53
2010.82
2011.12
2011.41
2011.7
2011.99
2012.28
2012.57
2012.85
2013.14
2013.42
2013.71
2013.99
2014.27
2014.55
2014.83
2015.11
2015.38
2015.66
2015.93
2016.2
2016.47
2016.74
2017.01
--- next_y
1197.85
1198.13
1198.42
1198.71
1199
1199.29
1199.58
1199.87
1200.16
1200.45
1200.74
1201.04
1201.33
1201.62
1201.92
1202.21
1202.51
1202.8
1203.09
1203.39
1203.68
1203.98
1204.27
1204.57
1204.86
1205.15
1205.45
1205.74
1206.04
1206.33
1206.63
1206.92
1207.22
1207.52
1207.81
1208.11
1208.41
1208.7
1209
1209.3
1209.6
1209.9
1210.19
1210.49
1210.79
1211.09
1211.39
1211.7
1212
1212.31
iteracion: 864
--- next_x
2002.51
2002.83
2003.15
2003.47
2003.79
2004.11
2004.43
2004.74
2005.06
2005.37
2005.68
2005.99
2006.3
2006.61
2006.92
2007.23
2007.53
2007.84
2008.14
2008.44
2008.74
2009.04
2009.34
2009.64
2009.94
2010.23
2010.53
2010.82
2011.12
2011.41
2011.7
2011.99
2012.28
2012.57
2012.85
2013.14
2013.42
2013.71
2013.99
2014.27
2014.55
2014.83
2015.11
2015.38
2015.66
2015.93
2016.21
2016.48
2016.76
2017.04
--- next_y
1197.85
1198.13
1198.42
1198.71
1199
1199.29
1199.58
1199.87
1200.16
1200.45
1200.74
1201.04
1201.33
1201.62
1201.92
1202.21
1202.51
1202.8
1203.09
1203.39
1203.68
1203.98
1204.27
1204.57
1204.86
1205.15
1205.45
1205.74
1206.04
1206.33
1206.63
1206.92
1207.22
1207.52
1207.81
1208.11
1208.41
1208.7
1209
1209.3
1209.6
1209.9
1210.19
1210.49
1210.79
1211.09
1211.39
1211.69
1211.99
1212.29
iteracion: 864
--- next_x
2002.51
2002.83
2003.15
2003.47
2003.79
2004.11
2004.43
2004.74
2005.06
2005.37
2005.68
2005.99
2006.3
2006.61
2006.92
2007.23
2007.53
2007.84
2008.14
2008.44
2008.74
2009.04
2009.34
2009.64
2009.94
2010.23
2010.53
2010.82
2011.12
2011.41
2011.7
2011.99
2012.28
2012.57
2012.85
2013.14
2013.42
2013.71
2013.99
2014.27
2014.55
2014.83
2015.11
2015.38
2015.66
2015.93
2016.19
2016.45
2016.71
2016.96
--- next_y
1197.85
1198.13
1198.42
1198.71
1199
1199.29
1199.58
1199.87
1200.16
1200.45
1200.74
1201.04
1201.33
1201.62
1201.92
1202.21
1202.51
1202.8
1203.09
1203.39
1203.68
1203.98
1204.27
1204.57
1204.86
1205.15
1205.45
1205.74
1206.04
1206.33
1206.63
1206.92
1207.22
1207.52
1207.81
1208.11
1208.41
1208.7
1209
1209.3
1209.6
1209.9
1210.19
1210.49
1210.79
1211.09
1211.39
1211.69
1211.99
1212.3
