iteracion: 726
--- next_x
1857.54
1857.83
1858.11
1858.4
1858.69
1858.97
1859.26
1859.54
1859.82
1860.11
1860.39
1860.67
1860.95
1861.23
1861.51
1861.79
1862.07
1862.35
1862.62
1862.9
1863.17
1863.45
1863.72
1864
1864.27
1864.54
1864.82
1865.09
1865.36
1865.62
1865.89
1866.16
1866.43
1866.7
1866.96
1867.23
1867.49
1867.76
1868.02
1868.28
1868.54
1868.8
1869.06
1869.32
1869.58
1869.84
1870.1
1870.36
1870.62
1870.87
--- next_y
1143.66
1143.69
1143.73
1143.77
1143.8
1143.84
1143.88
1143.91
1143.95
1143.99
1144.03
1144.07
1144.11
1144.14
1144.18
1144.22
1144.26
1144.3
1144.33
1144.37
1144.41
1144.45
1144.49
1144.53
1144.57
1144.61
1144.65
1144.69
1144.73
1144.77
1144.82
1144.86
1144.9
1144.94
1144.98
1145.02
1145.06
1145.1
1145.14
1145.18
1145.22
1145.27
1145.31
1145.35
1145.39
1145.43
1145.47
1145.52
1145.56
1145.6
iteracion: 726
--- next_x
1857.54
1857.83
1858.11
1858.4
1858.69
1858.97
1859.26
1859.54
1859.82
1860.11
1860.39
1860.67
1860.95
1861.23
1861.51
1861.79
1862.07
1862.35
1862.62
1862.9
1863.17
1863.45
1863.72
1864
1864.27
1864.54
1864.82
1865.09
1865.36
1865.62
1865.89
1866.16
1866.43
1866.7
1866.96
1867.23
1867.49
1867.76
1868.02
1868.28
1868.54
1868.8
1869.06
1869.32
1869.58
1869.84
1870.1
1870.36
1870.61
1870.87
--- next_y
1143.66
1143.69
1143.73
1143.77
1143.8
1143.84
1143.88
1143.91
1143.95
1143.99
1144.03
1144.07
1144.11
1144.14
1144.18
1144.22
1144.26
1144.3
1144.33
1144.37
1144.41
1144.45
1144.49
1144.53
1144.57
1144.61
1144.65
1144.69
1144.73
1144.77
1144.82
1144.86
1144.9
1144.94
1144.98
1145.02
1145.06
1145.1
1145.14
1145.18
1145.22
1145.27
1145.31
1145.35
1145.39
1145.43
1145.47
1145.52
1145.56
1145.6
iteracion: 726
--- next_x
1857.54
1857.83
1858.11
1858.4
1858.69
1858.97
1859.26
1859.54
1859.82
1860.11
1860.39
1860.67
1860.95
1861.23
1861.51
1861.79
1862.07
1862.35
1862.62
1862.9
1863.17
1863.45
1863.72
1864
1864.27
1864.54
1864.82
1865.09
1865.36
1865.62
1865.89
1866.16
1866.43
1866.7
1866.96
1867.23
1867.49
1867.76
1868.02
1868.28
1868.54
1868.8
1869.06
1869.32
1869.58
1869.84
1870.1
1870.35
1870.61
1870.86
--- next_y
1143.66
1143.69
1143.73
1143.77
1143.8
1143.84
1143.88
1143.91
1143.95
1143.99
1144.03
1144.07
1144.11
1144.14
1144.18
1144.22
1144.26
1144.3
1144.33
1144.37
1144.41
1144.45
1144.49
1144.53
1144.57
1144.61
1144.65
1144.69
1144.73
1144.77
1144.82
1144.86
1144.9
1144.94
1144.98
1145.02
1145.06
1145.1
1145.14
1145.18
1145.22
1145.27
1145.31
1145.35
1145.39
1145.43
1145.47
1145.52
1145.56
1145.61
