iteracion: 678
--- next_x
1794.9
1795.3
1795.69
1796.08
1796.47
1796.86
1797.25
1797.64
1798.03
1798.42
1798.81
1799.2
1799.59
1799.97
1800.36
1800.75
1801.13
1801.52
1801.9
1802.28
1802.66
1803.05
1803.43
1803.81
1804.19
1804.57
1804.95
1805.33
1805.71
1806.09
1806.47
1806.85
1807.22
1807.6
1807.97
1808.35
1808.72
1809.1
1809.47
1809.84
1810.22
1810.59
1810.96
1811.33
1811.7
1812.07
1812.44
1812.81
1813.18
1813.55
--- next_y
1140.47
1140.45
1140.44
1140.42
1140.4
1140.38
1140.36
1140.35
1140.33
1140.32
1140.3
1140.28
1140.27
1140.26
1140.24
1140.23
1140.22
1140.21
1140.2
1140.18
1140.17
1140.16
1140.16
1140.15
1140.14
1140.13
1140.13
1140.12
1140.12
1140.11
1140.11
1140.1
1140.1
1140.1
1140.1
1140.1
1140.1
1140.1
1140.1
1140.1
1140.1
1140.1
1140.11
1140.11
1140.12
1140.12
1140.13
1140.13
1140.14
1140.15
iteracion: 678
--- next_x
1794.9
1795.3
1795.69
1796.08
1796.47
1796.86
1797.25
1797.64
1798.03
1798.42
1798.81
1799.2
1799.59
1799.97
1800.36
1800.75
1801.13
1801.52
1801.9
1802.28
1802.66
1803.05
1803.43
1803.81
1804.19
1804.57
1804.95
1805.33
1805.71
1806.09
1806.47
1806.85
1807.22
1807.6
1807.97
1808.35
1808.72
1809.1
1809.47
1809.84
1810.22
1810.59
1810.96
1811.33
1811.7
1812.07
1812.44
1812.81
1813.18
1813.55
--- next_y
1140.47
1140.45
1140.44
1140.42
1140.4
1140.38
1140.36
1140.35
1140.33
1140.32
1140.3
1140.28
1140.27
1140.26
1140.24
1140.23
1140.22
1140.21
1140.2
1140.18
1140.17
1140.16
1140.16
1140.15
1140.14
1140.13
1140.13
1140.12
1140.12
1140.11
1140.11
1140.1
1140.1
1140.1
1140.1
1140.1
1140.1
1140.1
1140.1
1140.1
1140.1
1140.1
1140.11
1140.11
1140.12
1140.12
1140.12
1140.12
1140.12
1140.12
iteracion: 678
--- next_x
1794.9
1795.3
1795.69
1796.08
1796.47
1796.86
1797.25
1797.64
1798.03
1798.42
1798.81
1799.2
1799.59
1799.97
1800.36
1800.75
1801.13
1801.52
1801.9
1802.28
1802.66
1803.05
1803.43
1803.81
1804.19
1804.57
1804.95
1805.33
1805.71
1806.09
1806.47
1806.85
1807.22
1807.6
1807.97
1808.35
1808.72
1809.1
1809.47
1809.84
1810.22
1810.59
1810.96
1811.33
1811.7
1812.07
1812.43
1812.8
1813.16
1813.53
--- next_y
1140.47
1140.45
1140.44
1140.42
1140.4
1140.38
1140.36
1140.35
1140.33
1140.32
1140.3
1140.28
1140.27
1140.26
1140.24
1140.23
1140.22
1140.21
1140.2
1140.18
1140.17
1140.16
1140.16
1140.15
1140.14
1140.13
1140.13
1140.12
1140.12
1140.11
1140.11
1140.1
1140.1
1140.1
1140.1
1140.1
1140.1
1140.1
1140.1
1140.1
1140.1
1140.1
1140.11
1140.11
1140.12
1140.12
1140.13
1140.14
1140.15
1140.17
