iteracion: 1414
--- next_x
2184.4
2184.43
2184.46
2184.49
2184.53
2184.56
2184.59
2184.63
2184.66
2184.69
2184.73
2184.76
2184.79
2184.82
2184.86
2184.89
2184.92
2184.96
2184.99
2185.02
2185.06
2185.09
2185.13
2185.16
2185.19
2185.23
2185.26
2185.3
2185.33
2185.36
2185.4
2185.43
2185.47
2185.5
2185.53
2185.57
2185.6
2185.64
2185.67
2185.71
2185.74
2185.78
2185.81
2185.85
2185.88
2185.92
2185.95
2185.99
2186.03
2186.06
--- next_y
1868.22
1868.59
1868.96
1869.33
1869.69
1870.06
1870.43
1870.79
1871.16
1871.52
1871.88
1872.25
1872.61
1872.97
1873.33
1873.69
1874.05
1874.41
1874.77
1875.12
1875.48
1875.84
1876.19
1876.55
1876.9
1877.26
1877.61
1877.96
1878.32
1878.67
1879.02
1879.37
1879.71
1880.06
1880.41
1880.76
1881.11
1881.45
1881.8
1882.14
1882.49
1882.83
1883.17
1883.52
1883.86
1884.2
1884.54
1884.88
1885.23
1885.57
iteracion: 1414
--- next_x
2184.4
2184.43
2184.46
2184.49
2184.53
2184.56
2184.59
2184.63
2184.66
2184.69
2184.73
2184.76
2184.79
2184.82
2184.86
2184.89
2184.92
2184.96
2184.99
2185.02
2185.06
2185.09
2185.13
2185.16
2185.19
2185.23
2185.26
2185.3
2185.33
2185.36
2185.4
2185.43
2185.47
2185.5
2185.53
2185.57
2185.6
2185.64
2185.67
2185.71
2185.74
2185.78
2185.81
2185.85
2185.88
2185.92
2185.96
2186
2186.04
2186.08
--- next_y
1868.22
1868.59
1868.96
1869.33
1869.69
1870.06
1870.43
1870.79
1871.16
1871.52
1871.88
1872.25
1872.61
1872.97
1873.33
1873.69
1874.05
1874.41
1874.77
1875.12
1875.48
1875.84
1876.19
1876.55
1876.9
1877.26
1877.61
1877.96
1878.32
1878.67
1879.02
1879.37
1879.71
1880.06
1880.41
1880.76
1881.11
1881.45
1881.8
1882.14
1882.49
1882.83
1883.17
1883.52
1883.86
1884.2
1884.54
1884.87
1885.21
1885.55
iteracion: 1414
--- next_x
2184.4
2184.43
2184.46
2184.49
2184.53
2184.56
2184.59
2184.63
2184.66
2184.69
2184.73
2184.76
2184.79
2184.82
2184.86
2184.89
2184.92
2184.96
2184.99
2185.02
2185.06
2185.09
2185.13
2185.16
2185.19
2185.23
2185.26
2185.3
2185.33
2185.36
2185.4
2185.43
2185.47
2185.5
2185.53
2185.57
2185.6
2185.64
2185.67
2185.71
2185.74
2185.78
2185.81
2185.85
2185.88
2185.92
2185.95
2185.98
2186.01
2186.04
--- next_y
1868.22
1868.59
1868.96
1869.33
1869.69
1870.06
1870.43
1870.79
1871.16
1871.52
1871.88
1872.25
1872.61
1872.97
1873.33
1873.69
1874.05
1874.41
1874.77
1875.12
1875.48
1875.84
1876.19
1876.55
1876.9
1877.26
1877.61
1877.96
1878.32
1878.67
1879.02
1879.37
1879.71
1880.06
1880.41
1880.76
1881.11
1881.45
1881.8
1882.14
1882.49
1882.83
1883.17
1883.52
1883.86
1884.2
1884.54
1884.88
1885.22
1885.56
