iteracion: 1110
--- next_x
2117.42
2117.45
2117.49
2117.53
2117.56
2117.59
2117.63
2117.66
2117.7
2117.73
2117.77
2117.8
2117.84
2117.87
2117.91
2117.94
2117.98
2118.01
2118.05
2118.08
2118.12
2118.15
2118.19
2118.22
2118.26
2118.29
2118.32
2118.36
2118.39
2118.43
2118.46
2118.5
2118.53
2118.57
2118.6
2118.64
2118.67
2118.71
2118.74
2118.78
2118.81
2118.84
2118.88
2118.91
2118.95
2118.98
2119.01
2119.05
2119.08
2119.12
--- next_y
1498.54
1498.77
1499
1499.23
1499.46
1499.69
1499.92
1500.15
1500.38
1500.6
1500.83
1501.06
1501.28
1501.51
1501.73
1501.96
1502.18
1502.4
1502.62
1502.85
1503.07
1503.29
1503.51
1503.73
1503.95
1504.17
1504.39
1504.6
1504.82
1505.04
1505.26
1505.47
1505.69
1505.9
1506.12
1506.33
1506.55
1506.76
1506.97
1507.19
1507.4
1507.61
1507.82
1508.03
1508.24
1508.45
1508.67
1508.88
1509.09
1509.3
iteracion: 1110
--- next_x
2117.42
2117.45
2117.49
2117.53
2117.56
2117.59
2117.63
2117.66
2117.7
2117.73
2117.77
2117.8
2117.84
2117.87
2117.91
2117.94
2117.98
2118.01
2118.05
2118.08
2118.12
2118.15
2118.19
2118.22
2118.26
2118.29
2118.32
2118.36
2118.39
2118.43
2118.46
2118.5
2118.53
2118.57
2118.6
2118.64
2118.67
2118.71
2118.74
2118.78
2118.81
2118.84
2118.88
2118.91
2118.95
2118.98
2119.01
2119.05
2119.08
2119.12
--- next_y
1498.54
1498.77
1499
1499.23
1499.46
1499.69
1499.92
1500.15
1500.38
1500.6
1500.83
1501.06
1501.28
1501.51
1501.73
1501.96
1502.18
1502.4
1502.62
1502.85
1503.07
1503.29
1503.51
1503.73
1503.95
1504.17
1504.39
1504.6
1504.82
1505.04
1505.26
1505.47
1505.69
1505.9
1506.12
1506.33
1506.55
1506.76
1506.97
1507.19
1507.4
1507.61
1507.82
1508.03
1508.24
1508.45
1508.66
1508.87
1509.08
1509.29
iteracion: 1110
--- next_x
2117.42
2117.45
2117.49
2117.53
2117.56
2117.59
2117.63
2117.66
2117.7
2117.73
2117.77
2117.8
2117.84
2117.87
2117.91
2117.94
2117.98
2118.01
2118.05
2118.08
2118.12
2118.15
2118.19
2118.22
2118.26
2118.29
2118.32
2118.36
2118.39
2118.43
2118.46
2118.5
2118.53
2118.57
2118.6
2118.64
2118.67
2118.71
2118.74
2118.78
2118.81
2118.84
2118.88
2118.91
2118.95
2118.98
2119.01
2119.05
2119.08
2119.11
--- next_y
1498.54
1498.77
1499
1499.23
1499.46
1499.69
1499.92
1500.15
1500.38
1500.6
1500.83
1501.06
1501.28
1501.51
1501.73
1501.96
1502.18
1502.4
1502.62
1502.85
1503.07
1503.29
1503.51
1503.73
1503.95
1504.17
1504.39
1504.6
1504.82
1505.04
1505.26
1505.47
1505.69
1505.9
1506.12
1506.33
1506.55
1506.76
1506.97
1507.19
1507.4
1507.61
1507.82
1508.03
1508.24
1508.45
1508.66
1508.87
1509.08
1509.29
