iteracion: 1373
--- next_x
2176.77
2176.83
2176.88
2176.94
2177
2177.05
2177.11
2177.17
2177.22
2177.28
2177.34
2177.39
2177.45
2177.51
2177.56
2177.62
2177.68
2177.73
2177.79
2177.85
2177.91
2177.96
2178.02
2178.08
2178.14
2178.2
2178.26
2178.32
2178.38
2178.44
2178.5
2178.56
2178.62
2178.68
2178.74
2178.8
2178.87
2178.93
2178.99
2179.05
2179.11
2179.18
2179.24
2179.3
2179.37
2179.43
2179.5
2179.56
2179.62
2179.69
--- next_y
1807.45
1807.83
1808.21
1808.59
1808.98
1809.36
1809.74
1810.13
1810.52
1810.91
1811.31
1811.7
1812.1
1812.49
1812.88
1813.28
1813.68
1814.08
1814.48
1814.89
1815.29
1815.69
1816.1
1816.51
1816.92
1817.33
1817.73
1818.15
1818.56
1818.97
1819.39
1819.81
1820.23
1820.65
1821.07
1821.49
1821.92
1822.34
1822.76
1823.19
1823.62
1824.05
1824.48
1824.91
1825.35
1825.78
1826.21
1826.64
1827.08
1827.51
iteracion: 1373
--- next_x
2176.77
2176.83
2176.88
2176.94
2177
2177.05
2177.11
2177.17
2177.22
2177.28
2177.34
2177.39
2177.45
2177.51
2177.56
2177.62
2177.68
2177.73
2177.79
2177.85
2177.91
2177.96
2178.02
2178.08
2178.14
2178.2
2178.26
2178.32
2178.38
2178.44
2178.5
2178.56
2178.62
2178.68
2178.74
2178.8
2178.87
2178.93
2178.99
2179.05
2179.11
2179.18
2179.24
2179.3
2179.37
2179.44
2179.51
2179.58
2179.66
2179.74
--- next_y
1807.45
1807.83
1808.21
1808.59
1808.98
1809.36
1809.74
1810.13
1810.52
1810.91
1811.31
1811.7
1812.1
1812.49
1812.88
1813.28
1813.68
1814.08
1814.48
1814.89
1815.29
1815.69
1816.1
1816.51
1816.92
1817.33
1817.73
1818.15
1818.56
1818.97
1819.39
1819.81
1820.23
1820.65
1821.07
1821.49
1821.92
1822.34
1822.76
1823.19
1823.62
1824.05
1824.48
1824.91
1825.35
1825.77
1826.2
1826.63
1827.06
1827.48
iteracion: 1373
--- next_x
2176.77
2176.83
2176.88
2176.94
2177
2177.05
2177.11
2177.17
2177.22
2177.28
2177.34
2177.39
2177.45
2177.51
2177.56
2177.62
2177.68
2177.73
2177.79
2177.85
2177.91
2177.96
2178.02
2178.08
2178.14
2178.2
2178.26
2178.32
2178.38
2178.44
2178.5
2178.56
2178.62
2178.68
2178.74
2178.8
2178.87
2178.93
2178.99
2179.05
2179.11
2179.18
2179.24
2179.3
2179.37
2179.43
2179.48
2179.54
2179.58
2179.63
--- next_y
1807.45
1807.83
1808.21
1808.59
1808.98
1809.36
1809.74
1810.13
1810.52
1810.91
1811.31
1811.7
1812.1
1812.49
1812.88
1813.28
1813.68
1814.08
1814.48
1814.89
1815.29
1815.69
1816.1
1816.51
1816.92
1817.33
1817.73
1818.15
1818.56
1818.97
1819.39
1819.81
1820.23
1820.65
1821.07
1821.49
1821.92
1822.34
1822.76
1823.19
1823.62
1824.05
1824.48
1824.91
1825.35
1825.77
1826.2
1826.63
1827.06
1827.49
