iteracion: 1455
--- next_x
2190.53
2190.57
2190.61
2190.65
2190.7
2190.74
2190.78
2190.82
2190.86
2190.91
2190.95
2190.99
2191.04
2191.08
2191.12
2191.16
2191.21
2191.25
2191.29
2191.34
2191.38
2191.42
2191.47
2191.51
2191.55
2191.59
2191.64
2191.68
2191.72
2191.77
2191.81
2191.86
2191.9
2191.94
2191.99
2192.03
2192.08
2192.12
2192.16
2192.21
2192.25
2192.3
2192.34
2192.38
2192.43
2192.47
2192.52
2192.56
2192.6
2192.65
--- next_y
1919.39
1919.66
1919.93
1920.21
1920.48
1920.75
1921.02
1921.29
1921.55
1921.82
1922.09
1922.36
1922.62
1922.89
1923.15
1923.41
1923.68
1923.94
1924.2
1924.46
1924.73
1924.99
1925.25
1925.5
1925.76
1926.02
1926.28
1926.53
1926.79
1927.04
1927.3
1927.55
1927.8
1928.06
1928.31
1928.56
1928.81
1929.06
1929.31
1929.56
1929.81
1930.06
1930.31
1930.55
1930.8
1931.05
1931.29
1931.54
1931.79
1932.03
iteracion: 1455
--- next_x
2190.53
2190.57
2190.61
2190.65
2190.7
2190.74
2190.78
2190.82
2190.86
2190.91
2190.95
2190.99
2191.04
2191.08
2191.12
2191.16
2191.21
2191.25
2191.29
2191.34
2191.38
2191.42
2191.47
2191.51
2191.55
2191.59
2191.64
2191.68
2191.72
2191.77
2191.81
2191.86
2191.9
2191.94
2191.99
2192.03
2192.08
2192.12
2192.16
2192.21
2192.25
2192.3
2192.34
2192.38
2192.43
2192.47
2192.52
2192.56
2192.61
2192.66
--- next_y
1919.39
1919.66
1919.93
1920.21
1920.48
1920.75
1921.02
1921.29
1921.55
1921.82
1922.09
1922.36
1922.62
1922.89
1923.15
1923.41
1923.68
1923.94
1924.2
1924.46
1924.73
1924.99
1925.25
1925.5
1925.76
1926.02
1926.28
1926.53
1926.79
1927.04
1927.3
1927.55
1927.8
1928.06
1928.31
1928.56
1928.81
1929.06
1929.31
1929.56
1929.81
1930.06
1930.31
1930.55
1930.8
1931.05
1931.29
1931.53
1931.78
1932.02
iteracion: 1455
--- next_x
2190.53
2190.57
2190.61
2190.65
2190.7
2190.74
2190.78
2190.82
2190.86
2190.91
2190.95
2190.99
2191.04
2191.08
2191.12
2191.16
2191.21
2191.25
2191.29
2191.34
2191.38
2191.42
2191.47
2191.51
2191.55
2191.59
2191.64
2191.68
2191.72
2191.77
2191.81
2191.86
2191.9
2191.94
2191.99
2192.03
2192.08
2192.12
2192.16
2192.21
2192.25
2192.3
2192.34
2192.38
2192.43
2192.47
2192.52
2192.56
2192.6
2192.64
--- next_y
1919.39
1919.66
1919.93
1920.21
1920.48
1920.75
1921.02
1921.29
1921.55
1921.82
1922.09
1922.36
1922.62
1922.89
1923.15
1923.41
1923.68
1923.94
1924.2
1924.46
1924.73
1924.99
1925.25
1925.5
1925.76
1926.02
1926.28
1926.53
1926.79
1927.04
1927.3
1927.55
1927.8
1928.06
1928.31
1928.56
1928.81
1929.06
1929.31
1929.56
1929.81
1930.06
1930.31
1930.55
1930.8
1931.05
1931.29
1931.54
1931.78
1932.03
