iteracion: 759
--- next_x
1889.06
1889.26
1889.47
1889.67
1889.88
1890.08
1890.29
1890.49
1890.69
1890.9
1891.1
1891.3
1891.5
1891.7
1891.9
1892.1
1892.3
1892.5
1892.69
1892.89
1893.09
1893.28
1893.47
1893.67
1893.86
1894.05
1894.24
1894.44
1894.63
1894.82
1895.01
1895.19
1895.38
1895.57
1895.76
1895.94
1896.13
1896.32
1896.5
1896.69
1896.87
1897.05
1897.23
1897.42
1897.6
1897.78
1897.96
1898.15
1898.33
1898.51
--- next_y
1148.99
1149.04
1149.08
1149.12
1149.16
1149.21
1149.25
1149.29
1149.34
1149.38
1149.42
1149.46
1149.51
1149.55
1149.59
1149.63
1149.68
1149.72
1149.76
1149.8
1149.85
1149.89
1149.93
1149.97
1150.02
1150.06
1150.1
1150.14
1150.19
1150.23
1150.27
1150.32
1150.36
1150.4
1150.44
1150.48
1150.53
1150.57
1150.61
1150.65
1150.69
1150.73
1150.78
1150.82
1150.86
1150.9
1150.94
1150.98
1151.02
1151.06
iteracion: 759
--- next_x
1889.06
1889.26
1889.47
1889.67
1889.88
1890.08
1890.29
1890.49
1890.69
1890.9
1891.1
1891.3
1891.5
1891.7
1891.9
1892.1
1892.3
1892.5
1892.69
1892.89
1893.09
1893.28
1893.47
1893.67
1893.86
1894.05
1894.24
1894.44
1894.63
1894.82
1895.01
1895.19
1895.38
1895.57
1895.76
1895.94
1896.13
1896.32
1896.5
1896.69
1896.87
1897.05
1897.23
1897.42
1897.6
1897.78
1897.96
1898.14
1898.33
1898.51
--- next_y
1148.99
1149.04
1149.08
1149.12
1149.16
1149.21
1149.25
1149.29
1149.34
1149.38
1149.42
1149.46
1149.51
1149.55
1149.59
1149.63
1149.68
1149.72
1149.76
1149.8
1149.85
1149.89
1149.93
1149.97
1150.02
1150.06
1150.1
1150.14
1150.19
1150.23
1150.27
1150.32
1150.36
1150.4
1150.44
1150.48
1150.53
1150.57
1150.61
1150.65
1150.69
1150.73
1150.78
1150.82
1150.86
1150.9
1150.94
1150.98
1151.02
1151.06
iteracion: 759
--- next_x
1889.06
1889.26
1889.47
1889.67
1889.88
1890.08
1890.29
1890.49
1890.69
1890.9
1891.1
1891.3
1891.5
1891.7
1891.9
1892.1
1892.3
1892.5
1892.69
1892.89
1893.09
1893.28
1893.47
1893.67
1893.86
1894.05
1894.24
1894.44
1894.63
1894.82
1895.01
1895.19
1895.38
1895.57
1895.76
1895.94
1896.13
1896.32
1896.5
1896.69
1896.87
1897.05
1897.23
1897.42
1897.6
1897.78
1897.96
1898.14
1898.32
1898.5
--- next_y
1148.99
1149.04
1149.08
1149.12
1149.16
1149.21
1149.25
1149.29
1149.34
1149.38
1149.42
1149.46
1149.51
1149.55
1149.59
1149.63
1149.68
1149.72
1149.76
1149.8
1149.85
1149.89
1149.93
1149.97
1150.02
1150.06
1150.1
1150.14
1150.19
1150.23
1150.27
1150.32
1150.36
1150.4
1150.44
1150.48
1150.53
1150.57
1150.61
1150.65
1150.69
1150.73
1150.78
1150.82
1150.86
1150.9
1150.94
1150.98
1151.03
1151.07
