iteracion: 986
--- next_x
2139.3
2139.36
2139.42
2139.48
2139.54
2139.6
2139.66
2139.72
2139.78
2139.84
2139.9
2139.96
2140.02
2140.07
2140.14
2140.19
2140.25
2140.31
2140.37
2140.43
2140.49
2140.55
2140.6
2140.66
2140.72
2140.78
2140.84
2140.9
2140.95
2141.01
2141.07
2141.13
2141.18
2141.24
2141.3
2141.35
2141.41
2141.46
2141.52
2141.57
2141.63
2141.68
2141.74
2141.79
2141.84
2141.9
2141.95
2142.01
2142.06
2142.12
--- next_y
1619.74
1620.05
1620.36
1620.67
1620.99
1621.29
1621.6
1621.9
1622.21
1622.51
1622.81
1623.12
1623.42
1623.71
1624.01
1624.31
1624.6
1624.89
1625.18
1625.48
1625.77
1626.05
1626.34
1626.63
1626.91
1627.19
1627.48
1627.76
1628.04
1628.32
1628.59
1628.87
1629.14
1629.41
1629.69
1629.96
1630.22
1630.49
1630.76
1631.03
1631.29
1631.55
1631.82
1632.08
1632.34
1632.6
1632.86
1633.13
1633.39
1633.65
iteracion: 986
--- next_x
2139.3
2139.36
2139.42
2139.48
2139.54
2139.6
2139.66
2139.72
2139.78
2139.84
2139.9
2139.96
2140.02
2140.07
2140.14
2140.19
2140.25
2140.31
2140.37
2140.43
2140.49
2140.55
2140.6
2140.66
2140.72
2140.78
2140.84
2140.9
2140.95
2141.01
2141.07
2141.13
2141.18
2141.24
2141.3
2141.35
2141.41
2141.46
2141.52
2141.57
2141.63
2141.68
2141.74
2141.79
2141.84
2141.9
2141.95
2142.01
2142.07
2142.13
--- next_y
1619.74
1620.05
1620.36
1620.67
1620.99
1621.29
1621.6
1621.9
1622.21
1622.51
1622.81
1623.12
1623.42
1623.71
1624.01
1624.31
1624.6
1624.89
1625.18
1625.48
1625.77
1626.05
1626.34
1626.63
1626.91
1627.19
1627.48
1627.76
1628.04
1628.32
1628.59
1628.87
1629.14
1629.41
1629.69
1629.96
1630.22
1630.49
1630.76
1631.03
1631.29
1631.55
1631.82
1632.08
1632.34
1632.6
1632.86
1633.12
1633.38
1633.63
iteracion: 986
--- next_x
2139.3
2139.36
2139.42
2139.48
2139.54
2139.6
2139.66
2139.72
2139.78
2139.84
2139.9
2139.96
2140.02
2140.07
2140.14
2140.19
2140.25
2140.31
2140.37
2140.43
2140.49
2140.55
2140.6
2140.66
2140.72
2140.78
2140.84
2140.9
2140.95
2141.01
2141.07
2141.13
2141.18
2141.24
2141.3
2141.35
2141.41
2141.46
2141.52
2141.57
2141.63
2141.68
2141.74
2141.79
2141.84
2141.9
2141.95
2142
2142.05
2142.1
--- next_y
1619.74
1620.05
1620.36
1620.67
1620.99
1621.29
1621.6
1621.9
1622.21
1622.51
1622.81
1623.12
1623.42
1623.71
1624.01
1624.31
1624.6
1624.89
1625.18
1625.48
1625.77
1626.05
1626.34
1626.63
1626.91
1627.19
1627.48
1627.76
1628.04
1628.32
1628.59
1628.87
1629.14
1629.41
1629.69
1629.96
1630.22
1630.49
1630.76
1631.03
1631.29
1631.55
1631.82
1632.08
1632.34
1632.6
1632.86
1633.12
1633.39
1633.65
