iteracion: 570
--- next_x
1651.91
1652.16
1652.4
1652.64
1652.89
1653.13
1653.37
1653.61
1653.86
1654.1
1654.34
1654.57
1654.81
1655.05
1655.29
1655.52
1655.76
1655.99
1656.23
1656.46
1656.7
1656.93
1657.16
1657.39
1657.62
1657.85
1658.08
1658.31
1658.54
1658.77
1659
1659.22
1659.45
1659.67
1659.9
1660.12
1660.35
1660.57
1660.8
1661.02
1661.24
1661.46
1661.68
1661.9
1662.12
1662.35
1662.57
1662.79
1663.01
1663.23
--- next_y
1150.61
1150.59
1150.57
1150.55
1150.53
1150.51
1150.48
1150.46
1150.44
1150.42
1150.4
1150.38
1150.36
1150.34
1150.32
1150.3
1150.28
1150.26
1150.24
1150.22
1150.2
1150.18
1150.16
1150.14
1150.12
1150.1
1150.08
1150.06
1150.04
1150.03
1150.01
1149.99
1149.97
1149.95
1149.93
1149.91
1149.89
1149.88
1149.86
1149.84
1149.82
1149.8
1149.78
1149.76
1149.74
1149.73
1149.71
1149.69
1149.67
1149.65
iteracion: 570
--- next_x
1651.91
1652.16
1652.4
1652.64
1652.89
1653.13
1653.37
1653.61
1653.86
1654.1
1654.34
1654.57
1654.81
1655.05
1655.29
1655.52
1655.76
1655.99
1656.23
1656.46
1656.7
1656.93
1657.16
1657.39
1657.62
1657.85
1658.08
1658.31
1658.54
1658.77
1659
1659.22
1659.45
1659.67
1659.9
1660.12
1660.35
1660.57
1660.8
1661.02
1661.24
1661.46
1661.68
1661.9
1662.12
1662.34
1662.56
1662.78
1663
1663.22
--- next_y
1150.61
1150.59
1150.57
1150.55
1150.53
1150.51
1150.48
1150.46
1150.44
1150.42
1150.4
1150.38
1150.36
1150.34
1150.32
1150.3
1150.28
1150.26
1150.24
1150.22
1150.2
1150.18
1150.16
1150.14
1150.12
1150.1
1150.08
1150.06
1150.04
1150.03
1150.01
1149.99
1149.97
1149.95
1149.93
1149.91
1149.89
1149.88
1149.86
1149.84
1149.82
1149.8
1149.78
1149.76
1149.74
1149.73
1149.71
1149.69
1149.67
1149.65
iteracion: 570
--- next_x
1651.91
1652.16
1652.4
1652.64
1652.89
1653.13
1653.37
1653.61
1653.86
1654.1
1654.34
1654.57
1654.81
1655.05
1655.29
1655.52
1655.76
1655.99
1656.23
1656.46
1656.7
1656.93
1657.16
1657.39
1657.62
1657.85
1658.08
1658.31
1658.54
1658.77
1659
1659.22
1659.45
1659.67
1659.9
1660.12
1660.35
1660.57
1660.8
1661.02
1661.24
1661.46
1661.68
1661.9
1662.12
1662.34
1662.56
1662.78
1663
1663.22
--- next_y
1150.61
1150.59
1150.57
1150.55
1150.53
1150.51
1150.48
1150.46
1150.44
1150.42
1150.4
1150.38
1150.36
1150.34
1150.32
1150.3
1150.28
1150.26
1150.24
1150.22
1150.2
1150.18
1150.16
1150.14
1150.12
1150.1
1150.08
1150.06
1150.04
1150.03
1150.01
1149.99
1149.97
1149.95
1149.93
1149.91
1149.89
1149.88
1149.86
1149.84
1149.82
1149.8
1149.78
1149.76
1149.74
1149.73
1149.71
1149.69
1149.68
1149.66
