iteracion: 1191
--- next_x
2134.56
2134.61
2134.67
2134.72
2134.78
2134.83
2134.88
2134.94
2134.99
2135.04
2135.1
2135.15
2135.2
2135.26
2135.31
2135.36
2135.41
2135.46
2135.51
2135.57
2135.61
2135.67
2135.72
2135.77
2135.82
2135.87
2135.92
2135.97
2136.02
2136.07
2136.12
2136.17
2136.22
2136.27
2136.32
2136.37
2136.42
2136.47
2136.51
2136.56
2136.61
2136.66
2136.7
2136.75
2136.8
2136.85
2136.89
2136.94
2136.99
2137.04
--- next_y
1593.63
1593.93
1594.23
1594.53
1594.83
1595.13
1595.43
1595.72
1596.02
1596.32
1596.61
1596.91
1597.2
1597.49
1597.79
1598.08
1598.37
1598.66
1598.95
1599.24
1599.53
1599.82
1600.11
1600.4
1600.69
1600.97
1601.26
1601.55
1601.84
1602.12
1602.4
1602.69
1602.97
1603.25
1603.53
1603.81
1604.09
1604.37
1604.65
1604.93
1605.21
1605.49
1605.76
1606.04
1606.32
1606.59
1606.87
1607.14
1607.42
1607.69
iteracion: 1191
--- next_x
2134.56
2134.61
2134.67
2134.72
2134.78
2134.83
2134.88
2134.94
2134.99
2135.04
2135.1
2135.15
2135.2
2135.26
2135.31
2135.36
2135.41
2135.46
2135.51
2135.57
2135.61
2135.67
2135.72
2135.77
2135.82
2135.87
2135.92
2135.97
2136.02
2136.07
2136.12
2136.17
2136.22
2136.27
2136.32
2136.37
2136.42
2136.47
2136.51
2136.56
2136.61
2136.66
2136.7
2136.75
2136.8
2136.85
2136.89
2136.94
2136.99
2137.05
--- next_y
1593.63
1593.93
1594.23
1594.53
1594.83
1595.13
1595.43
1595.72
1596.02
1596.32
1596.61
1596.91
1597.2
1597.49
1597.79
1598.08
1598.37
1598.66
1598.95
1599.24
1599.53
1599.82
1600.11
1600.4
1600.69
1600.97
1601.26
1601.55
1601.84
1602.12
1602.4
1602.69
1602.97
1603.25
1603.53
1603.81
1604.09
1604.37
1604.65
1604.93
1605.21
1605.49
1605.76
1606.04
1606.32
1606.59
1606.87
1607.14
1607.41
1607.68
iteracion: 1191
--- next_x
2134.56
2134.61
2134.67
2134.72
2134.78
2134.83
2134.88
2134.94
2134.99
2135.04
2135.1
2135.15
2135.2
2135.26
2135.31
2135.36
2135.41
2135.46
2135.51
2135.57
2135.61
2135.67
2135.72
2135.77
2135.82
2135.87
2135.92
2135.97
2136.02
2136.07
2136.12
2136.17
2136.22
2136.27
2136.32
2136.37
2136.42
2136.47
2136.51
2136.56
2136.61
2136.66
2136.7
2136.75
2136.8
2136.85
2136.89
2136.94
2136.99
2137.03
--- next_y
1593.63
1593.93
1594.23
1594.53
1594.83
1595.13
1595.43
1595.72
1596.02
1596.32
1596.61
1596.91
1597.2
1597.49
1597.79
1598.08
1598.37
1598.66
1598.95
1599.24
1599.53
1599.82
1600.11
1600.4
1600.69
1600.97
1601.26
1601.55
1601.84
1602.12
1602.4
1602.69
1602.97
1603.25
1603.53
1603.81
1604.09
1604.37
1604.65
1604.93
1605.21
1605.49
1605.76
1606.04
1606.32
1606.59
1606.87
1607.14
1607.41
1607.69
