iteracion: 1270
--- next_x
2158.3
2158.38
2158.46
2158.54
2158.62
2158.7
2158.78
2158.86
2158.94
2159.02
2159.09
2159.17
2159.25
2159.33
2159.4
2159.48
2159.55
2159.63
2159.71
2159.78
2159.86
2159.93
2160.01
2160.08
2160.15
2160.22
2160.3
2160.37
2160.44
2160.51
2160.58
2160.65
2160.72
2160.79
2160.86
2160.93
2161
2161.07
2161.14
2161.2
2161.27
2161.34
2161.4
2161.47
2161.53
2161.6
2161.66
2161.73
2161.79
2161.86
--- next_y
1701.76
1702.09
1702.42
1702.76
1703.08
1703.41
1703.74
1704.07
1704.4
1704.73
1705.05
1705.38
1705.7
1706.03
1706.35
1706.68
1707
1707.32
1707.65
1707.97
1708.29
1708.61
1708.93
1709.25
1709.57
1709.89
1710.21
1710.53
1710.85
1711.16
1711.48
1711.8
1712.11
1712.43
1712.74
1713.05
1713.37
1713.68
1713.99
1714.3
1714.61
1714.92
1715.23
1715.54
1715.85
1716.15
1716.46
1716.77
1717.08
1717.38
iteracion: 1270
--- next_x
2158.3
2158.38
2158.46
2158.54
2158.62
2158.7
2158.78
2158.86
2158.94
2159.02
2159.09
2159.17
2159.25
2159.33
2159.4
2159.48
2159.55
2159.63
2159.71
2159.78
2159.86
2159.93
2160.01
2160.08
2160.15
2160.22
2160.3
2160.37
2160.44
2160.51
2160.58
2160.65
2160.72
2160.79
2160.86
2160.93
2161
2161.07
2161.14
2161.2
2161.27
2161.34
2161.4
2161.47
2161.53
2161.6
2161.66
2161.73
2161.8
2161.87
--- next_y
1701.76
1702.09
1702.42
1702.76
1703.08
1703.41
1703.74
1704.07
1704.4
1704.73
1705.05
1705.38
1705.7
1706.03
1706.35
1706.68
1707
1707.32
1707.65
1707.97
1708.29
1708.61
1708.93
1709.25
1709.57
1709.89
1710.21
1710.53
1710.85
1711.16
1711.48
1711.8
1712.11
1712.43
1712.74
1713.05
1713.37
1713.68
1713.99
1714.3
1714.61
1714.92
1715.23
1715.54
1715.85
1716.15
1716.46
1716.77
1717.07
1717.38
iteracion: 1270
--- next_x
2158.3
2158.38
2158.46
2158.54
2158.62
2158.7
2158.78
2158.86
2158.94
2159.02
2159.09
2159.17
2159.25
2159.33
2159.4
2159.48
2159.55
2159.63
2159.71
2159.78
2159.86
2159.93
2160.01
2160.08
2160.15
2160.22
2160.3
2160.37
2160.44
2160.51
2160.58
2160.65
2160.72
2160.79
2160.86
2160.93
2161
2161.07
2161.14
2161.2
2161.27
2161.34
2161.4
2161.47
2161.53
2161.6
2161.66
2161.73
2161.79
2161.85
--- next_y
1701.76
1702.09
1702.42
1702.76
1703.08
1703.41
1703.74
1704.07
1704.4
1704.73
1705.05
1705.38
1705.7
1706.03
1706.35
1706.68
1707
1707.32
1707.65
1707.97
1708.29
1708.61
1708.93
1709.25
1709.57
1709.89
1710.21
1710.53
1710.85
1711.16
1711.48
1711.8
1712.11
1712.43
1712.74
1713.05
1713.37
1713.68
1713.99
1714.3
1714.61
1714.92
1715.23
1715.54
1715.85
1716.15
1716.46
1716.77
1717.07
1717.37
