iteracion: 298
--- next_x
1307.33
1307.71
1308.08
1308.45
1308.82
1309.19
1309.56
1309.93
1310.3
1310.66
1311.03
1311.39
1311.75
1312.11
1312.47
1312.83
1313.18
1313.53
1313.89
1314.24
1314.59
1314.94
1315.29
1315.64
1315.99
1316.33
1316.67
1317.02
1317.36
1317.7
1318.04
1318.37
1318.71
1319.04
1319.38
1319.71
1320.04
1320.37
1320.7
1321.03
1321.35
1321.68
1322
1322.33
1322.65
1322.98
1323.3
1323.63
1323.95
1324.27
--- next_y
1185.76
1185.72
1185.69
1185.66
1185.62
1185.59
1185.55
1185.52
1185.48
1185.44
1185.41
1185.37
1185.34
1185.3
1185.27
1185.23
1185.19
1185.15
1185.12
1185.08
1185.04
1185.01
1184.97
1184.93
1184.9
1184.86
1184.82
1184.79
1184.75
1184.71
1184.68
1184.64
1184.61
1184.57
1184.54
1184.5
1184.46
1184.43
1184.39
1184.36
1184.32
1184.29
1184.25
1184.22
1184.18
1184.15
1184.11
1184.08
1184.04
1184.01
iteracion: 298
--- next_x
1307.33
1307.71
1308.08
1308.45
1308.82
1309.19
1309.56
1309.93
1310.3
1310.66
1311.03
1311.39
1311.75
1312.11
1312.47
1312.83
1313.18
1313.53
1313.89
1314.24
1314.59
1314.94
1315.29
1315.64
1315.99
1316.33
1316.67
1317.02
1317.36
1317.7
1318.04
1318.37
1318.71
1319.04
1319.38
1319.71
1320.04
1320.37
1320.7
1321.03
1321.35
1321.68
1322
1322.33
1322.65
1322.97
1323.29
1323.62
1323.94
1324.26
--- next_y
1185.76
1185.72
1185.69
1185.66
1185.62
1185.59
1185.55
1185.52
1185.48
1185.44
1185.41
1185.37
1185.34
1185.3
1185.27
1185.23
1185.19
1185.15
1185.12
1185.08
1185.04
1185.01
1184.97
1184.93
1184.9
1184.86
1184.82
1184.79
1184.75
1184.71
1184.68
1184.64
1184.61
1184.57
1184.54
1184.5
1184.46
1184.43
1184.39
1184.36
1184.32
1184.29
1184.25
1184.22
1184.18
1184.14
1184.11
1184.07
1184.02
1183.98
iteracion: 298
--- next_x
1307.33
1307.71
1308.08
1308.45
1308.82
1309.19
1309.56
1309.93
1310.3
1310.66
1311.03
1311.39
1311.75
1312.11
1312.47
1312.83
1313.18
1313.53
1313.89
1314.24
1314.59
1314.94
1315.29
1315.64
1315.99
1316.33
1316.67
1317.02
1317.36
1317.7
1318.04
1318.37
1318.71
1319.04
1319.38
1319.71
1320.04
1320.37
1320.7
1321.03
1321.35
1321.68
1322
1322.33
1322.65
1322.97
1323.29
1323.62
1323.94
1324.26
--- next_y
1185.76
1185.72
1185.69
1185.66
1185.62
1185.59
1185.55
1185.52
1185.48
1185.44
1185.41
1185.37
1185.34
1185.3
1185.27
1185.23
1185.19
1185.15
1185.12
1185.08
1185.04
1185.01
1184.97
1184.93
1184.9
1184.86
1184.82
1184.79
1184.75
1184.71
1184.68
1184.64
1184.61
1184.57
1184.54
1184.5
1184.46
1184.43
1184.39
1184.36
1184.32
1184.29
1184.25
1184.22
1184.18
1184.15
1184.12
1184.09
1184.06
1184.04
