iteracion: 1429
--- next_x
2186.31
2186.35
2186.39
2186.42
2186.46
2186.49
2186.53
2186.57
2186.6
2186.64
2186.68
2186.71
2186.75
2186.79
2186.82
2186.86
2186.9
2186.94
2186.97
2187.01
2187.05
2187.08
2187.12
2187.16
2187.2
2187.24
2187.27
2187.31
2187.35
2187.39
2187.43
2187.47
2187.5
2187.54
2187.58
2187.62
2187.66
2187.7
2187.73
2187.77
2187.81
2187.85
2187.89
2187.93
2187.97
2188.01
2188.05
2188.09
2188.13
2188.17
--- next_y
1887.91
1888.25
1888.58
1888.91
1889.24
1889.58
1889.91
1890.24
1890.57
1890.9
1891.22
1891.55
1891.88
1892.21
1892.53
1892.86
1893.18
1893.51
1893.83
1894.15
1894.47
1894.79
1895.12
1895.43
1895.75
1896.07
1896.39
1896.71
1897.02
1897.34
1897.65
1897.97
1898.28
1898.59
1898.9
1899.22
1899.53
1899.84
1900.15
1900.46
1900.77
1901.08
1901.39
1901.7
1902
1902.31
1902.62
1902.92
1903.23
1903.54
iteracion: 1429
--- next_x
2186.31
2186.35
2186.39
2186.42
2186.46
2186.49
2186.53
2186.57
2186.6
2186.64
2186.68
2186.71
2186.75
2186.79
2186.82
2186.86
2186.9
2186.94
2186.97
2187.01
2187.05
2187.08
2187.12
2187.16
2187.2
2187.24
2187.27
2187.31
2187.35
2187.39
2187.43
2187.47
2187.5
2187.54
2187.58
2187.62
2187.66
2187.7
2187.73
2187.77
2187.81
2187.85
2187.89
2187.93
2187.97
2188.01
2188.05
2188.1
2188.14
2188.19
--- next_y
1887.91
1888.25
1888.58
1888.91
1889.24
1889.58
1889.91
1890.24
1890.57
1890.9
1891.22
1891.55
1891.88
1892.21
1892.53
1892.86
1893.18
1893.51
1893.83
1894.15
1894.47
1894.79
1895.12
1895.43
1895.75
1896.07
1896.39
1896.71
1897.02
1897.34
1897.65
1897.97
1898.28
1898.59
1898.9
1899.22
1899.53
1899.84
1900.15
1900.46
1900.77
1901.08
1901.39
1901.7
1902
1902.31
1902.61
1902.92
1903.22
1903.52
iteracion: 1429
--- next_x
2186.31
2186.35
2186.39
2186.42
2186.46
2186.49
2186.53
2186.57
2186.6
2186.64
2186.68
2186.71
2186.75
2186.79
2186.82
2186.86
2186.9
2186.94
2186.97
2187.01
2187.05
2187.08
2187.12
2187.16
2187.2
2187.24
2187.27
2187.31
2187.35
2187.39
2187.43
2187.47
2187.5
2187.54
2187.58
2187.62
2187.66
2187.7
2187.73
2187.77
2187.81
2187.85
2187.89
2187.93
2187.97
2188.01
2188.05
2188.09
2188.12
2188.16
--- next_y
1887.91
1888.25
1888.58
1888.91
1889.24
1889.58
1889.91
1890.24
1890.57
1890.9
1891.22
1891.55
1891.88
1892.21
1892.53
1892.86
1893.18
1893.51
1893.83
1894.15
1894.47
1894.79
1895.12
1895.43
1895.75
1896.07
1896.39
1896.71
1897.02
1897.34
1897.65
1897.97
1898.28
1898.59
1898.9
1899.22
1899.53
1899.84
1900.15
1900.46
1900.77
1901.08
1901.39
1901.7
1902
1902.31
1902.62
1902.92
1903.23
1903.53
