iteracion: 738
--- next_x
1869.32
1869.58
1869.84
1870.1
1870.36
1870.61
1870.87
1871.12
1871.38
1871.63
1871.88
1872.13
1872.38
1872.64
1872.89
1873.13
1873.38
1873.63
1873.88
1874.13
1874.38
1874.62
1874.87
1875.11
1875.36
1875.6
1875.84
1876.09
1876.33
1876.57
1876.81
1877.05
1877.29
1877.52
1877.76
1878
1878.23
1878.47
1878.7
1878.94
1879.17
1879.4
1879.63
1879.86
1880.1
1880.33
1880.56
1880.79
1881.02
1881.25
--- next_y
1145.35
1145.39
1145.43
1145.47
1145.52
1145.56
1145.6
1145.64
1145.68
1145.73
1145.77
1145.81
1145.85
1145.89
1145.94
1145.98
1146.02
1146.06
1146.11
1146.15
1146.19
1146.23
1146.27
1146.32
1146.36
1146.4
1146.44
1146.48
1146.53
1146.57
1146.61
1146.65
1146.69
1146.73
1146.78
1146.82
1146.86
1146.9
1146.94
1146.99
1147.03
1147.07
1147.12
1147.16
1147.2
1147.25
1147.29
1147.33
1147.38
1147.42
iteracion: 738
--- next_x
1869.32
1869.58
1869.84
1870.1
1870.36
1870.61
1870.87
1871.12
1871.38
1871.63
1871.88
1872.13
1872.38
1872.64
1872.89
1873.13
1873.38
1873.63
1873.88
1874.13
1874.38
1874.62
1874.87
1875.11
1875.36
1875.6
1875.84
1876.09
1876.33
1876.57
1876.81
1877.05
1877.29
1877.52
1877.76
1878
1878.23
1878.47
1878.7
1878.94
1879.17
1879.4
1879.63
1879.86
1880.1
1880.33
1880.56
1880.79
1881.02
1881.25
--- next_y
1145.35
1145.39
1145.43
1145.47
1145.52
1145.56
1145.6
1145.64
1145.68
1145.73
1145.77
1145.81
1145.85
1145.89
1145.94
1145.98
1146.02
1146.06
1146.11
1146.15
1146.19
1146.23
1146.27
1146.32
1146.36
1146.4
1146.44
1146.48
1146.53
1146.57
1146.61
1146.65
1146.69
1146.73
1146.78
1146.82
1146.86
1146.9
1146.94
1146.99
1147.03
1147.07
1147.12
1147.16
1147.2
1147.25
1147.29
1147.33
1147.37
1147.41
iteracion: 738
--- next_x
1869.32
1869.58
1869.84
1870.1
1870.36
1870.61
1870.87
1871.12
1871.38
1871.63
1871.88
1872.13
1872.38
1872.64
1872.89
1873.13
1873.38
1873.63
1873.88
1874.13
1874.38
1874.62
1874.87
1875.11
1875.36
1875.6
1875.84
1876.09
1876.33
1876.57
1876.81
1877.05
1877.29
1877.52
1877.76
1878
1878.23
1878.47
1878.7
1878.94
1879.17
1879.4
1879.63
1879.86
1880.1
1880.33
1880.56
1880.78
1881.01
1881.24
--- next_y
1145.35
1145.39
1145.43
1145.47
1145.52
1145.56
1145.6
1145.64
1145.68
1145.73
1145.77
1145.81
1145.85
1145.89
1145.94
1145.98
1146.02
1146.06
1146.11
1146.15
1146.19
1146.23
1146.27
1146.32
1146.36
1146.4
1146.44
1146.48
1146.53
1146.57
1146.61
1146.65
1146.69
1146.73
1146.78
1146.82
1146.86
1146.9
1146.94
1146.99
1147.03
1147.07
1147.12
1147.16
1147.2
1147.25
1147.29
1147.33
1147.38
1147.42
