iteracion: 296
--- next_x
1303.52
1303.9
1304.29
1304.67
1305.06
1305.44
1305.82
1306.2
1306.58
1306.96
1307.33
1307.71
1308.08
1308.45
1308.82
1309.19
1309.56
1309.93
1310.3
1310.66
1311.03
1311.39
1311.75
1312.11
1312.47
1312.83
1313.18
1313.53
1313.89
1314.24
1314.59
1314.94
1315.29
1315.64
1315.99
1316.33
1316.67
1317.02
1317.36
1317.7
1318.04
1318.37
1318.71
1319.04
1319.38
1319.71
1320.04
1320.38
1320.71
1321.05
--- next_y
1186.1
1186.06
1186.03
1186
1185.96
1185.93
1185.89
1185.86
1185.83
1185.79
1185.76
1185.72
1185.69
1185.66
1185.62
1185.59
1185.55
1185.52
1185.48
1185.44
1185.41
1185.37
1185.34
1185.3
1185.27
1185.23
1185.19
1185.15
1185.12
1185.08
1185.04
1185.01
1184.97
1184.93
1184.9
1184.86
1184.82
1184.79
1184.75
1184.71
1184.68
1184.64
1184.61
1184.57
1184.54
1184.5
1184.46
1184.43
1184.39
1184.36
iteracion: 296
--- next_x
1303.52
1303.9
1304.29
1304.67
1305.06
1305.44
1305.82
1306.2
1306.58
1306.96
1307.33
1307.71
1308.08
1308.45
1308.82
1309.19
1309.56
1309.93
1310.3
1310.66
1311.03
1311.39
1311.75
1312.11
1312.47
1312.83
1313.18
1313.53
1313.89
1314.24
1314.59
1314.94
1315.29
1315.64
1315.99
1316.33
1316.67
1317.02
1317.36
1317.7
1318.04
1318.37
1318.71
1319.04
1319.38
1319.71
1320.04
1320.37
1320.7
1321.03
--- next_y
1186.1
1186.06
1186.03
1186
1185.96
1185.93
1185.89
1185.86
1185.83
1185.79
1185.76
1185.72
1185.69
1185.66
1185.62
1185.59
1185.55
1185.52
1185.48
1185.44
1185.41
1185.37
1185.34
1185.3
1185.27
1185.23
1185.19
1185.15
1185.12
1185.08
1185.04
1185.01
1184.97
1184.93
1184.9
1184.86
1184.82
1184.79
1184.75
1184.71
1184.68
1184.64
1184.61
1184.57
1184.54
1184.5
1184.46
1184.42
1184.38
1184.34
iteracion: 296
--- next_x
1303.52
1303.9
1304.29
1304.67
1305.06
1305.44
1305.82
1306.2
1306.58
1306.96
1307.33
1307.71
1308.08
1308.45
1308.82
1309.19
1309.56
1309.93
1310.3
1310.66
1311.03
1311.39
1311.75
1312.11
1312.47
1312.83
1313.18
1313.53
1313.89
1314.24
1314.59
1314.94
1315.29
1315.64
1315.99
1316.33
1316.67
1317.02
1317.36
1317.7
1318.04
1318.37
1318.71
1319.04
1319.38
1319.71
1320.04
1320.37
1320.7
1321.04
--- next_y
1186.1
1186.06
1186.03
1186
1185.96
1185.93
1185.89
1185.86
1185.83
1185.79
1185.76
1185.72
1185.69
1185.66
1185.62
1185.59
1185.55
1185.52
1185.48
1185.44
1185.41
1185.37
1185.34
1185.3
1185.27
1185.23
1185.19
1185.15
1185.12
1185.08
1185.04
1185.01
1184.97
1184.93
1184.9
1184.86
1184.82
1184.79
1184.75
1184.71
1184.68
1184.64
1184.61
1184.57
1184.54
1184.5
1184.47
1184.43
1184.41
1184.38
