iteracion: 3857
--- next_x
170.755
170.844
170.933
171.023
171.113
171.203
171.294
171.385
171.476
171.567
171.659
171.751
171.843
171.936
172.029
172.122
172.215
172.308
172.402
172.496
172.59
172.684
172.779
172.874
172.969
173.064
173.16
173.256
173.352
173.447
173.543
173.639
173.736
173.832
173.929
174.025
174.122
174.219
174.316
174.413
174.511
174.608
174.706
174.803
174.901
174.999
175.097
175.195
175.294
175.392
--- next_y
2005.7
2005.27
2004.84
2004.41
2003.98
2003.56
2003.13
2002.7
2002.28
2001.85
2001.43
2001
2000.58
2000.16
1999.73
1999.31
1998.89
1998.47
1998.05
1997.63
1997.22
1996.8
1996.38
1995.97
1995.55
1995.13
1994.72
1994.31
1993.89
1993.48
1993.07
1992.65
1992.24
1991.83
1991.42
1991.01
1990.61
1990.2
1989.79
1989.38
1988.97
1988.57
1988.16
1987.76
1987.35
1986.95
1986.55
1986.14
1985.74
1985.33
iteracion: 3857
--- next_x
170.755
170.844
170.933
171.023
171.113
171.203
171.294
171.385
171.476
171.567
171.659
171.751
171.843
171.936
172.029
172.122
172.215
172.308
172.402
172.496
172.59
172.684
172.779
172.874
172.969
173.064
173.16
173.256
173.352
173.447
173.543
173.639
173.736
173.832
173.929
174.025
174.122
174.219
174.316
174.413
174.511
174.608
174.706
174.803
174.901
174.999
175.093
175.183
175.271
175.354
--- next_y
2005.7
2005.27
2004.84
2004.41
2003.98
2003.56
2003.13
2002.7
2002.28
2001.85
2001.43
2001
2000.58
2000.16
1999.73
1999.31
1998.89
1998.47
1998.05
1997.63
1997.22
1996.8
1996.38
1995.97
1995.55
1995.13
1994.72
1994.31
1993.89
1993.48
1993.07
1992.65
1992.24
1991.83
1991.42
1991.01
1990.61
1990.2
1989.79
1989.38
1988.97
1988.57
1988.16
1987.76
1987.35
1986.95
1986.55
1986.14
1985.74
1985.34
iteracion: 3857
--- next_x
170.755
170.844
170.933
171.023
171.113
171.203
171.294
171.385
171.476
171.567
171.659
171.751
171.843
171.936
172.029
172.122
172.215
172.308
172.402
172.496
172.59
172.684
172.779
172.874
172.969
173.064
173.16
173.256
173.352
173.447
173.543
173.639
173.736
173.832
173.929
174.025
174.122
174.219
174.316
174.413
174.511
174.608
174.706
174.803
174.901
174.999
175.098
175.202
175.31
175.421
--- next_y
2005.7
2005.27
2004.84
2004.41
2003.98
2003.56
2003.13
2002.7
2002.28
2001.85
2001.43
2001
2000.58
2000.16
1999.73
1999.31
1998.89
1998.47
1998.05
1997.63
1997.22
1996.8
1996.38
1995.97
1995.55
1995.13
1994.72
1994.31
1993.89
1993.48
1993.07
1992.65
1992.24
1991.83
1991.42
1991.01
1990.61
1990.2
1989.79
1989.38
1988.97
1988.57
1988.16
1987.76
1987.35
1986.95
1986.55
1986.16
1985.76
1985.37
