iteracion: 886
--- next_x
2024.69
2024.92
2025.15
2025.38
2025.61
2025.83
2026.06
2026.28
2026.5
2026.72
2026.95
2027.17
2027.39
2027.61
2027.82
2028.04
2028.25
2028.47
2028.68
2028.89
2029.11
2029.32
2029.53
2029.74
2029.95
2030.16
2030.37
2030.57
2030.78
2030.98
2031.19
2031.39
2031.6
2031.8
2032
2032.2
2032.4
2032.6
2032.79
2032.99
2033.18
2033.38
2033.57
2033.77
2033.96
2034.15
2034.34
2034.54
2034.73
2034.92
--- next_y
1221.81
1222.12
1222.43
1222.74
1223.05
1223.36
1223.67
1223.97
1224.28
1224.59
1224.9
1225.21
1225.52
1225.83
1226.13
1226.44
1226.75
1227.05
1227.36
1227.67
1227.97
1228.28
1228.59
1228.89
1229.19
1229.5
1229.81
1230.11
1230.41
1230.72
1231.02
1231.32
1231.63
1231.93
1232.23
1232.54
1232.84
1233.14
1233.44
1233.74
1234.04
1234.35
1234.65
1234.95
1235.25
1235.55
1235.85
1236.16
1236.46
1236.76
iteracion: 886
--- next_x
2024.69
2024.92
2025.15
2025.38
2025.61
2025.83
2026.06
2026.28
2026.5
2026.72
2026.95
2027.17
2027.39
2027.61
2027.82
2028.04
2028.25
2028.47
2028.68
2028.89
2029.11
2029.32
2029.53
2029.74
2029.95
2030.16
2030.37
2030.57
2030.78
2030.98
2031.19
2031.39
2031.6
2031.8
2032
2032.2
2032.4
2032.6
2032.79
2032.99
2033.18
2033.38
2033.57
2033.77
2033.96
2034.15
2034.35
2034.54
2034.74
2034.93
--- next_y
1221.81
1222.12
1222.43
1222.74
1223.05
1223.36
1223.67
1223.97
1224.28
1224.59
1224.9
1225.21
1225.52
1225.83
1226.13
1226.44
1226.75
1227.05
1227.36
1227.67
1227.97
1228.28
1228.59
1228.89
1229.19
1229.5
1229.81
1230.11
1230.41
1230.72
1231.02
1231.32
1231.63
1231.93
1232.23
1232.54
1232.84
1233.14
1233.44
1233.74
1234.04
1234.35
1234.65
1234.95
1235.25
1235.55
1235.85
1236.15
1236.45
1236.75
iteracion: 886
--- next_x
2024.69
2024.92
2025.15
2025.38
2025.61
2025.83
2026.06
2026.28
2026.5
2026.72
2026.95
2027.17
2027.39
2027.61
2027.82
2028.04
2028.25
2028.47
2028.68
2028.89
2029.11
2029.32
2029.53
2029.74
2029.95
2030.16
2030.37
2030.57
2030.78
2030.98
2031.19
2031.39
2031.6
2031.8
2032
2032.2
2032.4
2032.6
2032.79
2032.99
2033.18
2033.38
2033.57
2033.77
2033.96
2034.15
2034.34
2034.52
2034.71
2034.89
--- next_y
1221.81
1222.12
1222.43
1222.74
1223.05
1223.36
1223.67
1223.97
1224.28
1224.59
1224.9
1225.21
1225.52
1225.83
1226.13
1226.44
1226.75
1227.05
1227.36
1227.67
1227.97
1228.28
1228.59
1228.89
1229.19
1229.5
1229.81
1230.11
1230.41
1230.72
1231.02
1231.32
1231.63
1231.93
1232.23
1232.54
1232.84
1233.14
1233.44
1233.74
1234.04
1234.35
1234.65
1234.95
1235.25
1235.55
1235.85
1236.15
1236.45
1236.75
