iteracion: 3879
--- next_x
178.983
179.078
179.174
179.269
179.364
179.459
179.554
179.648
179.743
179.837
179.932
180.026
180.12
180.214
180.309
180.403
180.497
180.592
180.687
180.782
180.877
180.973
181.069
181.165
181.262
181.359
181.456
181.554
181.652
181.751
181.85
181.949
182.049
182.15
182.252
182.353
182.456
182.558
182.662
182.766
182.871
182.976
183.081
183.188
183.294
183.402
183.511
183.62
183.73
183.84
--- next_y
1970.88
1970.51
1970.12
1969.75
1969.37
1968.99
1968.62
1968.24
1967.87
1967.49
1967.12
1966.75
1966.37
1966
1965.63
1965.26
1964.89
1964.52
1964.15
1963.78
1963.41
1963.05
1962.68
1962.32
1961.95
1961.59
1961.23
1960.87
1960.51
1960.14
1959.79
1959.43
1959.07
1958.71
1958.35
1958
1957.64
1957.29
1956.94
1956.58
1956.23
1955.88
1955.53
1955.18
1954.83
1954.48
1954.13
1953.79
1953.44
1953.09
iteracion: 3879
--- next_x
178.983
179.078
179.174
179.269
179.364
179.459
179.554
179.648
179.743
179.837
179.932
180.026
180.12
180.214
180.309
180.403
180.497
180.592
180.687
180.782
180.877
180.973
181.069
181.165
181.262
181.359
181.456
181.554
181.652
181.751
181.85
181.949
182.049
182.15
182.252
182.353
182.456
182.558
182.662
182.766
182.871
182.976
183.081
183.188
183.294
183.4
183.504
183.607
183.708
183.807
--- next_y
1970.88
1970.51
1970.12
1969.75
1969.37
1968.99
1968.62
1968.24
1967.87
1967.49
1967.12
1966.75
1966.37
1966
1965.63
1965.26
1964.89
1964.52
1964.15
1963.78
1963.41
1963.05
1962.68
1962.32
1961.95
1961.59
1961.23
1960.87
1960.51
1960.14
1959.79
1959.43
1959.07
1958.71
1958.35
1958
1957.64
1957.29
1956.94
1956.58
1956.23
1955.88
1955.53
1955.18
1954.83
1954.48
1954.13
1953.78
1953.43
1953.08
iteracion: 3879
--- next_x
178.983
179.078
179.174
179.269
179.364
179.459
179.554
179.648
179.743
179.837
179.932
180.026
180.12
180.214
180.309
180.403
180.497
180.592
180.687
180.782
180.877
180.973
181.069
181.165
181.262
181.359
181.456
181.554
181.652
181.751
181.85
181.949
182.049
182.15
182.252
182.353
182.456
182.558
182.662
182.766
182.871
182.976
183.081
183.188
183.294
183.402
183.513
183.627
183.744
183.864
--- next_y
1970.88
1970.51
1970.12
1969.75
1969.37
1968.99
1968.62
1968.24
1967.87
1967.49
1967.12
1966.75
1966.37
1966
1965.63
1965.26
1964.89
1964.52
1964.15
1963.78
1963.41
1963.05
1962.68
1962.32
1961.95
1961.59
1961.23
1960.87
1960.51
1960.14
1959.79
1959.43
1959.07
1958.71
1958.35
1958
1957.64
1957.29
1956.94
1956.58
1956.23
1955.88
1955.53
1955.18
1954.83
1954.49
1954.15
1953.81
1953.47
1953.13
