iteracion: 1691
--- next_x
2258.18
2258.24
2258.3
2258.36
2258.42
2258.47
2258.53
2258.59
2258.65
2258.7
2258.76
2258.82
2258.87
2258.93
2258.99
2259.04
2259.09
2259.15
2259.2
2259.26
2259.31
2259.37
2259.42
2259.47
2259.53
2259.58
2259.63
2259.68
2259.74
2259.79
2259.84
2259.89
2259.95
2260
2260.05
2260.1
2260.15
2260.2
2260.25
2260.3
2260.35
2260.4
2260.45
2260.5
2260.55
2260.6
2260.66
2260.71
2260.76
2260.81
--- next_y
2216.89
2217.21
2217.53
2217.84
2218.16
2218.47
2218.78
2219.09
2219.41
2219.72
2220.03
2220.34
2220.65
2220.96
2221.27
2221.57
2221.88
2222.19
2222.5
2222.8
2223.11
2223.41
2223.72
2224.02
2224.32
2224.63
2224.93
2225.23
2225.53
2225.83
2226.13
2226.43
2226.73
2227.03
2227.33
2227.62
2227.92
2228.21
2228.51
2228.8
2229.1
2229.39
2229.68
2229.97
2230.26
2230.55
2230.84
2231.13
2231.42
2231.71
iteracion: 1691
--- next_x
2258.18
2258.24
2258.3
2258.36
2258.42
2258.47
2258.53
2258.59
2258.65
2258.7
2258.76
2258.82
2258.87
2258.93
2258.99
2259.04
2259.09
2259.15
2259.2
2259.26
2259.31
2259.37
2259.42
2259.47
2259.53
2259.58
2259.63
2259.68
2259.74
2259.79
2259.84
2259.89
2259.95
2260
2260.05
2260.1
2260.15
2260.2
2260.25
2260.3
2260.35
2260.4
2260.45
2260.5
2260.55
2260.6
2260.66
2260.71
2260.76
2260.82
--- next_y
2216.89
2217.21
2217.53
2217.84
2218.16
2218.47
2218.78
2219.09
2219.41
2219.72
2220.03
2220.34
2220.65
2220.96
2221.27
2221.57
2221.88
2222.19
2222.5
2222.8
2223.11
2223.41
2223.72
2224.02
2224.32
2224.63
2224.93
2225.23
2225.53
2225.83
2226.13
2226.43
2226.73
2227.03
2227.33
2227.62
2227.92
2228.21
2228.51
2228.8
2229.1
2229.39
2229.68
2229.97
2230.26
2230.55
2230.84
2231.13
2231.41
2231.7
iteracion: 1691
--- next_x
2258.18
2258.24
2258.3
2258.36
2258.42
2258.47
2258.53
2258.59
2258.65
2258.7
2258.76
2258.82
2258.87
2258.93
2258.99
2259.04
2259.09
2259.15
2259.2
2259.26
2259.31
2259.37
2259.42
2259.47
2259.53
2259.58
2259.63
2259.68
2259.74
2259.79
2259.84
2259.89
2259.95
2260
2260.05
2260.1
2260.15
2260.2
2260.25
2260.3
2260.35
2260.4
2260.45
2260.5
2260.55
2260.6
2260.65
2260.7
2260.75
2260.79
--- next_y
2216.89
2217.21
2217.53
2217.84
2218.16
2218.47
2218.78
2219.09
2219.41
2219.72
2220.03
2220.34
2220.65
2220.96
2221.27
2221.57
2221.88
2222.19
2222.5
2222.8
2223.11
2223.41
2223.72
2224.02
2224.32
2224.63
2224.93
2225.23
2225.53
2225.83
2226.13
2226.43
2226.73
2227.03
2227.33
2227.62
2227.92
2228.21
2228.51
2228.8
2229.1
2229.39
2229.68
2229.97
2230.26
2230.55
2230.84
2231.13
2231.42
2231.71
