iteracion: 1326
--- next_x
2221.85
2221.96
2222.06
2222.16
2222.27
2222.37
2222.48
2222.58
2222.68
2222.79
2222.89
2222.99
2223.1
2223.2
2223.3
2223.41
2223.51
2223.61
2223.72
2223.82
2223.93
2224.03
2224.13
2224.24
2224.34
2224.44
2224.54
2224.65
2224.75
2224.85
2224.95
2225.06
2225.16
2225.26
2225.36
2225.46
2225.57
2225.67
2225.77
2225.87
2225.97
2226.07
2226.17
2226.27
2226.37
2226.47
2226.57
2226.67
2226.77
2226.87
--- next_y
2075.63
2076
2076.38
2076.76
2077.13
2077.5
2077.87
2078.24
2078.61
2078.98
2079.36
2079.72
2080.09
2080.45
2080.82
2081.18
2081.55
2081.91
2082.27
2082.63
2082.99
2083.34
2083.7
2084.06
2084.41
2084.76
2085.11
2085.46
2085.82
2086.17
2086.52
2086.86
2087.21
2087.55
2087.9
2088.25
2088.59
2088.93
2089.27
2089.61
2089.95
2090.29
2090.63
2090.96
2091.3
2091.64
2091.97
2092.31
2092.64
2092.98
iteracion: 1326
--- next_x
2221.85
2221.96
2222.06
2222.16
2222.27
2222.37
2222.48
2222.58
2222.68
2222.79
2222.89
2222.99
2223.1
2223.2
2223.3
2223.41
2223.51
2223.61
2223.72
2223.82
2223.93
2224.03
2224.13
2224.24
2224.34
2224.44
2224.54
2224.65
2224.75
2224.85
2224.95
2225.06
2225.16
2225.26
2225.36
2225.46
2225.57
2225.67
2225.77
2225.87
2225.97
2226.07
2226.17
2226.27
2226.37
2226.47
2226.57
2226.68
2226.79
2226.9
--- next_y
2075.63
2076
2076.38
2076.76
2077.13
2077.5
2077.87
2078.24
2078.61
2078.98
2079.36
2079.72
2080.09
2080.45
2080.82
2081.18
2081.55
2081.91
2082.27
2082.63
2082.99
2083.34
2083.7
2084.06
2084.41
2084.76
2085.11
2085.46
2085.82
2086.17
2086.52
2086.86
2087.21
2087.55
2087.9
2088.25
2088.59
2088.93
2089.27
2089.61
2089.95
2090.29
2090.63
2090.96
2091.3
2091.63
2091.96
2092.29
2092.62
2092.95
iteracion: 1326
--- next_x
2221.85
2221.96
2222.06
2222.16
2222.27
2222.37
2222.48
2222.58
2222.68
2222.79
2222.89
2222.99
2223.1
2223.2
2223.3
2223.41
2223.51
2223.61
2223.72
2223.82
2223.93
2224.03
2224.13
2224.24
2224.34
2224.44
2224.54
2224.65
2224.75
2224.85
2224.95
2225.06
2225.16
2225.26
2225.36
2225.46
2225.57
2225.67
2225.77
2225.87
2225.97
2226.07
2226.17
2226.27
2226.37
2226.47
2226.56
2226.65
2226.74
2226.83
--- next_y
2075.63
2076
2076.38
2076.76
2077.13
2077.5
2077.87
2078.24
2078.61
2078.98
2079.36
2079.72
2080.09
2080.45
2080.82
2081.18
2081.55
2081.91
2082.27
2082.63
2082.99
2083.34
2083.7
2084.06
2084.41
2084.76
2085.11
2085.46
2085.82
2086.17
2086.52
2086.86
2087.21
2087.55
2087.9
2088.25
2088.59
2088.93
2089.27
2089.61
2089.95
2090.29
2090.63
2090.96
2091.3
2091.63
2091.97
2092.3
2092.64
2092.98
