iteracion: 767
--- next_x
1895.38
1895.57
1895.76
1895.94
1896.13
1896.32
1896.5
1896.69
1896.87
1897.05
1897.23
1897.42
1897.6
1897.78
1897.96
1898.14
1898.32
1898.5
1898.68
1898.85
1899.03
1899.21
1899.39
1899.56
1899.74
1899.91
1900.09
1900.26
1900.44
1900.61
1900.78
1900.95
1901.12
1901.29
1901.46
1901.63
1901.8
1901.97
1902.13
1902.3
1902.47
1902.63
1902.8
1902.96
1903.12
1903.29
1903.45
1903.62
1903.78
1903.94
--- next_y
1150.36
1150.4
1150.44
1150.48
1150.53
1150.57
1150.61
1150.65
1150.69
1150.73
1150.78
1150.82
1150.86
1150.9
1150.94
1150.98
1151.02
1151.06
1151.1
1151.14
1151.18
1151.22
1151.27
1151.31
1151.35
1151.39
1151.43
1151.47
1151.51
1151.55
1151.59
1151.63
1151.67
1151.71
1151.75
1151.79
1151.83
1151.87
1151.91
1151.95
1151.99
1152.03
1152.07
1152.11
1152.15
1152.19
1152.23
1152.27
1152.31
1152.35
iteracion: 767
--- next_x
1895.38
1895.57
1895.76
1895.94
1896.13
1896.32
1896.5
1896.69
1896.87
1897.05
1897.23
1897.42
1897.6
1897.78
1897.96
1898.14
1898.32
1898.5
1898.68
1898.85
1899.03
1899.21
1899.39
1899.56
1899.74
1899.91
1900.09
1900.26
1900.44
1900.61
1900.78
1900.95
1901.12
1901.29
1901.46
1901.63
1901.8
1901.97
1902.13
1902.3
1902.47
1902.63
1902.8
1902.96
1903.12
1903.29
1903.45
1903.62
1903.78
1903.94
--- next_y
1150.36
1150.4
1150.44
1150.48
1150.53
1150.57
1150.61
1150.65
1150.69
1150.73
1150.78
1150.82
1150.86
1150.9
1150.94
1150.98
1151.02
1151.06
1151.1
1151.14
1151.18
1151.22
1151.27
1151.31
1151.35
1151.39
1151.43
1151.47
1151.51
1151.55
1151.59
1151.63
1151.67
1151.71
1151.75
1151.79
1151.83
1151.87
1151.91
1151.95
1151.99
1152.03
1152.07
1152.11
1152.15
1152.19
1152.22
1152.26
1152.3
1152.34
iteracion: 767
--- next_x
1895.38
1895.57
1895.76
1895.94
1896.13
1896.32
1896.5
1896.69
1896.87
1897.05
1897.23
1897.42
1897.6
1897.78
1897.96
1898.14
1898.32
1898.5
1898.68
1898.85
1899.03
1899.21
1899.39
1899.56
1899.74
1899.91
1900.09
1900.26
1900.44
1900.61
1900.78
1900.95
1901.12
1901.29
1901.46
1901.63
1901.8
1901.97
1902.13
1902.3
1902.47
1902.63
1902.8
1902.96
1903.12
1903.29
1903.45
1903.61
1903.77
1903.94
--- next_y
1150.36
1150.4
1150.44
1150.48
1150.53
1150.57
1150.61
1150.65
1150.69
1150.73
1150.78
1150.82
1150.86
1150.9
1150.94
1150.98
1151.02
1151.06
1151.1
1151.14
1151.18
1151.22
1151.27
1151.31
1151.35
1151.39
1151.43
1151.47
1151.51
1151.55
1151.59
1151.63
1151.67
1151.71
1151.75
1151.79
1151.83
1151.87
1151.91
1151.95
1151.99
1152.03
1152.07
1152.11
1152.15
1152.19
1152.23
1152.27
1152.31
1152.35
