iteracion: 923
--- next_x
2049.89
2050.02
2050.16
2050.29
2050.42
2050.55
2050.68
2050.82
2050.95
2051.08
2051.21
2051.34
2051.46
2051.59
2051.72
2051.84
2051.97
2052.1
2052.22
2052.34
2052.47
2052.59
2052.71
2052.84
2052.96
2053.08
2053.2
2053.32
2053.44
2053.55
2053.67
2053.79
2053.91
2054.03
2054.14
2054.26
2054.37
2054.49
2054.6
2054.71
2054.83
2054.94
2055.05
2055.16
2055.27
2055.38
2055.49
2055.6
2055.71
2055.82
--- next_y
1263.66
1263.93
1264.2
1264.46
1264.73
1265
1265.27
1265.53
1265.8
1266.06
1266.33
1266.59
1266.86
1267.12
1267.39
1267.65
1267.91
1268.18
1268.44
1268.7
1268.96
1269.22
1269.48
1269.74
1270.01
1270.26
1270.52
1270.78
1271.04
1271.3
1271.55
1271.81
1272.07
1272.32
1272.58
1272.83
1273.08
1273.34
1273.59
1273.84
1274.1
1274.35
1274.6
1274.85
1275.1
1275.35
1275.6
1275.85
1276.1
1276.36
iteracion: 923
--- next_x
2049.89
2050.02
2050.16
2050.29
2050.42
2050.55
2050.68
2050.82
2050.95
2051.08
2051.21
2051.34
2051.46
2051.59
2051.72
2051.84
2051.97
2052.1
2052.22
2052.34
2052.47
2052.59
2052.71
2052.84
2052.96
2053.08
2053.2
2053.32
2053.44
2053.55
2053.67
2053.79
2053.91
2054.03
2054.14
2054.26
2054.37
2054.49
2054.6
2054.71
2054.83
2054.94
2055.05
2055.16
2055.27
2055.38
2055.49
2055.61
2055.72
2055.83
--- next_y
1263.66
1263.93
1264.2
1264.46
1264.73
1265
1265.27
1265.53
1265.8
1266.06
1266.33
1266.59
1266.86
1267.12
1267.39
1267.65
1267.91
1268.18
1268.44
1268.7
1268.96
1269.22
1269.48
1269.74
1270.01
1270.26
1270.52
1270.78
1271.04
1271.3
1271.55
1271.81
1272.07
1272.32
1272.58
1272.83
1273.08
1273.34
1273.59
1273.84
1274.1
1274.35
1274.6
1274.85
1275.1
1275.35
1275.6
1275.85
1276.1
1276.35
iteracion: 923
--- next_x
2049.89
2050.02
2050.16
2050.29
2050.42
2050.55
2050.68
2050.82
2050.95
2051.08
2051.21
2051.34
2051.46
2051.59
2051.72
2051.84
2051.97
2052.1
2052.22
2052.34
2052.47
2052.59
2052.71
2052.84
2052.96
2053.08
2053.2
2053.32
2053.44
2053.55
2053.67
2053.79
2053.91
2054.03
2054.14
2054.26
2054.37
2054.49
2054.6
2054.71
2054.83
2054.94
2055.05
2055.16
2055.27
2055.38
2055.49
2055.6
2055.7
2055.81
--- next_y
1263.66
1263.93
1264.2
1264.46
1264.73
1265
1265.27
1265.53
1265.8
1266.06
1266.33
1266.59
1266.86
1267.12
1267.39
1267.65
1267.91
1268.18
1268.44
1268.7
1268.96
1269.22
1269.48
1269.74
1270.01
1270.26
1270.52
1270.78
1271.04
1271.3
1271.55
1271.81
1272.07
1272.32
1272.58
1272.83
1273.08
1273.34
1273.59
1273.84
1274.1
1274.35
1274.6
1274.85
1275.1
1275.35
1275.6
1275.85
1276.1
1276.35
