iteracion: 1225
--- next_x
2190.26
2190.33
2190.39
2190.46
2190.52
2190.59
2190.66
2190.72
2190.79
2190.86
2190.93
2190.99
2191.06
2191.13
2191.2
2191.27
2191.34
2191.41
2191.49
2191.56
2191.63
2191.7
2191.78
2191.85
2191.93
2192
2192.08
2192.16
2192.23
2192.31
2192.39
2192.46
2192.54
2192.61
2192.69
2192.77
2192.85
2192.93
2193
2193.08
2193.16
2193.24
2193.32
2193.39
2193.47
2193.55
2193.63
2193.71
2193.79
2193.87
--- next_y
1917.83
1918.24
1918.65
1919.06
1919.47
1919.88
1920.29
1920.71
1921.13
1921.55
1921.96
1922.38
1922.81
1923.23
1923.65
1924.08
1924.5
1924.93
1925.36
1925.79
1926.22
1926.65
1927.09
1927.52
1927.95
1928.39
1928.83
1929.27
1929.7
1930.14
1930.58
1931.01
1931.44
1931.88
1932.31
1932.73
1933.16
1933.59
1934.02
1934.44
1934.86
1935.28
1935.7
1936.12
1936.54
1936.95
1937.37
1937.79
1938.2
1938.62
iteracion: 1225
--- next_x
2190.26
2190.33
2190.39
2190.46
2190.52
2190.59
2190.66
2190.72
2190.79
2190.86
2190.93
2190.99
2191.06
2191.13
2191.2
2191.27
2191.34
2191.41
2191.49
2191.56
2191.63
2191.7
2191.78
2191.85
2191.93
2192
2192.08
2192.16
2192.23
2192.31
2192.39
2192.46
2192.54
2192.61
2192.69
2192.77
2192.85
2192.93
2193
2193.08
2193.16
2193.24
2193.32
2193.39
2193.47
2193.55
2193.63
2193.72
2193.81
2193.9
--- next_y
1917.83
1918.24
1918.65
1919.06
1919.47
1919.88
1920.29
1920.71
1921.13
1921.55
1921.96
1922.38
1922.81
1923.23
1923.65
1924.08
1924.5
1924.93
1925.36
1925.79
1926.22
1926.65
1927.09
1927.52
1927.95
1928.39
1928.83
1929.27
1929.7
1930.14
1930.58
1931.01
1931.44
1931.88
1932.31
1932.73
1933.16
1933.59
1934.02
1934.44
1934.86
1935.28
1935.7
1936.12
1936.54
1936.95
1937.36
1937.77
1938.18
1938.59
iteracion: 1225
--- next_x
2190.26
2190.33
2190.39
2190.46
2190.52
2190.59
2190.66
2190.72
2190.79
2190.86
2190.93
2190.99
2191.06
2191.13
2191.2
2191.27
2191.34
2191.41
2191.49
2191.56
2191.63
2191.7
2191.78
2191.85
2191.93
2192
2192.08
2192.16
2192.23
2192.31
2192.39
2192.46
2192.54
2192.61
2192.69
2192.77
2192.85
2192.93
2193
2193.08
2193.16
2193.24
2193.32
2193.39
2193.47
2193.55
2193.62
2193.7
2193.76
2193.83
--- next_y
1917.83
1918.24
1918.65
1919.06
1919.47
1919.88
1920.29
1920.71
1921.13
1921.55
1921.96
1922.38
1922.81
1923.23
1923.65
1924.08
1924.5
1924.93
1925.36
1925.79
1926.22
1926.65
1927.09
1927.52
1927.95
1928.39
1928.83
1929.27
1929.7
1930.14
1930.58
1931.01
1931.44
1931.88
1932.31
1932.73
1933.16
1933.59
1934.02
1934.44
1934.86
1935.28
1935.7
1936.12
1936.54
1936.95
1937.37
1937.78
1938.19
1938.61
