iteracion: 701
--- next_x
1829.14
1829.49
1829.83
1830.17
1830.51
1830.85
1831.19
1831.52
1831.86
1832.2
1832.54
1832.88
1833.21
1833.55
1833.88
1834.22
1834.55
1834.88
1835.22
1835.55
1835.88
1836.21
1836.55
1836.87
1837.2
1837.53
1837.86
1838.18
1838.51
1838.84
1839.16
1839.49
1839.81
1840.13
1840.46
1840.78
1841.1
1841.42
1841.74
1842.06
1842.38
1842.7
1843.02
1843.34
1843.65
1843.97
1844.29
1844.6
1844.92
1845.24
--- next_y
1140.86
1140.88
1140.91
1140.93
1140.95
1140.98
1141
1141.03
1141.05
1141.08
1141.1
1141.12
1141.15
1141.18
1141.2
1141.23
1141.26
1141.28
1141.31
1141.34
1141.36
1141.39
1141.42
1141.45
1141.48
1141.51
1141.54
1141.57
1141.6
1141.63
1141.66
1141.69
1141.72
1141.75
1141.79
1141.82
1141.85
1141.88
1141.91
1141.95
1141.98
1142.01
1142.04
1142.07
1142.11
1142.14
1142.17
1142.2
1142.23
1142.27
iteracion: 701
--- next_x
1829.14
1829.49
1829.83
1830.17
1830.51
1830.85
1831.19
1831.52
1831.86
1832.2
1832.54
1832.88
1833.21
1833.55
1833.88
1834.22
1834.55
1834.88
1835.22
1835.55
1835.88
1836.21
1836.55
1836.87
1837.2
1837.53
1837.86
1838.18
1838.51
1838.84
1839.16
1839.49
1839.81
1840.13
1840.46
1840.78
1841.1
1841.42
1841.74
1842.06
1842.38
1842.7
1843.02
1843.34
1843.65
1843.97
1844.29
1844.6
1844.92
1845.23
--- next_y
1140.86
1140.88
1140.91
1140.93
1140.95
1140.98
1141
1141.03
1141.05
1141.08
1141.1
1141.12
1141.15
1141.18
1141.2
1141.23
1141.26
1141.28
1141.31
1141.34
1141.36
1141.39
1141.42
1141.45
1141.48
1141.51
1141.54
1141.57
1141.6
1141.63
1141.66
1141.69
1141.72
1141.75
1141.79
1141.82
1141.85
1141.88
1141.91
1141.95
1141.98
1142.01
1142.04
1142.07
1142.11
1142.14
1142.17
1142.2
1142.22
1142.25
iteracion: 701
--- next_x
1829.14
1829.49
1829.83
1830.17
1830.51
1830.85
1831.19
1831.52
1831.86
1832.2
1832.54
1832.88
1833.21
1833.55
1833.88
1834.22
1834.55
1834.88
1835.22
1835.55
1835.88
1836.21
1836.55
1836.87
1837.2
1837.53
1837.86
1838.18
1838.51
1838.84
1839.16
1839.49
1839.81
1840.13
1840.46
1840.78
1841.1
1841.42
1841.74
1842.06
1842.38
1842.7
1843.02
1843.34
1843.65
1843.97
1844.28
1844.6
1844.91
1845.22
--- next_y
1140.86
1140.88
1140.91
1140.93
1140.95
1140.98
1141
1141.03
1141.05
1141.08
1141.1
1141.12
1141.15
1141.18
1141.2
1141.23
1141.26
1141.28
1141.31
1141.34
1141.36
1141.39
1141.42
1141.45
1141.48
1141.51
1141.54
1141.57
1141.6
1141.63
1141.66
1141.69
1141.72
1141.75
1141.79
1141.82
1141.85
1141.88
1141.91
1141.95
1141.98
1142.01
1142.04
1142.07
1142.11
1142.14
1142.17
1142.21
1142.24
1142.28
