iteracion: 1289
--- next_x
2163.2
2163.25
2163.31
2163.37
2163.43
2163.48
2163.54
2163.6
2163.66
2163.71
2163.77
2163.82
2163.88
2163.94
2163.99
2164.05
2164.1
2164.16
2164.21
2164.26
2164.32
2164.37
2164.43
2164.48
2164.53
2164.59
2164.64
2164.69
2164.75
2164.8
2164.85
2164.9
2164.96
2165.01
2165.06
2165.11
2165.16
2165.21
2165.26
2165.31
2165.36
2165.41
2165.46
2165.51
2165.56
2165.61
2165.66
2165.71
2165.76
2165.81
--- next_y
1723.94
1724.23
1724.52
1724.81
1725.1
1725.39
1725.67
1725.96
1726.25
1726.54
1726.82
1727.11
1727.39
1727.68
1727.96
1728.24
1728.53
1728.81
1729.09
1729.37
1729.65
1729.93
1730.21
1730.49
1730.77
1731.04
1731.32
1731.6
1731.88
1732.15
1732.43
1732.7
1732.98
1733.25
1733.52
1733.8
1734.07
1734.34
1734.61
1734.88
1735.15
1735.42
1735.69
1735.95
1736.22
1736.49
1736.75
1737.02
1737.29
1737.55
iteracion: 1289
--- next_x
2163.2
2163.25
2163.31
2163.37
2163.43
2163.48
2163.54
2163.6
2163.66
2163.71
2163.77
2163.82
2163.88
2163.94
2163.99
2164.05
2164.1
2164.16
2164.21
2164.26
2164.32
2164.37
2164.43
2164.48
2164.53
2164.59
2164.64
2164.69
2164.75
2164.8
2164.85
2164.9
2164.96
2165.01
2165.06
2165.11
2165.16
2165.21
2165.26
2165.31
2165.36
2165.41
2165.46
2165.51
2165.56
2165.61
2165.66
2165.71
2165.76
2165.81
--- next_y
1723.94
1724.23
1724.52
1724.81
1725.1
1725.39
1725.67
1725.96
1726.25
1726.54
1726.82
1727.11
1727.39
1727.68
1727.96
1728.24
1728.53
1728.81
1729.09
1729.37
1729.65
1729.93
1730.21
1730.49
1730.77
1731.04
1731.32
1731.6
1731.88
1732.15
1732.43
1732.7
1732.98
1733.25
1733.52
1733.8
1734.07
1734.34
1734.61
1734.88
1735.15
1735.42
1735.69
1735.95
1736.22
1736.49
1736.75
1737.02
1737.28
1737.55
iteracion: 1289
--- next_x
2163.2
2163.25
2163.31
2163.37
2163.43
2163.48
2163.54
2163.6
2163.66
2163.71
2163.77
2163.82
2163.88
2163.94
2163.99
2164.05
2164.1
2164.16
2164.21
2164.26
2164.32
2164.37
2164.43
2164.48
2164.53
2164.59
2164.64
2164.69
2164.75
2164.8
2164.85
2164.9
2164.96
2165.01
2165.06
2165.11
2165.16
2165.21
2165.26
2165.31
2165.36
2165.41
2165.46
2165.51
2165.56
2165.61
2165.66
2165.71
2165.75
2165.8
--- next_y
1723.94
1724.23
1724.52
1724.81
1725.1
1725.39
1725.67
1725.96
1726.25
1726.54
1726.82
1727.11
1727.39
1727.68
1727.96
1728.24
1728.53
1728.81
1729.09
1729.37
1729.65
1729.93
1730.21
1730.49
1730.77
1731.04
1731.32
1731.6
1731.88
1732.15
1732.43
1732.7
1732.98
1733.25
1733.52
1733.8
1734.07
1734.34
1734.61
1734.88
1735.15
1735.42
1735.69
1735.95
1736.22
1736.49
1736.75
1737.02
1737.28
1737.55
