iteracion: 1172
--- next_x
2130.32
2130.39
2130.45
2130.52
2130.58
2130.65
2130.71
2130.78
2130.84
2130.9
2130.97
2131.03
2131.09
2131.16
2131.22
2131.28
2131.34
2131.41
2131.47
2131.53
2131.59
2131.66
2131.72
2131.78
2131.84
2131.9
2131.97
2132.03
2132.09
2132.15
2132.21
2132.27
2132.33
2132.39
2132.45
2132.51
2132.57
2132.63
2132.69
2132.75
2132.81
2132.87
2132.93
2132.99
2133.05
2133.1
2133.16
2133.22
2133.28
2133.34
--- next_y
1570.78
1571.12
1571.46
1571.8
1572.14
1572.49
1572.83
1573.16
1573.5
1573.84
1574.18
1574.52
1574.86
1575.19
1575.53
1575.86
1576.19
1576.53
1576.86
1577.19
1577.52
1577.85
1578.18
1578.51
1578.84
1579.17
1579.5
1579.83
1580.15
1580.48
1580.8
1581.12
1581.45
1581.77
1582.1
1582.42
1582.74
1583.06
1583.38
1583.7
1584.02
1584.34
1584.66
1584.98
1585.3
1585.61
1585.93
1586.25
1586.57
1586.88
iteracion: 1172
--- next_x
2130.32
2130.39
2130.45
2130.52
2130.58
2130.65
2130.71
2130.78
2130.84
2130.9
2130.97
2131.03
2131.09
2131.16
2131.22
2131.28
2131.34
2131.41
2131.47
2131.53
2131.59
2131.66
2131.72
2131.78
2131.84
2131.9
2131.97
2132.03
2132.09
2132.15
2132.21
2132.27
2132.33
2132.39
2132.45
2132.51
2132.57
2132.63
2132.69
2132.75
2132.81
2132.87
2132.93
2132.99
2133.05
2133.1
2133.16
2133.22
2133.28
2133.34
--- next_y
1570.78
1571.12
1571.46
1571.8
1572.14
1572.49
1572.83
1573.16
1573.5
1573.84
1574.18
1574.52
1574.86
1575.19
1575.53
1575.86
1576.19
1576.53
1576.86
1577.19
1577.52
1577.85
1578.18
1578.51
1578.84
1579.17
1579.5
1579.83
1580.15
1580.48
1580.8
1581.12
1581.45
1581.77
1582.1
1582.42
1582.74
1583.06
1583.38
1583.7
1584.02
1584.34
1584.66
1584.98
1585.3
1585.61
1585.93
1586.25
1586.56
1586.87
iteracion: 1172
--- next_x
2130.32
2130.39
2130.45
2130.52
2130.58
2130.65
2130.71
2130.78
2130.84
2130.9
2130.97
2131.03
2131.09
2131.16
2131.22
2131.28
2131.34
2131.41
2131.47
2131.53
2131.59
2131.66
2131.72
2131.78
2131.84
2131.9
2131.97
2132.03
2132.09
2132.15
2132.21
2132.27
2132.33
2132.39
2132.45
2132.51
2132.57
2132.63
2132.69
2132.75
2132.81
2132.87
2132.93
2132.99
2133.05
2133.1
2133.16
2133.22
2133.27
2133.32
--- next_y
1570.78
1571.12
1571.46
1571.8
1572.14
1572.49
1572.83
1573.16
1573.5
1573.84
1574.18
1574.52
1574.86
1575.19
1575.53
1575.86
1576.19
1576.53
1576.86
1577.19
1577.52
1577.85
1578.18
1578.51
1578.84
1579.17
1579.5
1579.83
1580.15
1580.48
1580.8
1581.12
1581.45
1581.77
1582.1
1582.42
1582.74
1583.06
1583.38
1583.7
1584.02
1584.34
1584.66
1584.98
1585.3
1585.61
1585.93
1586.25
1586.56
1586.88
