iteracion: 1175
--- next_x
2130.97
2131.03
2131.09
2131.16
2131.22
2131.28
2131.34
2131.41
2131.47
2131.53
2131.59
2131.66
2131.72
2131.78
2131.84
2131.9
2131.97
2132.03
2132.09
2132.15
2132.21
2132.27
2132.33
2132.39
2132.45
2132.51
2132.57
2132.63
2132.69
2132.75
2132.81
2132.87
2132.93
2132.99
2133.05
2133.1
2133.16
2133.22
2133.28
2133.33
2133.39
2133.45
2133.5
2133.56
2133.62
2133.67
2133.73
2133.78
2133.84
2133.89
--- next_y
1574.18
1574.52
1574.86
1575.19
1575.53
1575.86
1576.19
1576.53
1576.86
1577.19
1577.52
1577.85
1578.18
1578.51
1578.84
1579.17
1579.5
1579.83
1580.15
1580.48
1580.8
1581.12
1581.45
1581.77
1582.1
1582.42
1582.74
1583.06
1583.38
1583.7
1584.02
1584.34
1584.66
1584.98
1585.3
1585.61
1585.93
1586.25
1586.56
1586.88
1587.19
1587.5
1587.82
1588.13
1588.44
1588.75
1589.06
1589.37
1589.68
1590
iteracion: 1175
--- next_x
2130.97
2131.03
2131.09
2131.16
2131.22
2131.28
2131.34
2131.41
2131.47
2131.53
2131.59
2131.66
2131.72
2131.78
2131.84
2131.9
2131.97
2132.03
2132.09
2132.15
2132.21
2132.27
2132.33
2132.39
2132.45
2132.51
2132.57
2132.63
2132.69
2132.75
2132.81
2132.87
2132.93
2132.99
2133.05
2133.1
2133.16
2133.22
2133.28
2133.33
2133.39
2133.45
2133.5
2133.56
2133.62
2133.67
2133.73
2133.78
2133.84
2133.9
--- next_y
1574.18
1574.52
1574.86
1575.19
1575.53
1575.86
1576.19
1576.53
1576.86
1577.19
1577.52
1577.85
1578.18
1578.51
1578.84
1579.17
1579.5
1579.83
1580.15
1580.48
1580.8
1581.12
1581.45
1581.77
1582.1
1582.42
1582.74
1583.06
1583.38
1583.7
1584.02
1584.34
1584.66
1584.98
1585.3
1585.61
1585.93
1586.25
1586.56
1586.88
1587.19
1587.5
1587.82
1588.13
1588.44
1588.75
1589.06
1589.37
1589.68
1589.99
iteracion: 1175
--- next_x
2130.97
2131.03
2131.09
2131.16
2131.22
2131.28
2131.34
2131.41
2131.47
2131.53
2131.59
2131.66
2131.72
2131.78
2131.84
2131.9
2131.97
2132.03
2132.09
2132.15
2132.21
2132.27
2132.33
2132.39
2132.45
2132.51
2132.57
2132.63
2132.69
2132.75
2132.81
2132.87
2132.93
2132.99
2133.05
2133.1
2133.16
2133.22
2133.28
2133.33
2133.39
2133.45
2133.5
2133.56
2133.62
2133.67
2133.73
2133.78
2133.83
2133.88
--- next_y
1574.18
1574.52
1574.86
1575.19
1575.53
1575.86
1576.19
1576.53
1576.86
1577.19
1577.52
1577.85
1578.18
1578.51
1578.84
1579.17
1579.5
1579.83
1580.15
1580.48
1580.8
1581.12
1581.45
1581.77
1582.1
1582.42
1582.74
1583.06
1583.38
1583.7
1584.02
1584.34
1584.66
1584.98
1585.3
1585.61
1585.93
1586.25
1586.56
1586.88
1587.19
1587.5
1587.82
1588.13
1588.44
1588.75
1589.06
1589.37
1589.68
1589.99
