iteracion: 1777
--- next_x
2277.71
2277.82
2277.92
2278.03
2278.14
2278.25
2278.36
2278.47
2278.58
2278.69
2278.8
2278.91
2279.01
2279.12
2279.23
2279.34
2279.45
2279.56
2279.67
2279.78
2279.89
2280
2280.11
2280.22
2280.33
2280.44
2280.55
2280.67
2280.78
2280.89
2281
2281.11
2281.22
2281.33
2281.44
2281.55
2281.66
2281.77
2281.88
2281.98
2282.09
2282.2
2282.31
2282.42
2282.53
2282.63
2282.74
2282.85
2282.96
2283.07
--- next_y
2313.93
2314.28
2314.64
2314.99
2315.34
2315.68
2316.03
2316.38
2316.73
2317.07
2317.42
2317.77
2318.11
2318.45
2318.8
2319.14
2319.48
2319.82
2320.16
2320.5
2320.84
2321.18
2321.51
2321.85
2322.19
2322.53
2322.86
2323.2
2323.53
2323.86
2324.2
2324.53
2324.86
2325.2
2325.53
2325.86
2326.19
2326.51
2326.84
2327.17
2327.5
2327.82
2328.15
2328.48
2328.8
2329.13
2329.45
2329.77
2330.1
2330.42
iteracion: 1777
--- next_x
2277.71
2277.82
2277.92
2278.03
2278.14
2278.25
2278.36
2278.47
2278.58
2278.69
2278.8
2278.91
2279.01
2279.12
2279.23
2279.34
2279.45
2279.56
2279.67
2279.78
2279.89
2280
2280.11
2280.22
2280.33
2280.44
2280.55
2280.67
2280.78
2280.89
2281
2281.11
2281.22
2281.33
2281.44
2281.55
2281.66
2281.77
2281.88
2281.98
2282.09
2282.2
2282.31
2282.42
2282.53
2282.63
2282.74
2282.85
2282.96
2283.08
--- next_y
2313.93
2314.28
2314.64
2314.99
2315.34
2315.68
2316.03
2316.38
2316.73
2317.07
2317.42
2317.77
2318.11
2318.45
2318.8
2319.14
2319.48
2319.82
2320.16
2320.5
2320.84
2321.18
2321.51
2321.85
2322.19
2322.53
2322.86
2323.2
2323.53
2323.86
2324.2
2324.53
2324.86
2325.2
2325.53
2325.86
2326.19
2326.51
2326.84
2327.17
2327.5
2327.82
2328.15
2328.48
2328.8
2329.13
2329.45
2329.77
2330.09
2330.41
iteracion: 1777
--- next_x
2277.71
2277.82
2277.92
2278.03
2278.14
2278.25
2278.36
2278.47
2278.58
2278.69
2278.8
2278.91
2279.01
2279.12
2279.23
2279.34
2279.45
2279.56
2279.67
2279.78
2279.89
2280
2280.11
2280.22
2280.33
2280.44
2280.55
2280.67
2280.78
2280.89
2281
2281.11
2281.22
2281.33
2281.44
2281.55
2281.66
2281.77
2281.88
2281.98
2282.09
2282.2
2282.31
2282.42
2282.53
2282.63
2282.74
2282.85
2282.95
2283.05
--- next_y
2313.93
2314.28
2314.64
2314.99
2315.34
2315.68
2316.03
2316.38
2316.73
2317.07
2317.42
2317.77
2318.11
2318.45
2318.8
2319.14
2319.48
2319.82
2320.16
2320.5
2320.84
2321.18
2321.51
2321.85
2322.19
2322.53
2322.86
2323.2
2323.53
2323.86
2324.2
2324.53
2324.86
2325.2
2325.53
2325.86
2326.19
2326.51
2326.84
2327.17
2327.5
2327.82
2328.15
2328.48
2328.8
2329.13
2329.45
2329.77
2330.1
2330.42
