iteracion: 881
--- next_x
2020.12
2020.37
2020.62
2020.87
2021.12
2021.36
2021.61
2021.85
2022.1
2022.34
2022.58
2022.82
2023.06
2023.29
2023.53
2023.76
2023.99
2024.23
2024.46
2024.69
2024.92
2025.15
2025.38
2025.61
2025.83
2026.06
2026.28
2026.5
2026.72
2026.95
2027.17
2027.39
2027.61
2027.82
2028.04
2028.25
2028.47
2028.68
2028.89
2029.11
2029.32
2029.53
2029.74
2029.95
2030.16
2030.37
2030.57
2030.78
2030.99
2031.19
--- next_y
1215.95
1216.25
1216.56
1216.87
1217.18
1217.48
1217.79
1218.1
1218.41
1218.72
1219.03
1219.33
1219.64
1219.95
1220.26
1220.57
1220.88
1221.19
1221.5
1221.81
1222.12
1222.43
1222.74
1223.05
1223.36
1223.67
1223.97
1224.28
1224.59
1224.9
1225.21
1225.52
1225.83
1226.13
1226.44
1226.75
1227.05
1227.36
1227.67
1227.97
1228.28
1228.59
1228.89
1229.19
1229.5
1229.81
1230.11
1230.42
1230.72
1231.03
iteracion: 881
--- next_x
2020.12
2020.37
2020.62
2020.87
2021.12
2021.36
2021.61
2021.85
2022.1
2022.34
2022.58
2022.82
2023.06
2023.29
2023.53
2023.76
2023.99
2024.23
2024.46
2024.69
2024.92
2025.15
2025.38
2025.61
2025.83
2026.06
2026.28
2026.5
2026.72
2026.95
2027.17
2027.39
2027.61
2027.82
2028.04
2028.25
2028.47
2028.68
2028.89
2029.11
2029.32
2029.53
2029.74
2029.95
2030.16
2030.37
2030.58
2030.79
2031
2031.21
--- next_y
1215.95
1216.25
1216.56
1216.87
1217.18
1217.48
1217.79
1218.1
1218.41
1218.72
1219.03
1219.33
1219.64
1219.95
1220.26
1220.57
1220.88
1221.19
1221.5
1221.81
1222.12
1222.43
1222.74
1223.05
1223.36
1223.67
1223.97
1224.28
1224.59
1224.9
1225.21
1225.52
1225.83
1226.13
1226.44
1226.75
1227.05
1227.36
1227.67
1227.97
1228.28
1228.59
1228.89
1229.19
1229.5
1229.81
1230.11
1230.41
1230.71
1231.01
iteracion: 881
--- next_x
2020.12
2020.37
2020.62
2020.87
2021.12
2021.36
2021.61
2021.85
2022.1
2022.34
2022.58
2022.82
2023.06
2023.29
2023.53
2023.76
2023.99
2024.23
2024.46
2024.69
2024.92
2025.15
2025.38
2025.61
2025.83
2026.06
2026.28
2026.5
2026.72
2026.95
2027.17
2027.39
2027.61
2027.82
2028.04
2028.25
2028.47
2028.68
2028.89
2029.11
2029.32
2029.53
2029.74
2029.95
2030.16
2030.37
2030.57
2030.77
2030.97
2031.16
--- next_y
1215.95
1216.25
1216.56
1216.87
1217.18
1217.48
1217.79
1218.1
1218.41
1218.72
1219.03
1219.33
1219.64
1219.95
1220.26
1220.57
1220.88
1221.19
1221.5
1221.81
1222.12
1222.43
1222.74
1223.05
1223.36
1223.67
1223.97
1224.28
1224.59
1224.9
1225.21
1225.52
1225.83
1226.13
1226.44
1226.75
1227.05
1227.36
1227.67
1227.97
1228.28
1228.59
1228.89
1229.19
1229.5
1229.81
1230.11
1230.41
1230.71
1231.02
