iteracion: 1947
--- next_x
2330.16
2330.23
2330.3
2330.36
2330.43
2330.49
2330.56
2330.63
2330.7
2330.76
2330.83
2330.9
2330.97
2331.04
2331.11
2331.17
2331.24
2331.31
2331.38
2331.45
2331.51
2331.58
2331.65
2331.72
2331.79
2331.85
2331.92
2331.99
2332.05
2332.12
2332.18
2332.25
2332.31
2332.38
2332.44
2332.5
2332.56
2332.62
2332.69
2332.75
2332.81
2332.87
2332.93
2332.99
2333.05
2333.11
2333.16
2333.22
2333.28
2333.33
--- next_y
2512.82
2513.17
2513.52
2513.87
2514.22
2514.57
2514.93
2515.28
2515.64
2516
2516.36
2516.73
2517.09
2517.45
2517.82
2518.19
2518.55
2518.92
2519.29
2519.67
2520.04
2520.41
2520.78
2521.15
2521.52
2521.89
2522.26
2522.62
2522.99
2523.36
2523.72
2524.09
2524.45
2524.82
2525.18
2525.55
2525.91
2526.27
2526.63
2526.99
2527.35
2527.71
2528.07
2528.43
2528.79
2529.15
2529.51
2529.86
2530.22
2530.58
iteracion: 1947
--- next_x
2330.16
2330.23
2330.3
2330.36
2330.43
2330.49
2330.56
2330.63
2330.7
2330.76
2330.83
2330.9
2330.97
2331.04
2331.11
2331.17
2331.24
2331.31
2331.38
2331.45
2331.51
2331.58
2331.65
2331.72
2331.79
2331.85
2331.92
2331.99
2332.05
2332.12
2332.18
2332.25
2332.31
2332.38
2332.44
2332.5
2332.56
2332.62
2332.69
2332.75
2332.81
2332.87
2332.93
2332.99
2333.05
2333.11
2333.17
2333.23
2333.29
2333.36
--- next_y
2512.82
2513.17
2513.52
2513.87
2514.22
2514.57
2514.93
2515.28
2515.64
2516
2516.36
2516.73
2517.09
2517.45
2517.82
2518.19
2518.55
2518.92
2519.29
2519.67
2520.04
2520.41
2520.78
2521.15
2521.52
2521.89
2522.26
2522.62
2522.99
2523.36
2523.72
2524.09
2524.45
2524.82
2525.18
2525.55
2525.91
2526.27
2526.63
2526.99
2527.35
2527.71
2528.07
2528.43
2528.79
2529.15
2529.5
2529.86
2530.22
2530.57
iteracion: 1947
--- next_x
2330.16
2330.23
2330.3
2330.36
2330.43
2330.49
2330.56
2330.63
2330.7
2330.76
2330.83
2330.9
2330.97
2331.04
2331.11
2331.17
2331.24
2331.31
2331.38
2331.45
2331.51
2331.58
2331.65
2331.72
2331.79
2331.85
2331.92
2331.99
2332.05
2332.12
2332.18
2332.25
2332.31
2332.38
2332.44
2332.5
2332.56
2332.62
2332.69
2332.75
2332.81
2332.87
2332.93
2332.99
2333.05
2333.11
2333.16
2333.21
2333.26
2333.31
--- next_y
2512.82
2513.17
2513.52
2513.87
2514.22
2514.57
2514.93
2515.28
2515.64
2516
2516.36
2516.73
2517.09
2517.45
2517.82
2518.19
2518.55
2518.92
2519.29
2519.67
2520.04
2520.41
2520.78
2521.15
2521.52
2521.89
2522.26
2522.62
2522.99
2523.36
2523.72
2524.09
2524.45
2524.82
2525.18
2525.55
2525.91
2526.27
2526.63
2526.99
2527.35
2527.71
2528.07
2528.43
2528.79
2529.15
2529.5
2529.85
2530.21
2530.56
