iteracion: 3930
--- next_x
201.07
201.184
201.298
201.411
201.525
201.638
201.752
201.865
201.977
202.09
202.203
202.315
202.428
202.54
202.652
202.764
202.876
202.988
203.098
203.209
203.32
203.431
203.542
203.652
203.762
203.872
203.982
204.091
204.201
204.31
204.419
204.527
204.636
204.744
204.851
204.959
205.067
205.175
205.282
205.389
205.497
205.604
205.71
205.817
205.923
206.029
206.136
206.242
206.349
206.456
--- next_y
1910.91
1910.65
1910.4
1910.16
1909.91
1909.66
1909.41
1909.17
1908.92
1908.67
1908.43
1908.18
1907.94
1907.7
1907.45
1907.21
1906.97
1906.73
1906.49
1906.25
1906.01
1905.77
1905.53
1905.29
1905.06
1904.82
1904.58
1904.35
1904.11
1903.88
1903.65
1903.41
1903.18
1902.95
1902.72
1902.49
1902.26
1902.03
1901.8
1901.57
1901.34
1901.11
1900.89
1900.66
1900.43
1900.21
1899.98
1899.76
1899.53
1899.3
iteracion: 3930
--- next_x
201.07
201.184
201.298
201.411
201.525
201.638
201.752
201.865
201.977
202.09
202.203
202.315
202.428
202.54
202.652
202.764
202.876
202.988
203.098
203.209
203.32
203.431
203.542
203.652
203.762
203.872
203.982
204.091
204.201
204.31
204.419
204.527
204.636
204.744
204.851
204.959
205.067
205.175
205.282
205.389
205.497
205.604
205.71
205.817
205.923
206.029
206.134
206.239
206.342
206.445
--- next_y
1910.91
1910.65
1910.4
1910.16
1909.91
1909.66
1909.41
1909.17
1908.92
1908.67
1908.43
1908.18
1907.94
1907.7
1907.45
1907.21
1906.97
1906.73
1906.49
1906.25
1906.01
1905.77
1905.53
1905.29
1905.06
1904.82
1904.58
1904.35
1904.11
1903.88
1903.65
1903.41
1903.18
1902.95
1902.72
1902.49
1902.26
1902.03
1901.8
1901.57
1901.34
1901.11
1900.89
1900.66
1900.43
1900.21
1899.98
1899.76
1899.53
1899.3
iteracion: 3930
--- next_x
201.07
201.184
201.298
201.411
201.525
201.638
201.752
201.865
201.977
202.09
202.203
202.315
202.428
202.54
202.652
202.764
202.876
202.988
203.098
203.209
203.32
203.431
203.542
203.652
203.762
203.872
203.982
204.091
204.201
204.31
204.419
204.527
204.636
204.744
204.851
204.959
205.067
205.175
205.282
205.389
205.497
205.604
205.71
205.817
205.923
206.029
206.136
206.243
206.351
206.46
--- next_y
1910.91
1910.65
1910.4
1910.16
1909.91
1909.66
1909.41
1909.17
1908.92
1908.67
1908.43
1908.18
1907.94
1907.7
1907.45
1907.21
1906.97
1906.73
1906.49
1906.25
1906.01
1905.77
1905.53
1905.29
1905.06
1904.82
1904.58
1904.35
1904.11
1903.88
1903.65
1903.41
1903.18
1902.95
1902.72
1902.49
1902.26
1902.03
1901.8
1901.57
1901.34
1901.11
1900.89
1900.66
1900.43
1900.21
1899.98
1899.76
1899.54
1899.31
