iteracion: 3997
--- next_x
239.143
239.324
239.505
239.686
239.866
240.046
240.226
240.406
240.586
240.764
240.943
241.122
241.301
241.479
241.657
241.835
242.012
242.19
242.367
242.544
242.72
242.897
243.074
243.25
243.425
243.601
243.777
243.951
244.126
244.3
244.475
244.649
244.823
244.996
245.17
245.343
245.516
245.688
245.86
246.031
246.202
246.372
246.542
246.711
246.88
247.048
247.217
247.385
247.552
247.72
--- next_y
1830.68
1830.3
1829.92
1829.54
1829.16
1828.78
1828.4
1828.03
1827.65
1827.27
1826.9
1826.52
1826.14
1825.77
1825.39
1825.02
1824.65
1824.27
1823.9
1823.53
1823.16
1822.78
1822.41
1822.04
1821.67
1821.3
1820.93
1820.56
1820.2
1819.83
1819.46
1819.09
1818.73
1818.36
1817.99
1817.63
1817.27
1816.9
1816.54
1816.18
1815.81
1815.45
1815.09
1814.73
1814.37
1814.01
1813.65
1813.29
1812.92
1812.56
iteracion: 3997
--- next_x
239.143
239.324
239.505
239.686
239.866
240.046
240.226
240.406
240.586
240.764
240.943
241.122
241.301
241.479
241.657
241.835
242.012
242.19
242.367
242.544
242.72
242.897
243.074
243.25
243.425
243.601
243.777
243.951
244.126
244.3
244.475
244.649
244.823
244.996
245.17
245.343
245.516
245.688
245.86
246.031
246.202
246.372
246.542
246.711
246.88
247.048
247.211
247.371
247.527
247.68
--- next_y
1830.68
1830.3
1829.92
1829.54
1829.16
1828.78
1828.4
1828.03
1827.65
1827.27
1826.9
1826.52
1826.14
1825.77
1825.39
1825.02
1824.65
1824.27
1823.9
1823.53
1823.16
1822.78
1822.41
1822.04
1821.67
1821.3
1820.93
1820.56
1820.2
1819.83
1819.46
1819.09
1818.73
1818.36
1817.99
1817.63
1817.27
1816.9
1816.54
1816.18
1815.81
1815.45
1815.09
1814.73
1814.37
1814.01
1813.65
1813.29
1812.93
1812.57
iteracion: 3997
--- next_x
239.143
239.324
239.505
239.686
239.866
240.046
240.226
240.406
240.586
240.764
240.943
241.122
241.301
241.479
241.657
241.835
242.012
242.19
242.367
242.544
242.72
242.897
243.074
243.25
243.425
243.601
243.777
243.951
244.126
244.3
244.475
244.649
244.823
244.996
245.17
245.343
245.516
245.688
245.86
246.031
246.202
246.372
246.542
246.711
246.88
247.048
247.218
247.39
247.566
247.744
--- next_y
1830.68
1830.3
1829.92
1829.54
1829.16
1828.78
1828.4
1828.03
1827.65
1827.27
1826.9
1826.52
1826.14
1825.77
1825.39
1825.02
1824.65
1824.27
1823.9
1823.53
1823.16
1822.78
1822.41
1822.04
1821.67
1821.3
1820.93
1820.56
1820.2
1819.83
1819.46
1819.09
1818.73
1818.36
1817.99
1817.63
1817.27
1816.9
1816.54
1816.18
1815.81
1815.45
1815.09
1814.73
1814.37
1814.01
1813.65
1813.3
1812.94
1812.59
