iteracion: 907
--- next_x
2040.91
2041.08
2041.25
2041.41
2041.57
2041.74
2041.9
2042.06
2042.22
2042.38
2042.54
2042.7
2042.86
2043.02
2043.18
2043.34
2043.49
2043.65
2043.8
2043.96
2044.11
2044.27
2044.42
2044.57
2044.72
2044.88
2045.03
2045.18
2045.33
2045.48
2045.63
2045.78
2045.93
2046.08
2046.23
2046.38
2046.52
2046.67
2046.82
2046.96
2047.11
2047.25
2047.39
2047.54
2047.68
2047.82
2047.97
2048.11
2048.25
2048.39
--- next_y
1246.83
1247.12
1247.41
1247.7
1247.99
1248.28
1248.58
1248.86
1249.15
1249.44
1249.73
1250.02
1250.3
1250.59
1250.88
1251.16
1251.45
1251.74
1252.02
1252.31
1252.59
1252.88
1253.16
1253.44
1253.73
1254.01
1254.3
1254.58
1254.86
1255.14
1255.42
1255.7
1255.98
1256.26
1256.54
1256.82
1257.1
1257.38
1257.65
1257.93
1258.21
1258.48
1258.76
1259.03
1259.31
1259.58
1259.86
1260.14
1260.41
1260.69
iteracion: 907
--- next_x
2040.91
2041.08
2041.25
2041.41
2041.57
2041.74
2041.9
2042.06
2042.22
2042.38
2042.54
2042.7
2042.86
2043.02
2043.18
2043.34
2043.49
2043.65
2043.8
2043.96
2044.11
2044.27
2044.42
2044.57
2044.72
2044.88
2045.03
2045.18
2045.33
2045.48
2045.63
2045.78
2045.93
2046.08
2046.23
2046.38
2046.52
2046.67
2046.82
2046.96
2047.11
2047.25
2047.39
2047.54
2047.68
2047.82
2047.97
2048.12
2048.26
2048.41
--- next_y
1246.83
1247.12
1247.41
1247.7
1247.99
1248.28
1248.58
1248.86
1249.15
1249.44
1249.73
1250.02
1250.3
1250.59
1250.88
1251.16
1251.45
1251.74
1252.02
1252.31
1252.59
1252.88
1253.16
1253.44
1253.73
1254.01
1254.3
1254.58
1254.86
1255.14
1255.42
1255.7
1255.98
1256.26
1256.54
1256.82
1257.1
1257.38
1257.65
1257.93
1258.21
1258.48
1258.76
1259.03
1259.31
1259.58
1259.86
1260.13
1260.4
1260.67
iteracion: 907
--- next_x
2040.91
2041.08
2041.25
2041.41
2041.57
2041.74
2041.9
2042.06
2042.22
2042.38
2042.54
2042.7
2042.86
2043.02
2043.18
2043.34
2043.49
2043.65
2043.8
2043.96
2044.11
2044.27
2044.42
2044.57
2044.72
2044.88
2045.03
2045.18
2045.33
2045.48
2045.63
2045.78
2045.93
2046.08
2046.23
2046.38
2046.52
2046.67
2046.82
2046.96
2047.11
2047.25
2047.39
2047.54
2047.68
2047.82
2047.96
2048.1
2048.23
2048.36
--- next_y
1246.83
1247.12
1247.41
1247.7
1247.99
1248.28
1248.58
1248.86
1249.15
1249.44
1249.73
1250.02
1250.3
1250.59
1250.88
1251.16
1251.45
1251.74
1252.02
1252.31
1252.59
1252.88
1253.16
1253.44
1253.73
1254.01
1254.3
1254.58
1254.86
1255.14
1255.42
1255.7
1255.98
1256.26
1256.54
1256.82
1257.1
1257.38
1257.65
1257.93
1258.21
1258.48
1258.76
1259.03
1259.31
1259.58
1259.85
1260.13
1260.4
1260.68
