iteracion: 1582
--- next_x
2224.49
2224.58
2224.68
2224.78
2224.87
2224.97
2225.07
2225.16
2225.26
2225.35
2225.45
2225.54
2225.64
2225.74
2225.83
2225.93
2226.02
2226.12
2226.21
2226.31
2226.4
2226.5
2226.59
2226.68
2226.78
2226.87
2226.97
2227.06
2227.15
2227.25
2227.34
2227.43
2227.53
2227.62
2227.71
2227.8
2227.9
2227.99
2228.08
2228.17
2228.26
2228.36
2228.45
2228.54
2228.63
2228.72
2228.81
2228.9
2229
2229.09
--- next_y
2084.78
2085.11
2085.44
2085.76
2086.09
2086.41
2086.74
2087.07
2087.39
2087.71
2088.03
2088.35
2088.67
2088.99
2089.32
2089.63
2089.95
2090.27
2090.59
2090.9
2091.22
2091.54
2091.85
2092.16
2092.48
2092.79
2093.1
2093.41
2093.72
2094.03
2094.34
2094.65
2094.96
2095.27
2095.57
2095.88
2096.19
2096.49
2096.8
2097.1
2097.4
2097.7
2098.01
2098.31
2098.61
2098.91
2099.21
2099.51
2099.81
2100.11
iteracion: 1582
--- next_x
2224.49
2224.58
2224.68
2224.78
2224.87
2224.97
2225.07
2225.16
2225.26
2225.35
2225.45
2225.54
2225.64
2225.74
2225.83
2225.93
2226.02
2226.12
2226.21
2226.31
2226.4
2226.5
2226.59
2226.68
2226.78
2226.87
2226.97
2227.06
2227.15
2227.25
2227.34
2227.43
2227.53
2227.62
2227.71
2227.8
2227.9
2227.99
2228.08
2228.17
2228.26
2228.36
2228.45
2228.54
2228.63
2228.72
2228.81
2228.91
2229
2229.1
--- next_y
2084.78
2085.11
2085.44
2085.76
2086.09
2086.41
2086.74
2087.07
2087.39
2087.71
2088.03
2088.35
2088.67
2088.99
2089.32
2089.63
2089.95
2090.27
2090.59
2090.9
2091.22
2091.54
2091.85
2092.16
2092.48
2092.79
2093.1
2093.41
2093.72
2094.03
2094.34
2094.65
2094.96
2095.27
2095.57
2095.88
2096.19
2096.49
2096.8
2097.1
2097.4
2097.7
2098.01
2098.31
2098.61
2098.91
2099.2
2099.5
2099.8
2100.09
iteracion: 1582
--- next_x
2224.49
2224.58
2224.68
2224.78
2224.87
2224.97
2225.07
2225.16
2225.26
2225.35
2225.45
2225.54
2225.64
2225.74
2225.83
2225.93
2226.02
2226.12
2226.21
2226.31
2226.4
2226.5
2226.59
2226.68
2226.78
2226.87
2226.97
2227.06
2227.15
2227.25
2227.34
2227.43
2227.53
2227.62
2227.71
2227.8
2227.9
2227.99
2228.08
2228.17
2228.26
2228.36
2228.45
2228.54
2228.63
2228.72
2228.81
2228.9
2228.98
2229.07
--- next_y
2084.78
2085.11
2085.44
2085.76
2086.09
2086.41
2086.74
2087.07
2087.39
2087.71
2088.03
2088.35
2088.67
2088.99
2089.32
2089.63
2089.95
2090.27
2090.59
2090.9
2091.22
2091.54
2091.85
2092.16
2092.48
2092.79
2093.1
2093.41
2093.72
2094.03
2094.34
2094.65
2094.96
2095.27
2095.57
2095.88
2096.19
2096.49
2096.8
2097.1
2097.4
2097.7
2098.01
2098.31
2098.61
2098.91
2099.21
2099.5
2099.8
2100.1
