iteracion: 1768
--- next_x
2274.19
2274.29
2274.39
2274.48
2274.58
2274.68
2274.78
2274.88
2274.98
2275.08
2275.18
2275.28
2275.39
2275.49
2275.59
2275.69
2275.8
2275.9
2276.01
2276.11
2276.22
2276.32
2276.43
2276.53
2276.64
2276.74
2276.85
2276.95
2277.06
2277.17
2277.27
2277.38
2277.49
2277.6
2277.71
2277.82
2277.92
2278.03
2278.14
2278.25
2278.36
2278.47
2278.58
2278.69
2278.8
2278.91
2279.01
2279.12
2279.23
2279.34
--- next_y
2301.56
2301.93
2302.31
2302.68
2303.06
2303.43
2303.8
2304.17
2304.55
2304.91
2305.28
2305.65
2306.02
2306.39
2306.75
2307.12
2307.48
2307.85
2308.21
2308.57
2308.93
2309.3
2309.66
2310.01
2310.37
2310.73
2311.09
2311.45
2311.8
2312.16
2312.51
2312.87
2313.22
2313.58
2313.93
2314.28
2314.64
2314.99
2315.34
2315.68
2316.03
2316.38
2316.73
2317.07
2317.42
2317.77
2318.11
2318.46
2318.8
2319.15
iteracion: 1768
--- next_x
2274.19
2274.29
2274.39
2274.48
2274.58
2274.68
2274.78
2274.88
2274.98
2275.08
2275.18
2275.28
2275.39
2275.49
2275.59
2275.69
2275.8
2275.9
2276.01
2276.11
2276.22
2276.32
2276.43
2276.53
2276.64
2276.74
2276.85
2276.95
2277.06
2277.17
2277.27
2277.38
2277.49
2277.6
2277.71
2277.82
2277.92
2278.03
2278.14
2278.25
2278.36
2278.47
2278.58
2278.69
2278.8
2278.91
2279.02
2279.13
2279.24
2279.36
--- next_y
2301.56
2301.93
2302.31
2302.68
2303.06
2303.43
2303.8
2304.17
2304.55
2304.91
2305.28
2305.65
2306.02
2306.39
2306.75
2307.12
2307.48
2307.85
2308.21
2308.57
2308.93
2309.3
2309.66
2310.01
2310.37
2310.73
2311.09
2311.45
2311.8
2312.16
2312.51
2312.87
2313.22
2313.58
2313.93
2314.28
2314.64
2314.99
2315.34
2315.68
2316.03
2316.38
2316.73
2317.07
2317.42
2317.77
2318.11
2318.45
2318.78
2319.12
iteracion: 1768
--- next_x
2274.19
2274.29
2274.39
2274.48
2274.58
2274.68
2274.78
2274.88
2274.98
2275.08
2275.18
2275.28
2275.39
2275.49
2275.59
2275.69
2275.8
2275.9
2276.01
2276.11
2276.22
2276.32
2276.43
2276.53
2276.64
2276.74
2276.85
2276.95
2277.06
2277.17
2277.27
2277.38
2277.49
2277.6
2277.71
2277.82
2277.92
2278.03
2278.14
2278.25
2278.36
2278.47
2278.58
2278.69
2278.8
2278.91
2279.01
2279.12
2279.22
2279.32
--- next_y
2301.56
2301.93
2302.31
2302.68
2303.06
2303.43
2303.8
2304.17
2304.55
2304.91
2305.28
2305.65
2306.02
2306.39
2306.75
2307.12
2307.48
2307.85
2308.21
2308.57
2308.93
2309.3
2309.66
2310.01
2310.37
2310.73
2311.09
2311.45
2311.8
2312.16
2312.51
2312.87
2313.22
2313.58
2313.93
2314.28
2314.64
2314.99
2315.34
2315.68
2316.03
2316.38
2316.73
2317.07
2317.42
2317.77
2318.11
2318.45
2318.8
2319.15
