iteracion: 1040
--- next_x
2098.04
2098.15
2098.26
2098.38
2098.49
2098.6
2098.71
2098.82
2098.93
2099.04
2099.15
2099.26
2099.37
2099.48
2099.59
2099.7
2099.81
2099.92
2100.03
2100.14
2100.24
2100.35
2100.46
2100.57
2100.68
2100.79
2100.9
2101
2101.11
2101.22
2101.33
2101.44
2101.55
2101.65
2101.76
2101.86
2101.97
2102.07
2102.18
2102.28
2102.39
2102.49
2102.59
2102.69
2102.79
2102.89
2102.99
2103.09
2103.19
2103.28
--- next_y
1397.21
1397.6
1397.98
1398.36
1398.74
1399.12
1399.5
1399.88
1400.26
1400.64
1401.02
1401.39
1401.77
1402.15
1402.52
1402.9
1403.27
1403.65
1404.02
1404.39
1404.77
1405.14
1405.51
1405.88
1406.25
1406.62
1406.99
1407.36
1407.73
1408.09
1408.46
1408.83
1409.19
1409.56
1409.92
1410.28
1410.64
1411.01
1411.37
1411.73
1412.09
1412.45
1412.81
1413.17
1413.53
1413.88
1414.24
1414.6
1414.96
1415.32
iteracion: 1040
--- next_x
2098.04
2098.15
2098.26
2098.38
2098.49
2098.6
2098.71
2098.82
2098.93
2099.04
2099.15
2099.26
2099.37
2099.48
2099.59
2099.7
2099.81
2099.92
2100.03
2100.14
2100.24
2100.35
2100.46
2100.57
2100.68
2100.79
2100.9
2101
2101.11
2101.22
2101.33
2101.44
2101.55
2101.65
2101.76
2101.86
2101.97
2102.07
2102.18
2102.28
2102.39
2102.49
2102.59
2102.69
2102.79
2102.89
2102.99
2103.09
2103.19
2103.3
--- next_y
1397.21
1397.6
1397.98
1398.36
1398.74
1399.12
1399.5
1399.88
1400.26
1400.64
1401.02
1401.39
1401.77
1402.15
1402.52
1402.9
1403.27
1403.65
1404.02
1404.39
1404.77
1405.14
1405.51
1405.88
1406.25
1406.62
1406.99
1407.36
1407.73
1408.09
1408.46
1408.83
1409.19
1409.56
1409.92
1410.28
1410.64
1411.01
1411.37
1411.73
1412.09
1412.45
1412.81
1413.17
1413.53
1413.88
1414.24
1414.6
1414.96
1415.31
iteracion: 1040
--- next_x
2098.04
2098.15
2098.26
2098.38
2098.49
2098.6
2098.71
2098.82
2098.93
2099.04
2099.15
2099.26
2099.37
2099.48
2099.59
2099.7
2099.81
2099.92
2100.03
2100.14
2100.24
2100.35
2100.46
2100.57
2100.68
2100.79
2100.9
2101
2101.11
2101.22
2101.33
2101.44
2101.55
2101.65
2101.76
2101.86
2101.97
2102.07
2102.18
2102.28
2102.39
2102.49
2102.59
2102.69
2102.79
2102.89
2102.99
2103.08
2103.18
2103.26
--- next_y
1397.21
1397.6
1397.98
1398.36
1398.74
1399.12
1399.5
1399.88
1400.26
1400.64
1401.02
1401.39
1401.77
1402.15
1402.52
1402.9
1403.27
1403.65
1404.02
1404.39
1404.77
1405.14
1405.51
1405.88
1406.25
1406.62
1406.99
1407.36
1407.73
1408.09
1408.46
1408.83
1409.19
1409.56
1409.92
1410.28
1410.64
1411.01
1411.37
1411.73
1412.09
1412.45
1412.81
1413.17
1413.53
1413.88
1414.24
1414.6
1414.95
1415.31
