iteracion: 395
--- next_x
1442.98
1443.24
1443.51
1443.77
1444.03
1444.3
1444.56
1444.82
1445.08
1445.34
1445.6
1445.85
1446.11
1446.37
1446.62
1446.88
1447.13
1447.39
1447.64
1447.89
1448.15
1448.4
1448.65
1448.9
1449.15
1449.4
1449.65
1449.9
1450.15
1450.4
1450.64
1450.89
1451.14
1451.38
1451.63
1451.87
1452.12
1452.36
1452.6
1452.84
1453.08
1453.32
1453.56
1453.8
1454.04
1454.28
1454.52
1454.76
1455
1455.24
--- next_y
1171.09
1171.05
1171.02
1170.98
1170.94
1170.91
1170.87
1170.84
1170.8
1170.77
1170.73
1170.69
1170.66
1170.62
1170.59
1170.55
1170.52
1170.48
1170.45
1170.41
1170.38
1170.34
1170.31
1170.27
1170.24
1170.2
1170.17
1170.13
1170.1
1170.07
1170.04
1170
1169.97
1169.94
1169.9
1169.87
1169.84
1169.81
1169.77
1169.74
1169.71
1169.68
1169.64
1169.61
1169.58
1169.55
1169.52
1169.49
1169.45
1169.42
iteracion: 395
--- next_x
1442.98
1443.24
1443.51
1443.77
1444.03
1444.3
1444.56
1444.82
1445.08
1445.34
1445.6
1445.85
1446.11
1446.37
1446.62
1446.88
1447.13
1447.39
1447.64
1447.89
1448.15
1448.4
1448.65
1448.9
1449.15
1449.4
1449.65
1449.9
1450.15
1450.4
1450.64
1450.89
1451.14
1451.38
1451.63
1451.87
1452.12
1452.36
1452.6
1452.84
1453.08
1453.32
1453.56
1453.8
1454.04
1454.28
1454.52
1454.75
1454.99
1455.23
--- next_y
1171.09
1171.05
1171.02
1170.98
1170.94
1170.91
1170.87
1170.84
1170.8
1170.77
1170.73
1170.69
1170.66
1170.62
1170.59
1170.55
1170.52
1170.48
1170.45
1170.41
1170.38
1170.34
1170.31
1170.27
1170.24
1170.2
1170.17
1170.13
1170.1
1170.07
1170.04
1170
1169.97
1169.94
1169.9
1169.87
1169.84
1169.81
1169.77
1169.74
1169.71
1169.68
1169.64
1169.61
1169.58
1169.55
1169.52
1169.48
1169.45
1169.41
iteracion: 395
--- next_x
1442.98
1443.24
1443.51
1443.77
1444.03
1444.3
1444.56
1444.82
1445.08
1445.34
1445.6
1445.85
1446.11
1446.37
1446.62
1446.88
1447.13
1447.39
1447.64
1447.89
1448.15
1448.4
1448.65
1448.9
1449.15
1449.4
1449.65
1449.9
1450.15
1450.4
1450.64
1450.89
1451.14
1451.38
1451.63
1451.87
1452.12
1452.36
1452.6
1452.84
1453.08
1453.32
1453.56
1453.8
1454.04
1454.28
1454.52
1454.75
1454.99
1455.23
--- next_y
1171.09
1171.05
1171.02
1170.98
1170.94
1170.91
1170.87
1170.84
1170.8
1170.77
1170.73
1170.69
1170.66
1170.62
1170.59
1170.55
1170.52
1170.48
1170.45
1170.41
1170.38
1170.34
1170.31
1170.27
1170.24
1170.2
1170.17
1170.13
1170.1
1170.07
1170.04
1170
1169.97
1169.94
1169.9
1169.87
1169.84
1169.81
1169.77
1169.74
1169.71
1169.68
1169.64
1169.61
1169.58
1169.55
1169.52
1169.49
1169.46
1169.43
