iteracion: 3771
--- next_x
151.836
151.834
151.833
151.833
151.833
151.832
151.833
151.833
151.834
151.834
151.836
151.837
151.839
151.84
151.842
151.845
151.847
151.849
151.852
151.855
151.858
151.861
151.864
151.868
151.871
151.875
151.879
151.883
151.887
151.891
151.895
151.9
151.904
151.909
151.913
151.918
151.923
151.928
151.933
151.938
151.943
151.948
151.953
151.958
151.964
151.969
151.974
151.98
151.985
151.991
--- next_y
2155.01
2154.57
2154.13
2153.68
2153.24
2152.8
2152.35
2151.91
2151.47
2151.02
2150.58
2150.14
2149.69
2149.25
2148.8
2148.36
2147.92
2147.47
2147.03
2146.59
2146.14
2145.7
2145.26
2144.81
2144.37
2143.92
2143.48
2143.04
2142.59
2142.15
2141.71
2141.26
2140.82
2140.38
2139.93
2139.49
2139.05
2138.6
2138.16
2137.72
2137.27
2136.83
2136.38
2135.94
2135.5
2135.05
2134.61
2134.17
2133.72
2133.28
iteracion: 3771
--- next_x
151.836
151.834
151.833
151.833
151.833
151.832
151.833
151.833
151.834
151.834
151.836
151.837
151.839
151.84
151.842
151.845
151.847
151.849
151.852
151.855
151.858
151.861
151.864
151.868
151.871
151.875
151.879
151.883
151.887
151.891
151.895
151.9
151.904
151.909
151.913
151.918
151.923
151.928
151.933
151.938
151.943
151.948
151.953
151.958
151.964
151.969
151.978
151.992
152.011
152.034
--- next_y
2155.01
2154.57
2154.13
2153.68
2153.24
2152.8
2152.35
2151.91
2151.47
2151.02
2150.58
2150.14
2149.69
2149.25
2148.8
2148.36
2147.92
2147.47
2147.03
2146.59
2146.14
2145.7
2145.26
2144.81
2144.37
2143.92
2143.48
2143.04
2142.59
2142.15
2141.71
2141.26
2140.82
2140.38
2139.93
2139.49
2139.05
2138.6
2138.16
2137.72
2137.27
2136.83
2136.38
2135.94
2135.5
2135.05
2134.62
2134.18
2133.74
2133.3
