iteracion: 1148
--- next_x
2124.16
2124.23
2124.29
2124.35
2124.41
2124.47
2124.54
2124.6
2124.66
2124.73
2124.79
2124.86
2124.92
2124.99
2125.05
2125.11
2125.18
2125.25
2125.31
2125.38
2125.44
2125.51
2125.58
2125.64
2125.71
2125.78
2125.85
2125.91
2125.98
2126.05
2126.12
2126.19
2126.26
2126.33
2126.4
2126.47
2126.54
2126.61
2126.68
2126.75
2126.82
2126.89
2126.97
2127.04
2127.11
2127.18
2127.25
2127.32
2127.39
2127.46
--- next_y
1538.46
1538.79
1539.12
1539.45
1539.78
1540.12
1540.45
1540.79
1541.12
1541.46
1541.8
1542.14
1542.48
1542.83
1543.17
1543.51
1543.86
1544.21
1544.56
1544.9
1545.25
1545.6
1545.96
1546.31
1546.66
1547.02
1547.38
1547.73
1548.09
1548.45
1548.82
1549.18
1549.54
1549.91
1550.28
1550.65
1551.01
1551.39
1551.76
1552.13
1552.51
1552.88
1553.25
1553.62
1553.99
1554.36
1554.73
1555.1
1555.47
1555.84
iteracion: 1148
--- next_x
2124.16
2124.23
2124.29
2124.35
2124.41
2124.47
2124.54
2124.6
2124.66
2124.73
2124.79
2124.86
2124.92
2124.99
2125.05
2125.11
2125.18
2125.25
2125.31
2125.38
2125.44
2125.51
2125.58
2125.64
2125.71
2125.78
2125.85
2125.91
2125.98
2126.05
2126.12
2126.19
2126.26
2126.33
2126.4
2126.47
2126.54
2126.61
2126.68
2126.75
2126.82
2126.89
2126.97
2127.04
2127.11
2127.18
2127.25
2127.33
2127.4
2127.49
--- next_y
1538.46
1538.79
1539.12
1539.45
1539.78
1540.12
1540.45
1540.79
1541.12
1541.46
1541.8
1542.14
1542.48
1542.83
1543.17
1543.51
1543.86
1544.21
1544.56
1544.9
1545.25
1545.6
1545.96
1546.31
1546.66
1547.02
1547.38
1547.73
1548.09
1548.45
1548.82
1549.18
1549.54
1549.91
1550.28
1550.65
1551.01
1551.39
1551.76
1552.13
1552.51
1552.88
1553.25
1553.62
1553.99
1554.36
1554.73
1555.09
1555.46
1555.82
iteracion: 1148
--- next_x
2124.16
2124.23
2124.29
2124.35
2124.41
2124.47
2124.54
2124.6
2124.66
2124.73
2124.79
2124.86
2124.92
2124.99
2125.05
2125.11
2125.18
2125.25
2125.31
2125.38
2125.44
2125.51
2125.58
2125.64
2125.71
2125.78
2125.85
2125.91
2125.98
2126.05
2126.12
2126.19
2126.26
2126.33
2126.4
2126.47
2126.54
2126.61
2126.68
2126.75
2126.82
2126.89
2126.97
2127.04
2127.11
2127.18
2127.25
2127.31
2127.38
2127.44
--- next_y
1538.46
1538.79
1539.12
1539.45
1539.78
1540.12
1540.45
1540.79
1541.12
1541.46
1541.8
1542.14
1542.48
1542.83
1543.17
1543.51
1543.86
1544.21
1544.56
1544.9
1545.25
1545.6
1545.96
1546.31
1546.66
1547.02
1547.38
1547.73
1548.09
1548.45
1548.82
1549.18
1549.54
1549.91
1550.28
1550.65
1551.01
1551.39
1551.76
1552.13
1552.51
1552.88
1553.25
1553.62
1553.99
1554.36
1554.73
1555.1
1555.46
1555.83
