iteracion: 318
--- next_x
1337.94
1338.37
1338.81
1339.25
1339.68
1340.12
1340.55
1340.99
1341.42
1341.86
1342.29
1342.72
1343.16
1343.59
1344.02
1344.45
1344.88
1345.31
1345.74
1346.17
1346.59
1347.02
1347.45
1347.87
1348.3
1348.72
1349.15
1349.57
1350
1350.42
1350.84
1351.26
1351.68
1352.1
1352.52
1352.94
1353.36
1353.77
1354.19
1354.61
1355.02
1355.44
1355.86
1356.27
1356.68
1357.1
1357.51
1357.93
1358.34
1358.76
--- next_y
1182.62
1182.58
1182.53
1182.49
1182.45
1182.4
1182.36
1182.32
1182.28
1182.23
1182.19
1182.15
1182.11
1182.06
1182.02
1181.98
1181.94
1181.9
1181.86
1181.82
1181.78
1181.73
1181.69
1181.65
1181.61
1181.57
1181.53
1181.49
1181.45
1181.41
1181.38
1181.34
1181.3
1181.26
1181.22
1181.18
1181.14
1181.1
1181.06
1181.03
1180.99
1180.95
1180.91
1180.87
1180.83
1180.79
1180.75
1180.71
1180.68
1180.64
iteracion: 318
--- next_x
1337.94
1338.37
1338.81
1339.25
1339.68
1340.12
1340.55
1340.99
1341.42
1341.86
1342.29
1342.72
1343.16
1343.59
1344.02
1344.45
1344.88
1345.31
1345.74
1346.17
1346.59
1347.02
1347.45
1347.87
1348.3
1348.72
1349.15
1349.57
1350
1350.42
1350.84
1351.26
1351.68
1352.1
1352.52
1352.94
1353.36
1353.77
1354.19
1354.61
1355.02
1355.44
1355.86
1356.27
1356.68
1357.1
1357.51
1357.92
1358.33
1358.73
--- next_y
1182.62
1182.58
1182.53
1182.49
1182.45
1182.4
1182.36
1182.32
1182.28
1182.23
1182.19
1182.15
1182.11
1182.06
1182.02
1181.98
1181.94
1181.9
1181.86
1181.82
1181.78
1181.73
1181.69
1181.65
1181.61
1181.57
1181.53
1181.49
1181.45
1181.41
1181.38
1181.34
1181.3
1181.26
1181.22
1181.18
1181.14
1181.1
1181.06
1181.03
1180.99
1180.95
1180.91
1180.87
1180.83
1180.79
1180.75
1180.7
1180.65
1180.6
iteracion: 318
--- next_x
1337.94
1338.37
1338.81
1339.25
1339.68
1340.12
1340.55
1340.99
1341.42
1341.86
1342.29
1342.72
1343.16
1343.59
1344.02
1344.45
1344.88
1345.31
1345.74
1346.17
1346.59
1347.02
1347.45
1347.87
1348.3
1348.72
1349.15
1349.57
1350
1350.42
1350.84
1351.26
1351.68
1352.1
1352.52
1352.94
1353.36
1353.77
1354.19
1354.61
1355.02
1355.44
1355.86
1356.27
1356.68
1357.1
1357.51
1357.92
1358.33
1358.74
--- next_y
1182.62
1182.58
1182.53
1182.49
1182.45
1182.4
1182.36
1182.32
1182.28
1182.23
1182.19
1182.15
1182.11
1182.06
1182.02
1181.98
1181.94
1181.9
1181.86
1181.82
1181.78
1181.73
1181.69
1181.65
1181.61
1181.57
1181.53
1181.49
1181.45
1181.41
1181.38
1181.34
1181.3
1181.26
1181.22
1181.18
1181.14
1181.1
1181.06
1181.03
1180.99
1180.95
1180.91
1180.87
1180.83
1180.79
1180.76
1180.73
1180.7
1180.68
