iteracion: 2051
--- next_x
2337.99
2337.99
2337.99
2338
2338
2338.01
2338.01
2338.02
2338.02
2338.03
2338.03
2338.04
2338.05
2338.05
2338.06
2338.07
2338.07
2338.08
2338.09
2338.09
2338.1
2338.11
2338.11
2338.12
2338.13
2338.14
2338.14
2338.15
2338.16
2338.16
2338.17
2338.18
2338.19
2338.2
2338.2
2338.21
2338.22
2338.23
2338.24
2338.24
2338.25
2338.26
2338.27
2338.28
2338.29
2338.3
2338.31
2338.32
2338.33
2338.34
--- next_y
2640.53
2640.94
2641.35
2641.76
2642.17
2642.58
2642.98
2643.39
2643.8
2644.2
2644.61
2645.01
2645.41
2645.82
2646.22
2646.62
2647.03
2647.43
2647.83
2648.23
2648.63
2649.03
2649.43
2649.82
2650.22
2650.61
2651.01
2651.41
2651.8
2652.19
2652.58
2652.98
2653.37
2653.76
2654.15
2654.54
2654.93
2655.32
2655.7
2656.09
2656.47
2656.86
2657.25
2657.63
2658.01
2658.4
2658.78
2659.17
2659.55
2659.93
iteracion: 2051
--- next_x
2337.99
2337.99
2337.99
2338
2338
2338.01
2338.01
2338.02
2338.02
2338.03
2338.03
2338.04
2338.05
2338.05
2338.06
2338.07
2338.07
2338.08
2338.09
2338.09
2338.1
2338.11
2338.11
2338.12
2338.13
2338.14
2338.14
2338.15
2338.16
2338.16
2338.17
2338.18
2338.19
2338.2
2338.2
2338.21
2338.22
2338.23
2338.24
2338.24
2338.25
2338.26
2338.27
2338.28
2338.29
2338.3
2338.31
2338.32
2338.33
2338.35
--- next_y
2640.53
2640.94
2641.35
2641.76
2642.17
2642.58
2642.98
2643.39
2643.8
2644.2
2644.61
2645.01
2645.41
2645.82
2646.22
2646.62
2647.03
2647.43
2647.83
2648.23
2648.63
2649.03
2649.43
2649.82
2650.22
2650.61
2651.01
2651.41
2651.8
2652.19
2652.58
2652.98
2653.37
2653.76
2654.15
2654.54
2654.93
2655.32
2655.7
2656.09
2656.47
2656.86
2657.25
2657.63
2658.01
2658.4
2658.78
2659.16
2659.54
2659.92
iteracion: 2051
--- next_x
2337.99
2337.99
2337.99
2338
2338
2338.01
2338.01
2338.02
2338.02
2338.03
2338.03
2338.04
2338.05
2338.05
2338.06
2338.07
2338.07
2338.08
2338.09
2338.09
2338.1
2338.11
2338.11
2338.12
2338.13
2338.14
2338.14
2338.15
2338.16
2338.16
2338.17
2338.18
2338.19
2338.2
2338.2
2338.21
2338.22
2338.23
2338.24
2338.24
2338.25
2338.26
2338.27
2338.28
2338.29
2338.3
2338.31
2338.31
2338.32
2338.32
--- next_y
2640.53
2640.94
2641.35
2641.76
2642.17
2642.58
2642.98
2643.39
2643.8
2644.2
2644.61
2645.01
2645.41
2645.82
2646.22
2646.62
2647.03
2647.43
2647.83
2648.23
2648.63
2649.03
2649.43
2649.82
2650.22
2650.61
2651.01
2651.41
2651.8
2652.19
2652.58
2652.98
2653.37
2653.76
2654.15
2654.54
2654.93
2655.32
2655.7
2656.09
2656.47
2656.86
2657.25
2657.63
2658.01
2658.4
2658.78
2659.16
2659.54
2659.92
