iteracion: 672
--- next_x
1784.88
1785.29
1785.7
1786.1
1786.51
1786.91
1787.32
1787.72
1788.13
1788.53
1788.93
1789.34
1789.74
1790.14
1790.54
1790.94
1791.34
1791.74
1792.14
1792.53
1792.93
1793.33
1793.72
1794.12
1794.51
1794.9
1795.3
1795.69
1796.08
1796.47
1796.86
1797.25
1797.64
1798.03
1798.42
1798.81
1799.2
1799.59
1799.97
1800.36
1800.75
1801.13
1801.52
1801.9
1802.28
1802.67
1803.05
1803.44
1803.82
1804.2
--- next_y
1140.99
1140.97
1140.95
1140.92
1140.9
1140.88
1140.86
1140.84
1140.82
1140.8
1140.78
1140.76
1140.73
1140.71
1140.69
1140.67
1140.65
1140.63
1140.61
1140.59
1140.57
1140.55
1140.53
1140.51
1140.49
1140.47
1140.45
1140.44
1140.42
1140.4
1140.38
1140.36
1140.35
1140.33
1140.32
1140.3
1140.28
1140.27
1140.26
1140.24
1140.23
1140.22
1140.21
1140.2
1140.18
1140.17
1140.16
1140.16
1140.15
1140.14
iteracion: 672
--- next_x
1784.88
1785.29
1785.7
1786.1
1786.51
1786.91
1787.32
1787.72
1788.13
1788.53
1788.93
1789.34
1789.74
1790.14
1790.54
1790.94
1791.34
1791.74
1792.14
1792.53
1792.93
1793.33
1793.72
1794.12
1794.51
1794.9
1795.3
1795.69
1796.08
1796.47
1796.86
1797.25
1797.64
1798.03
1798.42
1798.81
1799.2
1799.59
1799.97
1800.36
1800.75
1801.13
1801.52
1801.9
1802.28
1802.67
1803.05
1803.43
1803.82
1804.2
--- next_y
1140.99
1140.97
1140.95
1140.92
1140.9
1140.88
1140.86
1140.84
1140.82
1140.8
1140.78
1140.76
1140.73
1140.71
1140.69
1140.67
1140.65
1140.63
1140.61
1140.59
1140.57
1140.55
1140.53
1140.51
1140.49
1140.47
1140.45
1140.44
1140.42
1140.4
1140.38
1140.36
1140.35
1140.33
1140.32
1140.3
1140.28
1140.27
1140.26
1140.24
1140.23
1140.22
1140.21
1140.2
1140.18
1140.17
1140.16
1140.14
1140.12
1140.1
iteracion: 672
--- next_x
1784.88
1785.29
1785.7
1786.1
1786.51
1786.91
1787.32
1787.72
1788.13
1788.53
1788.93
1789.34
1789.74
1790.14
1790.54
1790.94
1791.34
1791.74
1792.14
1792.53
1792.93
1793.33
1793.72
1794.12
1794.51
1794.9
1795.3
1795.69
1796.08
1796.47
1796.86
1797.25
1797.64
1798.03
1798.42
1798.81
1799.2
1799.59
1799.97
1800.36
1800.75
1801.13
1801.52
1801.9
1802.28
1802.66
1803.04
1803.41
1803.79
1804.17
--- next_y
1140.99
1140.97
1140.95
1140.92
1140.9
1140.88
1140.86
1140.84
1140.82
1140.8
1140.78
1140.76
1140.73
1140.71
1140.69
1140.67
1140.65
1140.63
1140.61
1140.59
1140.57
1140.55
1140.53
1140.51
1140.49
1140.47
1140.45
1140.44
1140.42
1140.4
1140.38
1140.36
1140.35
1140.33
1140.32
1140.3
1140.28
1140.27
1140.26
1140.24
1140.23
1140.22
1140.21
1140.2
1140.18
1140.18
1140.17
1140.17
1140.18
1140.18
