iteracion: 1337
--- next_x
2227.65
2227.75
2227.85
2227.95
2228.05
2228.14
2228.24
2228.34
2228.43
2228.53
2228.62
2228.72
2228.82
2228.91
2229.01
2229.1
2229.2
2229.29
2229.39
2229.48
2229.57
2229.66
2229.76
2229.85
2229.94
2230.03
2230.12
2230.21
2230.3
2230.4
2230.49
2230.58
2230.67
2230.76
2230.85
2230.94
2231.03
2231.12
2231.21
2231.3
2231.39
2231.48
2231.57
2231.66
2231.74
2231.83
2231.92
2232.01
2232.1
2232.19
--- next_y
2095.56
2095.88
2096.2
2096.53
2096.84
2097.16
2097.48
2097.79
2098.11
2098.42
2098.74
2099.05
2099.36
2099.67
2099.97
2100.28
2100.59
2100.9
2101.2
2101.51
2101.81
2102.11
2102.42
2102.72
2103.02
2103.32
2103.62
2103.92
2104.22
2104.51
2104.81
2105.1
2105.39
2105.69
2105.98
2106.28
2106.56
2106.85
2107.14
2107.43
2107.72
2108
2108.29
2108.57
2108.85
2109.14
2109.42
2109.7
2109.99
2110.27
iteracion: 1337
--- next_x
2227.65
2227.75
2227.85
2227.95
2228.05
2228.14
2228.24
2228.34
2228.43
2228.53
2228.62
2228.72
2228.82
2228.91
2229.01
2229.1
2229.2
2229.29
2229.39
2229.48
2229.57
2229.66
2229.76
2229.85
2229.94
2230.03
2230.12
2230.21
2230.3
2230.4
2230.49
2230.58
2230.67
2230.76
2230.85
2230.94
2231.03
2231.12
2231.21
2231.3
2231.39
2231.48
2231.57
2231.66
2231.74
2231.83
2231.92
2232.01
2232.11
2232.2
--- next_y
2095.56
2095.88
2096.2
2096.53
2096.84
2097.16
2097.48
2097.79
2098.11
2098.42
2098.74
2099.05
2099.36
2099.67
2099.97
2100.28
2100.59
2100.9
2101.2
2101.51
2101.81
2102.11
2102.42
2102.72
2103.02
2103.32
2103.62
2103.92
2104.22
2104.51
2104.81
2105.1
2105.39
2105.69
2105.98
2106.28
2106.56
2106.85
2107.14
2107.43
2107.72
2108
2108.29
2108.57
2108.85
2109.14
2109.42
2109.7
2109.98
2110.26
iteracion: 1337
--- next_x
2227.65
2227.75
2227.85
2227.95
2228.05
2228.14
2228.24
2228.34
2228.43
2228.53
2228.62
2228.72
2228.82
2228.91
2229.01
2229.1
2229.2
2229.29
2229.39
2229.48
2229.57
2229.66
2229.76
2229.85
2229.94
2230.03
2230.12
2230.21
2230.3
2230.4
2230.49
2230.58
2230.67
2230.76
2230.85
2230.94
2231.03
2231.12
2231.21
2231.3
2231.39
2231.48
2231.57
2231.66
2231.74
2231.83
2231.92
2232.01
2232.09
2232.17
--- next_y
2095.56
2095.88
2096.2
2096.53
2096.84
2097.16
2097.48
2097.79
2098.11
2098.42
2098.74
2099.05
2099.36
2099.67
2099.97
2100.28
2100.59
2100.9
2101.2
2101.51
2101.81
2102.11
2102.42
2102.72
2103.02
2103.32
2103.62
2103.92
2104.22
2104.51
2104.81
2105.1
2105.39
2105.69
2105.98
2106.28
2106.56
2106.85
2107.14
2107.43
2107.72
2108
2108.29
2108.57
2108.85
2109.14
2109.42
2109.7
2109.98
2110.26
