iteracion: 1665
--- next_x
2251.31
2251.39
2251.47
2251.55
2251.64
2251.72
2251.79
2251.87
2251.95
2252.03
2252.11
2252.19
2252.27
2252.34
2252.42
2252.5
2252.58
2252.65
2252.73
2252.81
2252.88
2252.96
2253.03
2253.11
2253.18
2253.26
2253.34
2253.41
2253.49
2253.56
2253.64
2253.71
2253.79
2253.86
2253.94
2254.01
2254.08
2254.16
2254.23
2254.31
2254.38
2254.46
2254.53
2254.6
2254.68
2254.75
2254.82
2254.89
2254.97
2255.04
--- next_y
2183.25
2183.62
2183.99
2184.36
2184.73
2185.1
2185.47
2185.83
2186.2
2186.57
2186.93
2187.3
2187.67
2188.03
2188.39
2188.76
2189.12
2189.48
2189.85
2190.21
2190.57
2190.93
2191.29
2191.65
2192.01
2192.36
2192.72
2193.08
2193.43
2193.79
2194.14
2194.5
2194.85
2195.2
2195.55
2195.9
2196.25
2196.6
2196.95
2197.3
2197.65
2198
2198.34
2198.69
2199.04
2199.38
2199.73
2200.08
2200.42
2200.77
iteracion: 1665
--- next_x
2251.31
2251.39
2251.47
2251.55
2251.64
2251.72
2251.79
2251.87
2251.95
2252.03
2252.11
2252.19
2252.27
2252.34
2252.42
2252.5
2252.58
2252.65
2252.73
2252.81
2252.88
2252.96
2253.03
2253.11
2253.18
2253.26
2253.34
2253.41
2253.49
2253.56
2253.64
2253.71
2253.79
2253.86
2253.94
2254.01
2254.08
2254.16
2254.23
2254.31
2254.38
2254.46
2254.53
2254.6
2254.68
2254.75
2254.83
2254.91
2254.99
2255.07
--- next_y
2183.25
2183.62
2183.99
2184.36
2184.73
2185.1
2185.47
2185.83
2186.2
2186.57
2186.93
2187.3
2187.67
2188.03
2188.39
2188.76
2189.12
2189.48
2189.85
2190.21
2190.57
2190.93
2191.29
2191.65
2192.01
2192.36
2192.72
2193.08
2193.43
2193.79
2194.14
2194.5
2194.85
2195.2
2195.55
2195.9
2196.25
2196.6
2196.95
2197.3
2197.65
2198
2198.34
2198.69
2199.04
2199.38
2199.72
2200.06
2200.41
2200.75
iteracion: 1665
--- next_x
2251.31
2251.39
2251.47
2251.55
2251.64
2251.72
2251.79
2251.87
2251.95
2252.03
2252.11
2252.19
2252.27
2252.34
2252.42
2252.5
2252.58
2252.65
2252.73
2252.81
2252.88
2252.96
2253.03
2253.11
2253.18
2253.26
2253.34
2253.41
2253.49
2253.56
2253.64
2253.71
2253.79
2253.86
2253.94
2254.01
2254.08
2254.16
2254.23
2254.31
2254.38
2254.46
2254.53
2254.6
2254.68
2254.75
2254.81
2254.88
2254.94
2255
--- next_y
2183.25
2183.62
2183.99
2184.36
2184.73
2185.1
2185.47
2185.83
2186.2
2186.57
2186.93
2187.3
2187.67
2188.03
2188.39
2188.76
2189.12
2189.48
2189.85
2190.21
2190.57
2190.93
2191.29
2191.65
2192.01
2192.36
2192.72
2193.08
2193.43
2193.79
2194.14
2194.5
2194.85
2195.2
2195.55
2195.9
2196.25
2196.6
2196.95
2197.3
2197.65
2198
2198.34
2198.69
2199.04
2199.38
2199.72
2200.07
2200.41
2200.75
