iteracion: 1751
--- next_x
2269.51
2269.57
2269.62
2269.68
2269.74
2269.8
2269.86
2269.92
2269.98
2270.04
2270.1
2270.16
2270.23
2270.29
2270.35
2270.41
2270.48
2270.54
2270.61
2270.67
2270.74
2270.8
2270.87
2270.94
2271.01
2271.07
2271.14
2271.21
2271.28
2271.35
2271.43
2271.5
2271.57
2271.64
2271.72
2271.79
2271.87
2271.95
2272.02
2272.1
2272.18
2272.26
2272.34
2272.42
2272.5
2272.58
2272.67
2272.75
2272.83
2272.92
--- next_y
2279.18
2279.51
2279.83
2280.15
2280.48
2280.8
2281.13
2281.46
2281.79
2282.12
2282.45
2282.79
2283.12
2283.46
2283.8
2284.14
2284.47
2284.81
2285.16
2285.5
2285.85
2286.19
2286.54
2286.89
2287.24
2287.59
2287.94
2288.29
2288.65
2289
2289.35
2289.71
2290.07
2290.42
2290.78
2291.15
2291.51
2291.87
2292.24
2292.6
2292.97
2293.34
2293.71
2294.08
2294.45
2294.82
2295.19
2295.56
2295.93
2296.3
iteracion: 1751
--- next_x
2269.51
2269.57
2269.62
2269.68
2269.74
2269.8
2269.86
2269.92
2269.98
2270.04
2270.1
2270.16
2270.23
2270.29
2270.35
2270.41
2270.48
2270.54
2270.61
2270.67
2270.74
2270.8
2270.87
2270.94
2271.01
2271.07
2271.14
2271.21
2271.28
2271.35
2271.43
2271.5
2271.57
2271.64
2271.72
2271.79
2271.87
2271.95
2272.02
2272.1
2272.18
2272.26
2272.34
2272.42
2272.5
2272.58
2272.67
2272.75
2272.84
2272.94
--- next_y
2279.18
2279.51
2279.83
2280.15
2280.48
2280.8
2281.13
2281.46
2281.79
2282.12
2282.45
2282.79
2283.12
2283.46
2283.8
2284.14
2284.47
2284.81
2285.16
2285.5
2285.85
2286.19
2286.54
2286.89
2287.24
2287.59
2287.94
2288.29
2288.65
2289
2289.35
2289.71
2290.07
2290.42
2290.78
2291.15
2291.51
2291.87
2292.24
2292.6
2292.97
2293.34
2293.71
2294.08
2294.45
2294.82
2295.18
2295.54
2295.9
2296.27
iteracion: 1751
--- next_x
2269.51
2269.57
2269.62
2269.68
2269.74
2269.8
2269.86
2269.92
2269.98
2270.04
2270.1
2270.16
2270.23
2270.29
2270.35
2270.41
2270.48
2270.54
2270.61
2270.67
2270.74
2270.8
2270.87
2270.94
2271.01
2271.07
2271.14
2271.21
2271.28
2271.35
2271.43
2271.5
2271.57
2271.64
2271.72
2271.79
2271.87
2271.95
2272.02
2272.1
2272.18
2272.26
2272.34
2272.42
2272.5
2272.58
2272.66
2272.74
2272.82
2272.89
--- next_y
2279.18
2279.51
2279.83
2280.15
2280.48
2280.8
2281.13
2281.46
2281.79
2282.12
2282.45
2282.79
2283.12
2283.46
2283.8
2284.14
2284.47
2284.81
2285.16
2285.5
2285.85
2286.19
2286.54
2286.89
2287.24
2287.59
2287.94
2288.29
2288.65
2289
2289.35
2289.71
2290.07
2290.42
2290.78
2291.15
2291.51
2291.87
2292.24
2292.6
2292.97
2293.34
2293.71
2294.08
2294.45
2294.82
2295.19
2295.56
2295.93
2296.3
