iteracion: 899
--- next_x
2035.47
2035.66
2035.85
2036.03
2036.21
2036.4
2036.58
2036.76
2036.94
2037.12
2037.3
2037.48
2037.66
2037.84
2038.02
2038.19
2038.37
2038.54
2038.71
2038.89
2039.06
2039.23
2039.4
2039.57
2039.74
2039.91
2040.08
2040.25
2040.42
2040.58
2040.75
2040.91
2041.08
2041.25
2041.41
2041.57
2041.74
2041.9
2042.06
2042.22
2042.38
2042.54
2042.7
2042.86
2043.02
2043.18
2043.34
2043.49
2043.65
2043.81
--- next_y
1237.65
1237.95
1238.25
1238.55
1238.85
1239.15
1239.45
1239.75
1240.05
1240.34
1240.64
1240.94
1241.24
1241.53
1241.83
1242.13
1242.42
1242.72
1243.02
1243.31
1243.61
1243.9
1244.2
1244.49
1244.79
1245.08
1245.37
1245.66
1245.96
1246.25
1246.54
1246.83
1247.12
1247.41
1247.7
1247.99
1248.28
1248.58
1248.86
1249.15
1249.44
1249.73
1250.02
1250.3
1250.59
1250.88
1251.17
1251.46
1251.74
1252.03
iteracion: 899
--- next_x
2035.47
2035.66
2035.85
2036.03
2036.21
2036.4
2036.58
2036.76
2036.94
2037.12
2037.3
2037.48
2037.66
2037.84
2038.02
2038.19
2038.37
2038.54
2038.71
2038.89
2039.06
2039.23
2039.4
2039.57
2039.74
2039.91
2040.08
2040.25
2040.42
2040.58
2040.75
2040.91
2041.08
2041.25
2041.41
2041.57
2041.74
2041.9
2042.06
2042.22
2042.38
2042.54
2042.7
2042.86
2043.02
2043.18
2043.34
2043.5
2043.67
2043.83
--- next_y
1237.65
1237.95
1238.25
1238.55
1238.85
1239.15
1239.45
1239.75
1240.05
1240.34
1240.64
1240.94
1241.24
1241.53
1241.83
1242.13
1242.42
1242.72
1243.02
1243.31
1243.61
1243.9
1244.2
1244.49
1244.79
1245.08
1245.37
1245.66
1245.96
1246.25
1246.54
1246.83
1247.12
1247.41
1247.7
1247.99
1248.28
1248.58
1248.86
1249.15
1249.44
1249.73
1250.02
1250.3
1250.59
1250.88
1251.16
1251.45
1251.73
1252.02
iteracion: 899
--- next_x
2035.47
2035.66
2035.85
2036.03
2036.21
2036.4
2036.58
2036.76
2036.94
2037.12
2037.3
2037.48
2037.66
2037.84
2038.02
2038.19
2038.37
2038.54
2038.71
2038.89
2039.06
2039.23
2039.4
2039.57
2039.74
2039.91
2040.08
2040.25
2040.42
2040.58
2040.75
2040.91
2041.08
2041.25
2041.41
2041.57
2041.74
2041.9
2042.06
2042.22
2042.38
2042.54
2042.7
2042.86
2043.02
2043.17
2043.33
2043.48
2043.63
2043.78
--- next_y
1237.65
1237.95
1238.25
1238.55
1238.85
1239.15
1239.45
1239.75
1240.05
1240.34
1240.64
1240.94
1241.24
1241.53
1241.83
1242.13
1242.42
1242.72
1243.02
1243.31
1243.61
1243.9
1244.2
1244.49
1244.79
1245.08
1245.37
1245.66
1245.96
1246.25
1246.54
1246.83
1247.12
1247.41
1247.7
1247.99
1248.28
1248.58
1248.86
1249.15
1249.44
1249.73
1250.02
1250.3
1250.59
1250.88
1251.16
1251.45
1251.74
1252.02
