iteracion: 1441
--- next_x
2188.21
2188.26
2188.3
2188.34
2188.38
2188.42
2188.46
2188.5
2188.54
2188.59
2188.63
2188.67
2188.71
2188.76
2188.8
2188.84
2188.89
2188.93
2188.97
2189.01
2189.06
2189.1
2189.14
2189.19
2189.23
2189.27
2189.32
2189.36
2189.4
2189.44
2189.49
2189.53
2189.57
2189.62
2189.66
2189.7
2189.74
2189.79
2189.83
2189.87
2189.92
2189.96
2190
2190.05
2190.09
2190.13
2190.18
2190.22
2190.27
2190.31
--- next_y
1903.83
1904.13
1904.44
1904.74
1905.04
1905.34
1905.64
1905.94
1906.24
1906.54
1906.84
1907.13
1907.43
1907.73
1908.02
1908.32
1908.61
1908.91
1909.2
1909.49
1909.79
1910.08
1910.37
1910.66
1910.95
1911.24
1911.53
1911.82
1912.1
1912.39
1912.68
1912.96
1913.25
1913.54
1913.82
1914.1
1914.39
1914.67
1914.95
1915.23
1915.52
1915.8
1916.08
1916.35
1916.63
1916.91
1917.19
1917.47
1917.75
1918.03
iteracion: 1441
--- next_x
2188.21
2188.26
2188.3
2188.34
2188.38
2188.42
2188.46
2188.5
2188.54
2188.59
2188.63
2188.67
2188.71
2188.76
2188.8
2188.84
2188.89
2188.93
2188.97
2189.01
2189.06
2189.1
2189.14
2189.19
2189.23
2189.27
2189.32
2189.36
2189.4
2189.44
2189.49
2189.53
2189.57
2189.62
2189.66
2189.7
2189.74
2189.79
2189.83
2189.87
2189.92
2189.96
2190
2190.05
2190.09
2190.13
2190.18
2190.23
2190.28
2190.33
--- next_y
1903.83
1904.13
1904.44
1904.74
1905.04
1905.34
1905.64
1905.94
1906.24
1906.54
1906.84
1907.13
1907.43
1907.73
1908.02
1908.32
1908.61
1908.91
1909.2
1909.49
1909.79
1910.08
1910.37
1910.66
1910.95
1911.24
1911.53
1911.82
1912.1
1912.39
1912.68
1912.96
1913.25
1913.54
1913.82
1914.1
1914.39
1914.67
1914.95
1915.23
1915.52
1915.8
1916.08
1916.35
1916.63
1916.91
1917.19
1917.46
1917.74
1918.01
iteracion: 1441
--- next_x
2188.21
2188.26
2188.3
2188.34
2188.38
2188.42
2188.46
2188.5
2188.54
2188.59
2188.63
2188.67
2188.71
2188.76
2188.8
2188.84
2188.89
2188.93
2188.97
2189.01
2189.06
2189.1
2189.14
2189.19
2189.23
2189.27
2189.32
2189.36
2189.4
2189.44
2189.49
2189.53
2189.57
2189.62
2189.66
2189.7
2189.74
2189.79
2189.83
2189.87
2189.92
2189.96
2190
2190.05
2190.09
2190.13
2190.17
2190.21
2190.25
2190.29
--- next_y
1903.83
1904.13
1904.44
1904.74
1905.04
1905.34
1905.64
1905.94
1906.24
1906.54
1906.84
1907.13
1907.43
1907.73
1908.02
1908.32
1908.61
1908.91
1909.2
1909.49
1909.79
1910.08
1910.37
1910.66
1910.95
1911.24
1911.53
1911.82
1912.1
1912.39
1912.68
1912.96
1913.25
1913.54
1913.82
1914.1
1914.39
1914.67
1914.95
1915.23
1915.52
1915.8
1916.08
1916.35
1916.63
1916.91
1917.19
1917.47
1917.75
1918.02
