iteracion: 2091
--- next_x
2338.99
2339
2339
2339
2339.01
2339.01
2339.01
2339.01
2339.02
2339.02
2339.02
2339.03
2339.03
2339.03
2339.03
2339.04
2339.04
2339.04
2339.05
2339.05
2339.05
2339.06
2339.06
2339.06
2339.07
2339.07
2339.07
2339.07
2339.08
2339.08
2339.08
2339.08
2339.09
2339.09
2339.09
2339.09
2339.09
2339.09
2339.1
2339.1
2339.1
2339.1
2339.11
2339.11
2339.11
2339.11
2339.11
2339.11
2339.12
2339.12
--- next_y
2704.1
2704.55
2704.99
2705.44
2705.88
2706.33
2706.78
2707.22
2707.67
2708.11
2708.56
2709.01
2709.45
2709.9
2710.34
2710.79
2711.24
2711.68
2712.13
2712.57
2713.02
2713.47
2713.91
2714.36
2714.8
2715.25
2715.7
2716.14
2716.59
2717.03
2717.48
2717.92
2718.37
2718.82
2719.26
2719.71
2720.15
2720.6
2721.05
2721.49
2721.94
2722.38
2722.83
2723.27
2723.72
2724.16
2724.6
2725.05
2725.49
2725.93
iteracion: 2091
--- next_x
2338.99
2339
2339
2339
2339.01
2339.01
2339.01
2339.01
2339.02
2339.02
2339.02
2339.03
2339.03
2339.03
2339.03
2339.04
2339.04
2339.04
2339.05
2339.05
2339.05
2339.06
2339.06
2339.06
2339.07
2339.07
2339.07
2339.07
2339.08
2339.08
2339.08
2339.08
2339.09
2339.09
2339.09
2339.09
2339.09
2339.09
2339.1
2339.1
2339.1
2339.1
2339.11
2339.11
2339.11
2339.11
2339.12
2339.13
2339.14
2339.16
--- next_y
2704.1
2704.55
2704.99
2705.44
2705.88
2706.33
2706.78
2707.22
2707.67
2708.11
2708.56
2709.01
2709.45
2709.9
2710.34
2710.79
2711.24
2711.68
2712.13
2712.57
2713.02
2713.47
2713.91
2714.36
2714.8
2715.25
2715.7
2716.14
2716.59
2717.03
2717.48
2717.92
2718.37
2718.82
2719.26
2719.71
2720.15
2720.6
2721.05
2721.49
2721.94
2722.38
2722.83
2723.27
2723.72
2724.16
2724.6
2725.03
2725.47
2725.91
iteracion: 2091
--- next_x
2338.99
2339
2339
2339
2339.01
2339.01
2339.01
2339.01
2339.02
2339.02
2339.02
2339.03
2339.03
2339.03
2339.03
2339.04
2339.04
2339.04
2339.05
2339.05
2339.05
2339.06
2339.06
2339.06
2339.07
2339.07
2339.07
2339.07
2339.08
2339.08
2339.08
2339.08
2339.09
2339.09
2339.09
2339.09
2339.09
2339.09
2339.1
2339.1
2339.1
2339.1
2339.11
2339.11
2339.11
2339.11
2339.11
2339.1
2339.09
2339.07
--- next_y
2704.1
2704.55
2704.99
2705.44
2705.88
2706.33
2706.78
2707.22
2707.67
2708.11
2708.56
2709.01
2709.45
2709.9
2710.34
2710.79
2711.24
2711.68
2712.13
2712.57
2713.02
2713.47
2713.91
2714.36
2714.8
2715.25
2715.7
2716.14
2716.59
2717.03
2717.48
2717.92
2718.37
2718.82
2719.26
2719.71
2720.15
2720.6
2721.05
2721.49
2721.94
2722.38
2722.83
2723.27
2723.72
2724.16
2724.6
2725.03
2725.47
2725.91
