iteracion: 969
--- next_x
2134.86
2134.94
2135.01
2135.08
2135.15
2135.22
2135.29
2135.36
2135.43
2135.5
2135.57
2135.64
2135.7
2135.77
2135.84
2135.91
2135.98
2136.05
2136.11
2136.18
2136.25
2136.32
2136.38
2136.45
2136.52
2136.58
2136.65
2136.71
2136.78
2136.84
2136.91
2136.97
2137.04
2137.1
2137.17
2137.23
2137.29
2137.36
2137.42
2137.48
2137.54
2137.61
2137.67
2137.73
2137.79
2137.85
2137.92
2137.98
2138.04
2138.1
--- next_y
1595.28
1595.67
1596.07
1596.46
1596.85
1597.24
1597.63
1598.02
1598.4
1598.79
1599.17
1599.56
1599.94
1600.32
1600.7
1601.08
1601.45
1601.83
1602.2
1602.58
1602.95
1603.32
1603.69
1604.06
1604.43
1604.8
1605.16
1605.52
1605.89
1606.25
1606.61
1606.97
1607.33
1607.68
1608.04
1608.39
1608.75
1609.1
1609.45
1609.8
1610.15
1610.49
1610.84
1611.18
1611.53
1611.88
1612.22
1612.57
1612.91
1613.26
iteracion: 969
--- next_x
2134.86
2134.94
2135.01
2135.08
2135.15
2135.22
2135.29
2135.36
2135.43
2135.5
2135.57
2135.64
2135.7
2135.77
2135.84
2135.91
2135.98
2136.05
2136.11
2136.18
2136.25
2136.32
2136.38
2136.45
2136.52
2136.58
2136.65
2136.71
2136.78
2136.84
2136.91
2136.97
2137.04
2137.1
2137.17
2137.23
2137.29
2137.36
2137.42
2137.48
2137.54
2137.61
2137.67
2137.73
2137.79
2137.85
2137.92
2137.99
2138.06
2138.13
--- next_y
1595.28
1595.67
1596.07
1596.46
1596.85
1597.24
1597.63
1598.02
1598.4
1598.79
1599.17
1599.56
1599.94
1600.32
1600.7
1601.08
1601.45
1601.83
1602.2
1602.58
1602.95
1603.32
1603.69
1604.06
1604.43
1604.8
1605.16
1605.52
1605.89
1606.25
1606.61
1606.97
1607.33
1607.68
1608.04
1608.39
1608.75
1609.1
1609.45
1609.8
1610.15
1610.49
1610.84
1611.18
1611.53
1611.87
1612.21
1612.55
1612.89
1613.23
iteracion: 969
--- next_x
2134.86
2134.94
2135.01
2135.08
2135.15
2135.22
2135.29
2135.36
2135.43
2135.5
2135.57
2135.64
2135.7
2135.77
2135.84
2135.91
2135.98
2136.05
2136.11
2136.18
2136.25
2136.32
2136.38
2136.45
2136.52
2136.58
2136.65
2136.71
2136.78
2136.84
2136.91
2136.97
2137.04
2137.1
2137.17
2137.23
2137.29
2137.36
2137.42
2137.48
2137.54
2137.61
2137.67
2137.73
2137.79
2137.85
2137.91
2137.96
2138.02
2138.07
--- next_y
1595.28
1595.67
1596.07
1596.46
1596.85
1597.24
1597.63
1598.02
1598.4
1598.79
1599.17
1599.56
1599.94
1600.32
1600.7
1601.08
1601.45
1601.83
1602.2
1602.58
1602.95
1603.32
1603.69
1604.06
1604.43
1604.8
1605.16
1605.52
1605.89
1606.25
1606.61
1606.97
1607.33
1607.68
1608.04
1608.39
1608.75
1609.1
1609.45
1609.8
1610.15
1610.49
1610.84
1611.18
1611.53
1611.87
1612.22
1612.56
1612.91
1613.25
