iteracion: 690
--- next_x
1813.54
1813.91
1814.27
1814.64
1815.01
1815.37
1815.74
1816.1
1816.46
1816.83
1817.19
1817.55
1817.91
1818.27
1818.63
1818.99
1819.35
1819.71
1820.06
1820.42
1820.78
1821.13
1821.48
1821.84
1822.19
1822.55
1822.9
1823.25
1823.6
1823.95
1824.3
1824.65
1825
1825.35
1825.7
1826.05
1826.39
1826.74
1827.08
1827.43
1827.77
1828.12
1828.46
1828.8
1829.14
1829.49
1829.83
1830.17
1830.52
1830.86
--- next_y
1140.15
1140.15
1140.16
1140.17
1140.18
1140.19
1140.2
1140.21
1140.23
1140.24
1140.25
1140.26
1140.28
1140.29
1140.31
1140.32
1140.34
1140.35
1140.37
1140.38
1140.4
1140.41
1140.43
1140.45
1140.47
1140.48
1140.5
1140.52
1140.54
1140.56
1140.57
1140.59
1140.61
1140.63
1140.65
1140.67
1140.69
1140.71
1140.73
1140.75
1140.77
1140.8
1140.82
1140.84
1140.86
1140.88
1140.91
1140.93
1140.95
1140.98
iteracion: 690
--- next_x
1813.54
1813.91
1814.27
1814.64
1815.01
1815.37
1815.74
1816.1
1816.46
1816.83
1817.19
1817.55
1817.91
1818.27
1818.63
1818.99
1819.35
1819.71
1820.06
1820.42
1820.78
1821.13
1821.48
1821.84
1822.19
1822.55
1822.9
1823.25
1823.6
1823.95
1824.3
1824.65
1825
1825.35
1825.7
1826.05
1826.39
1826.74
1827.08
1827.43
1827.77
1828.12
1828.46
1828.8
1829.14
1829.49
1829.83
1830.17
1830.51
1830.86
--- next_y
1140.15
1140.15
1140.16
1140.17
1140.18
1140.19
1140.2
1140.21
1140.23
1140.24
1140.25
1140.26
1140.28
1140.29
1140.31
1140.32
1140.34
1140.35
1140.37
1140.38
1140.4
1140.41
1140.43
1140.45
1140.47
1140.48
1140.5
1140.52
1140.54
1140.56
1140.57
1140.59
1140.61
1140.63
1140.65
1140.67
1140.69
1140.71
1140.73
1140.75
1140.77
1140.8
1140.82
1140.84
1140.86
1140.88
1140.9
1140.92
1140.93
1140.95
iteracion: 690
--- next_x
1813.54
1813.91
1814.27
1814.64
1815.01
1815.37
1815.74
1816.1
1816.46
1816.83
1817.19
1817.55
1817.91
1818.27
1818.63
1818.99
1819.35
1819.71
1820.06
1820.42
1820.78
1821.13
1821.48
1821.84
1822.19
1822.55
1822.9
1823.25
1823.6
1823.95
1824.3
1824.65
1825
1825.35
1825.7
1826.05
1826.39
1826.74
1827.08
1827.43
1827.77
1828.12
1828.46
1828.8
1829.14
1829.48
1829.82
1830.16
1830.5
1830.83
--- next_y
1140.15
1140.15
1140.16
1140.17
1140.18
1140.19
1140.2
1140.21
1140.23
1140.24
1140.25
1140.26
1140.28
1140.29
1140.31
1140.32
1140.34
1140.35
1140.37
1140.38
1140.4
1140.41
1140.43
1140.45
1140.47
1140.48
1140.5
1140.52
1140.54
1140.56
1140.57
1140.59
1140.61
1140.63
1140.65
1140.67
1140.69
1140.71
1140.73
1140.75
1140.77
1140.8
1140.82
1140.84
1140.86
1140.88
1140.91
1140.94
1140.97
1141
