iteracion: 1050
--- next_x
2103.19
2103.28
2103.38
2103.47
2103.57
2103.66
2103.75
2103.84
2103.94
2104.03
2104.12
2104.21
2104.3
2104.39
2104.47
2104.56
2104.65
2104.74
2104.82
2104.91
2104.99
2105.07
2105.16
2105.24
2105.32
2105.4
2105.48
2105.56
2105.64
2105.72
2105.8
2105.88
2105.95
2106.03
2106.11
2106.18
2106.26
2106.33
2106.41
2106.48
2106.55
2106.63
2106.7
2106.77
2106.84
2106.91
2106.99
2107.06
2107.13
2107.19
--- next_y
1414.96
1415.32
1415.67
1416.03
1416.38
1416.74
1417.09
1417.45
1417.8
1418.15
1418.51
1418.86
1419.21
1419.57
1419.92
1420.27
1420.62
1420.98
1421.33
1421.68
1422.03
1422.38
1422.73
1423.08
1423.42
1423.77
1424.12
1424.47
1424.82
1425.17
1425.51
1425.86
1426.21
1426.55
1426.9
1427.25
1427.59
1427.93
1428.28
1428.62
1428.96
1429.31
1429.65
1429.99
1430.33
1430.68
1431.02
1431.36
1431.7
1432.05
iteracion: 1050
--- next_x
2103.19
2103.28
2103.38
2103.47
2103.57
2103.66
2103.75
2103.84
2103.94
2104.03
2104.12
2104.21
2104.3
2104.39
2104.47
2104.56
2104.65
2104.74
2104.82
2104.91
2104.99
2105.07
2105.16
2105.24
2105.32
2105.4
2105.48
2105.56
2105.64
2105.72
2105.8
2105.88
2105.95
2106.03
2106.11
2106.18
2106.26
2106.33
2106.41
2106.48
2106.55
2106.63
2106.7
2106.77
2106.84
2106.92
2106.99
2107.07
2107.14
2107.22
--- next_y
1414.96
1415.32
1415.67
1416.03
1416.38
1416.74
1417.09
1417.45
1417.8
1418.15
1418.51
1418.86
1419.21
1419.57
1419.92
1420.27
1420.62
1420.98
1421.33
1421.68
1422.03
1422.38
1422.73
1423.08
1423.42
1423.77
1424.12
1424.47
1424.82
1425.17
1425.51
1425.86
1426.21
1426.55
1426.9
1427.25
1427.59
1427.93
1428.28
1428.62
1428.96
1429.31
1429.65
1429.99
1430.33
1430.67
1431.01
1431.35
1431.69
1432.03
iteracion: 1050
--- next_x
2103.19
2103.28
2103.38
2103.47
2103.57
2103.66
2103.75
2103.84
2103.94
2104.03
2104.12
2104.21
2104.3
2104.39
2104.47
2104.56
2104.65
2104.74
2104.82
2104.91
2104.99
2105.07
2105.16
2105.24
2105.32
2105.4
2105.48
2105.56
2105.64
2105.72
2105.8
2105.88
2105.95
2106.03
2106.11
2106.18
2106.26
2106.33
2106.41
2106.48
2106.55
2106.63
2106.7
2106.77
2106.84
2106.91
2106.98
2107.04
2107.1
2107.16
--- next_y
1414.96
1415.32
1415.67
1416.03
1416.38
1416.74
1417.09
1417.45
1417.8
1418.15
1418.51
1418.86
1419.21
1419.57
1419.92
1420.27
1420.62
1420.98
1421.33
1421.68
1422.03
1422.38
1422.73
1423.08
1423.42
1423.77
1424.12
1424.47
1424.82
1425.17
1425.51
1425.86
1426.21
1426.55
1426.9
1427.25
1427.59
1427.93
1428.28
1428.62
1428.96
1429.31
1429.65
1429.99
1430.33
1430.67
1431.01
1431.35
1431.69
1432.03
