iteracion: 3846
--- next_x
166.987
167.068
167.15
167.232
167.314
167.395
167.477
167.559
167.641
167.724
167.806
167.888
167.97
168.052
168.134
168.216
168.299
168.381
168.464
168.546
168.628
168.711
168.794
168.876
168.959
169.042
169.125
169.208
169.291
169.374
169.458
169.542
169.626
169.711
169.796
169.881
169.967
170.053
170.139
170.226
170.314
170.401
170.489
170.577
170.666
170.755
170.844
170.934
171.024
171.115
--- next_y
2025.29
2024.86
2024.42
2023.98
2023.55
2023.11
2022.68
2022.24
2021.8
2021.37
2020.93
2020.5
2020.06
2019.62
2019.19
2018.75
2018.32
2017.88
2017.44
2017.01
2016.57
2016.14
2015.7
2015.27
2014.83
2014.39
2013.96
2013.52
2013.09
2012.65
2012.22
2011.78
2011.35
2010.91
2010.47
2010.04
2009.61
2009.17
2008.73
2008.3
2007.87
2007.43
2007
2006.57
2006.13
2005.7
2005.27
2004.84
2004.41
2003.98
iteracion: 3846
--- next_x
166.987
167.068
167.15
167.232
167.314
167.395
167.477
167.559
167.641
167.724
167.806
167.888
167.97
168.052
168.134
168.216
168.299
168.381
168.464
168.546
168.628
168.711
168.794
168.876
168.959
169.042
169.125
169.208
169.291
169.374
169.458
169.542
169.626
169.711
169.796
169.881
169.967
170.053
170.139
170.226
170.314
170.401
170.489
170.577
170.666
170.755
170.84
170.921
170.998
171.071
--- next_y
2025.29
2024.86
2024.42
2023.98
2023.55
2023.11
2022.68
2022.24
2021.8
2021.37
2020.93
2020.5
2020.06
2019.62
2019.19
2018.75
2018.32
2017.88
2017.44
2017.01
2016.57
2016.14
2015.7
2015.27
2014.83
2014.39
2013.96
2013.52
2013.09
2012.65
2012.22
2011.78
2011.35
2010.91
2010.47
2010.04
2009.61
2009.17
2008.73
2008.3
2007.87
2007.43
2007
2006.57
2006.13
2005.7
2005.27
2004.84
2004.41
2003.98
iteracion: 3846
--- next_x
166.987
167.068
167.15
167.232
167.314
167.395
167.477
167.559
167.641
167.724
167.806
167.888
167.97
168.052
168.134
168.216
168.299
168.381
168.464
168.546
168.628
168.711
168.794
168.876
168.959
169.042
169.125
169.208
169.291
169.374
169.458
169.542
169.626
169.711
169.796
169.881
169.967
170.053
170.139
170.226
170.314
170.401
170.489
170.577
170.666
170.755
170.847
170.944
171.045
171.152
--- next_y
2025.29
2024.86
2024.42
2023.98
2023.55
2023.11
2022.68
2022.24
2021.8
2021.37
2020.93
2020.5
2020.06
2019.62
2019.19
2018.75
2018.32
2017.88
2017.44
2017.01
2016.57
2016.14
2015.7
2015.27
2014.83
2014.39
2013.96
2013.52
2013.09
2012.65
2012.22
2011.78
2011.35
2010.91
2010.47
2010.04
2009.61
2009.17
2008.73
2008.3
2007.87
2007.43
2007
2006.57
2006.13
2005.7
2005.28
2004.86
2004.43
2004.01
