iteracion: 1254
--- next_x
2153.07
2153.15
2153.24
2153.33
2153.42
2153.51
2153.6
2153.69
2153.77
2153.86
2153.95
2154.04
2154.12
2154.21
2154.3
2154.39
2154.47
2154.56
2154.65
2154.74
2154.82
2154.91
2155
2155.08
2155.17
2155.26
2155.34
2155.43
2155.52
2155.6
2155.69
2155.78
2155.86
2155.95
2156.04
2156.12
2156.21
2156.3
2156.38
2156.47
2156.55
2156.64
2156.72
2156.81
2156.89
2156.98
2157.06
2157.14
2157.23
2157.31
--- next_y
1680.64
1681
1681.36
1681.72
1682.08
1682.44
1682.8
1683.16
1683.52
1683.88
1684.23
1684.59
1684.94
1685.3
1685.66
1686.01
1686.36
1686.72
1687.07
1687.42
1687.78
1688.13
1688.48
1688.83
1689.17
1689.53
1689.87
1690.22
1690.57
1690.92
1691.26
1691.61
1691.95
1692.3
1692.64
1692.99
1693.33
1693.67
1694.02
1694.36
1694.7
1695.04
1695.38
1695.72
1696.06
1696.4
1696.74
1697.08
1697.42
1697.76
iteracion: 1254
--- next_x
2153.07
2153.15
2153.24
2153.33
2153.42
2153.51
2153.6
2153.69
2153.77
2153.86
2153.95
2154.04
2154.12
2154.21
2154.3
2154.39
2154.47
2154.56
2154.65
2154.74
2154.82
2154.91
2155
2155.08
2155.17
2155.26
2155.34
2155.43
2155.52
2155.6
2155.69
2155.78
2155.86
2155.95
2156.04
2156.12
2156.21
2156.3
2156.38
2156.47
2156.55
2156.64
2156.72
2156.81
2156.89
2156.98
2157.06
2157.15
2157.25
2157.34
--- next_y
1680.64
1681
1681.36
1681.72
1682.08
1682.44
1682.8
1683.16
1683.52
1683.88
1684.23
1684.59
1684.94
1685.3
1685.66
1686.01
1686.36
1686.72
1687.07
1687.42
1687.78
1688.13
1688.48
1688.83
1689.17
1689.53
1689.87
1690.22
1690.57
1690.92
1691.26
1691.61
1691.95
1692.3
1692.64
1692.99
1693.33
1693.67
1694.02
1694.36
1694.7
1695.04
1695.38
1695.72
1696.06
1696.4
1696.73
1697.07
1697.41
1697.74
iteracion: 1254
--- next_x
2153.07
2153.15
2153.24
2153.33
2153.42
2153.51
2153.6
2153.69
2153.77
2153.86
2153.95
2154.04
2154.12
2154.21
2154.3
2154.39
2154.47
2154.56
2154.65
2154.74
2154.82
2154.91
2155
2155.08
2155.17
2155.26
2155.34
2155.43
2155.52
2155.6
2155.69
2155.78
2155.86
2155.95
2156.04
2156.12
2156.21
2156.3
2156.38
2156.47
2156.55
2156.64
2156.72
2156.81
2156.89
2156.97
2157.05
2157.13
2157.2
2157.28
--- next_y
1680.64
1681
1681.36
1681.72
1682.08
1682.44
1682.8
1683.16
1683.52
1683.88
1684.23
1684.59
1684.94
1685.3
1685.66
1686.01
1686.36
1686.72
1687.07
1687.42
1687.78
1688.13
1688.48
1688.83
1689.17
1689.53
1689.87
1690.22
1690.57
1690.92
1691.26
1691.61
1691.95
1692.3
1692.64
1692.99
1693.33
1693.67
1694.02
1694.36
1694.7
1695.04
1695.38
1695.72
1696.06
1696.4
1696.73
1697.07
1697.41
1697.75
