iteracion: 3919
--- next_x
195.992
196.113
196.235
196.357
196.479
196.6
196.721
196.842
196.963
197.084
197.204
197.325
197.445
197.564
197.684
197.804
197.923
198.042
198.161
198.28
198.398
198.517
198.635
198.752
198.87
198.987
199.105
199.221
199.338
199.455
199.572
199.688
199.804
199.92
200.036
200.152
200.267
200.383
200.497
200.612
200.727
200.842
200.956
201.07
201.184
201.298
201.412
201.527
201.641
201.756
--- next_y
1922.22
1921.94
1921.67
1921.39
1921.12
1920.85
1920.57
1920.3
1920.03
1919.76
1919.49
1919.22
1918.95
1918.68
1918.42
1918.15
1917.88
1917.62
1917.35
1917.09
1916.82
1916.56
1916.29
1916.03
1915.77
1915.51
1915.25
1914.99
1914.73
1914.47
1914.21
1913.95
1913.7
1913.44
1913.18
1912.93
1912.67
1912.42
1912.16
1911.91
1911.66
1911.41
1911.16
1910.91
1910.65
1910.4
1910.15
1909.9
1909.65
1909.4
iteracion: 3919
--- next_x
195.992
196.113
196.235
196.357
196.479
196.6
196.721
196.842
196.963
197.084
197.204
197.325
197.445
197.564
197.684
197.804
197.923
198.042
198.161
198.28
198.398
198.517
198.635
198.752
198.87
198.987
199.105
199.221
199.338
199.455
199.572
199.688
199.804
199.92
200.036
200.152
200.267
200.383
200.497
200.612
200.727
200.842
200.956
201.07
201.184
201.298
201.411
201.522
201.633
201.743
--- next_y
1922.22
1921.94
1921.67
1921.39
1921.12
1920.85
1920.57
1920.3
1920.03
1919.76
1919.49
1919.22
1918.95
1918.68
1918.42
1918.15
1917.88
1917.62
1917.35
1917.09
1916.82
1916.56
1916.29
1916.03
1915.77
1915.51
1915.25
1914.99
1914.73
1914.47
1914.21
1913.95
1913.7
1913.44
1913.18
1912.93
1912.67
1912.42
1912.16
1911.91
1911.66
1911.41
1911.16
1910.91
1910.65
1910.4
1910.16
1909.91
1909.66
1909.41
iteracion: 3919
--- next_x
195.992
196.113
196.235
196.357
196.479
196.6
196.721
196.842
196.963
197.084
197.204
197.325
197.445
197.564
197.684
197.804
197.923
198.042
198.161
198.28
198.398
198.517
198.635
198.752
198.87
198.987
199.105
199.221
199.338
199.455
199.572
199.688
199.804
199.92
200.036
200.152
200.267
200.383
200.497
200.612
200.727
200.842
200.956
201.07
201.184
201.298
201.412
201.527
201.644
201.761
--- next_y
1922.22
1921.94
1921.67
1921.39
1921.12
1920.85
1920.57
1920.3
1920.03
1919.76
1919.49
1919.22
1918.95
1918.68
1918.42
1918.15
1917.88
1917.62
1917.35
1917.09
1916.82
1916.56
1916.29
1916.03
1915.77
1915.51
1915.25
1914.99
1914.73
1914.47
1914.21
1913.95
1913.7
1913.44
1913.18
1912.93
1912.67
1912.42
1912.16
1911.91
1911.66
1911.41
1911.16
1910.91
1910.65
1910.4
1910.16
1909.91
1909.66
1909.42
