iteracion: 487
--- next_x
1543.35
1543.79
1544.22
1544.66
1545.09
1545.52
1545.96
1546.39
1546.82
1547.25
1547.68
1548.11
1548.54
1548.96
1549.39
1549.82
1550.24
1550.67
1551.09
1551.52
1551.94
1552.37
1552.79
1553.21
1553.63
1554.05
1554.47
1554.89
1555.31
1555.73
1556.15
1556.57
1556.98
1557.4
1557.81
1558.23
1558.64
1559.06
1559.47
1559.88
1560.29
1560.7
1561.11
1561.52
1561.93
1562.34
1562.75
1563.16
1563.57
1563.98
--- next_y
1160.09
1160.05
1160.01
1159.96
1159.93
1159.89
1159.85
1159.81
1159.77
1159.73
1159.69
1159.65
1159.61
1159.57
1159.53
1159.49
1159.45
1159.42
1159.38
1159.34
1159.3
1159.27
1159.23
1159.19
1159.15
1159.12
1159.08
1159.05
1159.01
1158.97
1158.94
1158.9
1158.87
1158.83
1158.8
1158.76
1158.73
1158.69
1158.66
1158.63
1158.59
1158.56
1158.53
1158.49
1158.46
1158.43
1158.4
1158.37
1158.34
1158.3
iteracion: 487
--- next_x
1543.35
1543.79
1544.22
1544.66
1545.09
1545.52
1545.96
1546.39
1546.82
1547.25
1547.68
1548.11
1548.54
1548.96
1549.39
1549.82
1550.24
1550.67
1551.09
1551.52
1551.94
1552.37
1552.79
1553.21
1553.63
1554.05
1554.47
1554.89
1555.31
1555.73
1556.15
1556.57
1556.98
1557.4
1557.81
1558.23
1558.64
1559.06
1559.47
1559.88
1560.29
1560.7
1561.11
1561.52
1561.93
1562.34
1562.75
1563.15
1563.56
1563.96
--- next_y
1160.09
1160.05
1160.01
1159.96
1159.93
1159.89
1159.85
1159.81
1159.77
1159.73
1159.69
1159.65
1159.61
1159.57
1159.53
1159.49
1159.45
1159.42
1159.38
1159.34
1159.3
1159.27
1159.23
1159.19
1159.15
1159.12
1159.08
1159.05
1159.01
1158.97
1158.94
1158.9
1158.87
1158.83
1158.8
1158.76
1158.73
1158.69
1158.66
1158.63
1158.59
1158.56
1158.53
1158.49
1158.46
1158.43
1158.4
1158.36
1158.32
1158.27
iteracion: 487
--- next_x
1543.35
1543.79
1544.22
1544.66
1545.09
1545.52
1545.96
1546.39
1546.82
1547.25
1547.68
1548.11
1548.54
1548.96
1549.39
1549.82
1550.24
1550.67
1551.09
1551.52
1551.94
1552.37
1552.79
1553.21
1553.63
1554.05
1554.47
1554.89
1555.31
1555.73
1556.15
1556.57
1556.98
1557.4
1557.81
1558.23
1558.64
1559.06
1559.47
1559.88
1560.29
1560.7
1561.11
1561.52
1561.93
1562.34
1562.75
1563.15
1563.56
1563.96
--- next_y
1160.09
1160.05
1160.01
1159.96
1159.93
1159.89
1159.85
1159.81
1159.77
1159.73
1159.69
1159.65
1159.61
1159.57
1159.53
1159.49
1159.45
1159.42
1159.38
1159.34
1159.3
1159.27
1159.23
1159.19
1159.15
1159.12
1159.08
1159.05
1159.01
1158.97
1158.94
1158.9
1158.87
1158.83
1158.8
1158.76
1158.73
1158.69
1158.66
1158.63
1158.59
1158.56
1158.53
1158.49
1158.46
1158.43
1158.4
1158.38
1158.36
1158.34
