iteracion: 2055
--- next_x
2338.07
2338.07
2338.08
2338.09
2338.09
2338.1
2338.11
2338.11
2338.12
2338.13
2338.14
2338.14
2338.15
2338.16
2338.16
2338.17
2338.18
2338.19
2338.2
2338.2
2338.21
2338.22
2338.23
2338.24
2338.24
2338.25
2338.26
2338.27
2338.28
2338.29
2338.3
2338.31
2338.32
2338.33
2338.34
2338.34
2338.35
2338.36
2338.37
2338.38
2338.39
2338.4
2338.41
2338.42
2338.43
2338.43
2338.44
2338.45
2338.46
2338.47
--- next_y
2646.62
2647.03
2647.43
2647.83
2648.23
2648.63
2649.03
2649.43
2649.82
2650.22
2650.61
2651.01
2651.41
2651.8
2652.19
2652.58
2652.98
2653.37
2653.76
2654.15
2654.54
2654.93
2655.32
2655.7
2656.09
2656.47
2656.86
2657.25
2657.63
2658.01
2658.4
2658.78
2659.16
2659.55
2659.93
2660.3
2660.68
2661.06
2661.44
2661.82
2662.19
2662.57
2662.95
2663.32
2663.7
2664.07
2664.44
2664.82
2665.19
2665.57
iteracion: 2055
--- next_x
2338.07
2338.07
2338.08
2338.09
2338.09
2338.1
2338.11
2338.11
2338.12
2338.13
2338.14
2338.14
2338.15
2338.16
2338.16
2338.17
2338.18
2338.19
2338.2
2338.2
2338.21
2338.22
2338.23
2338.24
2338.24
2338.25
2338.26
2338.27
2338.28
2338.29
2338.3
2338.31
2338.32
2338.33
2338.34
2338.34
2338.35
2338.36
2338.37
2338.38
2338.39
2338.4
2338.41
2338.42
2338.43
2338.43
2338.44
2338.45
2338.47
2338.48
--- next_y
2646.62
2647.03
2647.43
2647.83
2648.23
2648.63
2649.03
2649.43
2649.82
2650.22
2650.61
2651.01
2651.41
2651.8
2652.19
2652.58
2652.98
2653.37
2653.76
2654.15
2654.54
2654.93
2655.32
2655.7
2656.09
2656.47
2656.86
2657.25
2657.63
2658.01
2658.4
2658.78
2659.16
2659.55
2659.93
2660.3
2660.68
2661.06
2661.44
2661.82
2662.19
2662.57
2662.95
2663.32
2663.7
2664.07
2664.44
2664.81
2665.19
2665.56
iteracion: 2055
--- next_x
2338.07
2338.07
2338.08
2338.09
2338.09
2338.1
2338.11
2338.11
2338.12
2338.13
2338.14
2338.14
2338.15
2338.16
2338.16
2338.17
2338.18
2338.19
2338.2
2338.2
2338.21
2338.22
2338.23
2338.24
2338.24
2338.25
2338.26
2338.27
2338.28
2338.29
2338.3
2338.31
2338.32
2338.33
2338.34
2338.34
2338.35
2338.36
2338.37
2338.38
2338.39
2338.4
2338.41
2338.42
2338.43
2338.43
2338.44
2338.45
2338.45
2338.45
--- next_y
2646.62
2647.03
2647.43
2647.83
2648.23
2648.63
2649.03
2649.43
2649.82
2650.22
2650.61
2651.01
2651.41
2651.8
2652.19
2652.58
2652.98
2653.37
2653.76
2654.15
2654.54
2654.93
2655.32
2655.7
2656.09
2656.47
2656.86
2657.25
2657.63
2658.01
2658.4
2658.78
2659.16
2659.55
2659.93
2660.3
2660.68
2661.06
2661.44
2661.82
2662.19
2662.57
2662.95
2663.32
2663.7
2664.07
2664.44
2664.81
2665.18
2665.56
