iteracion: 1806
--- next_x
2289.39
2289.48
2289.58
2289.68
2289.77
2289.87
2289.96
2290.06
2290.15
2290.25
2290.34
2290.43
2290.53
2290.62
2290.72
2290.81
2290.9
2290.99
2291.09
2291.18
2291.27
2291.36
2291.46
2291.55
2291.64
2291.73
2291.82
2291.91
2292.01
2292.1
2292.19
2292.28
2292.37
2292.46
2292.55
2292.64
2292.74
2292.82
2292.91
2293
2293.09
2293.18
2293.27
2293.36
2293.45
2293.54
2293.62
2293.71
2293.8
2293.89
--- next_y
2349.25
2349.53
2349.82
2350.11
2350.39
2350.68
2350.96
2351.24
2351.53
2351.81
2352.09
2352.37
2352.65
2352.93
2353.21
2353.49
2353.77
2354.05
2354.32
2354.6
2354.88
2355.15
2355.43
2355.7
2355.98
2356.25
2356.52
2356.8
2357.07
2357.34
2357.61
2357.88
2358.14
2358.41
2358.68
2358.95
2359.21
2359.48
2359.74
2360.01
2360.27
2360.53
2360.8
2361.06
2361.32
2361.58
2361.85
2362.11
2362.37
2362.63
iteracion: 1806
--- next_x
2289.39
2289.48
2289.58
2289.68
2289.77
2289.87
2289.96
2290.06
2290.15
2290.25
2290.34
2290.43
2290.53
2290.62
2290.72
2290.81
2290.9
2290.99
2291.09
2291.18
2291.27
2291.36
2291.46
2291.55
2291.64
2291.73
2291.82
2291.91
2292.01
2292.1
2292.19
2292.28
2292.37
2292.46
2292.55
2292.64
2292.74
2292.82
2292.91
2293
2293.09
2293.18
2293.27
2293.36
2293.45
2293.54
2293.62
2293.71
2293.8
2293.89
--- next_y
2349.25
2349.53
2349.82
2350.11
2350.39
2350.68
2350.96
2351.24
2351.53
2351.81
2352.09
2352.37
2352.65
2352.93
2353.21
2353.49
2353.77
2354.05
2354.32
2354.6
2354.88
2355.15
2355.43
2355.7
2355.98
2356.25
2356.52
2356.8
2357.07
2357.34
2357.61
2357.88
2358.14
2358.41
2358.68
2358.95
2359.21
2359.48
2359.74
2360.01
2360.27
2360.53
2360.8
2361.06
2361.32
2361.58
2361.85
2362.11
2362.36
2362.62
iteracion: 1806
--- next_x
2289.39
2289.48
2289.58
2289.68
2289.77
2289.87
2289.96
2290.06
2290.15
2290.25
2290.34
2290.43
2290.53
2290.62
2290.72
2290.81
2290.9
2290.99
2291.09
2291.18
2291.27
2291.36
2291.46
2291.55
2291.64
2291.73
2291.82
2291.91
2292.01
2292.1
2292.19
2292.28
2292.37
2292.46
2292.55
2292.64
2292.74
2292.82
2292.91
2293
2293.09
2293.18
2293.27
2293.36
2293.45
2293.54
2293.62
2293.71
2293.8
2293.88
--- next_y
2349.25
2349.53
2349.82
2350.11
2350.39
2350.68
2350.96
2351.24
2351.53
2351.81
2352.09
2352.37
2352.65
2352.93
2353.21
2353.49
2353.77
2354.05
2354.32
2354.6
2354.88
2355.15
2355.43
2355.7
2355.98
2356.25
2356.52
2356.8
2357.07
2357.34
2357.61
2357.88
2358.14
2358.41
2358.68
2358.95
2359.21
2359.48
2359.74
2360.01
2360.27
2360.53
2360.8
2361.06
2361.32
2361.58
2361.85
2362.11
2362.37
2362.63
