iteracion: 1395
--- next_x
2181.55
2181.6
2181.65
2181.7
2181.75
2181.8
2181.85
2181.9
2181.95
2182
2182.05
2182.1
2182.15
2182.2
2182.24
2182.29
2182.33
2182.38
2182.42
2182.47
2182.51
2182.55
2182.6
2182.64
2182.68
2182.73
2182.77
2182.81
2182.86
2182.9
2182.94
2182.98
2183.02
2183.06
2183.1
2183.14
2183.18
2183.22
2183.26
2183.3
2183.33
2183.37
2183.41
2183.45
2183.48
2183.52
2183.56
2183.59
2183.63
2183.67
--- next_y
1840.92
1841.33
1841.74
1842.15
1842.56
1842.96
1843.37
1843.78
1844.19
1844.59
1845
1845.4
1845.8
1846.21
1846.61
1847.01
1847.41
1847.81
1848.21
1848.61
1849.01
1849.41
1849.8
1850.2
1850.6
1850.99
1851.39
1851.78
1852.18
1852.57
1852.96
1853.36
1853.75
1854.14
1854.53
1854.92
1855.31
1855.7
1856.09
1856.48
1856.87
1857.25
1857.64
1858.03
1858.41
1858.8
1859.18
1859.57
1859.95
1860.34
iteracion: 1395
--- next_x
2181.55
2181.6
2181.65
2181.7
2181.75
2181.8
2181.85
2181.9
2181.95
2182
2182.05
2182.1
2182.15
2182.2
2182.24
2182.29
2182.33
2182.38
2182.42
2182.47
2182.51
2182.55
2182.6
2182.64
2182.68
2182.73
2182.77
2182.81
2182.86
2182.9
2182.94
2182.98
2183.02
2183.06
2183.1
2183.14
2183.18
2183.22
2183.26
2183.3
2183.33
2183.37
2183.41
2183.45
2183.48
2183.52
2183.56
2183.6
2183.65
2183.69
--- next_y
1840.92
1841.33
1841.74
1842.15
1842.56
1842.96
1843.37
1843.78
1844.19
1844.59
1845
1845.4
1845.8
1846.21
1846.61
1847.01
1847.41
1847.81
1848.21
1848.61
1849.01
1849.41
1849.8
1850.2
1850.6
1850.99
1851.39
1851.78
1852.18
1852.57
1852.96
1853.36
1853.75
1854.14
1854.53
1854.92
1855.31
1855.7
1856.09
1856.48
1856.87
1857.25
1857.64
1858.03
1858.41
1858.8
1859.18
1859.56
1859.94
1860.32
iteracion: 1395
--- next_x
2181.55
2181.6
2181.65
2181.7
2181.75
2181.8
2181.85
2181.9
2181.95
2182
2182.05
2182.1
2182.15
2182.2
2182.24
2182.29
2182.33
2182.38
2182.42
2182.47
2182.51
2182.55
2182.6
2182.64
2182.68
2182.73
2182.77
2182.81
2182.86
2182.9
2182.94
2182.98
2183.02
2183.06
2183.1
2183.14
2183.18
2183.22
2183.26
2183.3
2183.33
2183.37
2183.41
2183.45
2183.48
2183.52
2183.55
2183.59
2183.61
2183.64
--- next_y
1840.92
1841.33
1841.74
1842.15
1842.56
1842.96
1843.37
1843.78
1844.19
1844.59
1845
1845.4
1845.8
1846.21
1846.61
1847.01
1847.41
1847.81
1848.21
1848.61
1849.01
1849.41
1849.8
1850.2
1850.6
1850.99
1851.39
1851.78
1852.18
1852.57
1852.96
1853.36
1853.75
1854.14
1854.53
1854.92
1855.31
1855.7
1856.09
1856.48
1856.87
1857.25
1857.64
1858.03
1858.41
1858.8
1859.18
1859.56
1859.94
1860.32
