iteracion: 493
--- next_x
1552.37
1552.79
1553.21
1553.63
1554.05
1554.47
1554.89
1555.31
1555.73
1556.15
1556.57
1556.98
1557.4
1557.81
1558.23
1558.64
1559.06
1559.47
1559.88
1560.29
1560.7
1561.11
1561.52
1561.93
1562.34
1562.75
1563.16
1563.56
1563.97
1564.38
1564.78
1565.18
1565.59
1565.99
1566.39
1566.8
1567.19
1567.6
1568
1568.39
1568.79
1569.19
1569.59
1569.99
1570.38
1570.78
1571.18
1571.57
1571.97
1572.36
--- next_y
1159.27
1159.23
1159.19
1159.15
1159.12
1159.08
1159.05
1159.01
1158.97
1158.94
1158.9
1158.87
1158.83
1158.8
1158.76
1158.73
1158.69
1158.66
1158.63
1158.59
1158.56
1158.53
1158.49
1158.46
1158.43
1158.4
1158.37
1158.34
1158.31
1158.28
1158.24
1158.21
1158.18
1158.16
1158.13
1158.1
1158.07
1158.04
1158.01
1157.98
1157.95
1157.92
1157.89
1157.87
1157.84
1157.81
1157.79
1157.76
1157.73
1157.71
iteracion: 493
--- next_x
1552.37
1552.79
1553.21
1553.63
1554.05
1554.47
1554.89
1555.31
1555.73
1556.15
1556.57
1556.98
1557.4
1557.81
1558.23
1558.64
1559.06
1559.47
1559.88
1560.29
1560.7
1561.11
1561.52
1561.93
1562.34
1562.75
1563.16
1563.56
1563.97
1564.38
1564.78
1565.18
1565.59
1565.99
1566.39
1566.8
1567.19
1567.6
1568
1568.39
1568.79
1569.19
1569.59
1569.99
1570.38
1570.78
1571.17
1571.56
1571.95
1572.34
--- next_y
1159.27
1159.23
1159.19
1159.15
1159.12
1159.08
1159.05
1159.01
1158.97
1158.94
1158.9
1158.87
1158.83
1158.8
1158.76
1158.73
1158.69
1158.66
1158.63
1158.59
1158.56
1158.53
1158.49
1158.46
1158.43
1158.4
1158.37
1158.34
1158.31
1158.28
1158.24
1158.21
1158.18
1158.16
1158.13
1158.1
1158.07
1158.04
1158.01
1157.98
1157.95
1157.92
1157.89
1157.87
1157.84
1157.81
1157.78
1157.75
1157.71
1157.68
iteracion: 493
--- next_x
1552.37
1552.79
1553.21
1553.63
1554.05
1554.47
1554.89
1555.31
1555.73
1556.15
1556.57
1556.98
1557.4
1557.81
1558.23
1558.64
1559.06
1559.47
1559.88
1560.29
1560.7
1561.11
1561.52
1561.93
1562.34
1562.75
1563.16
1563.56
1563.97
1564.38
1564.78
1565.18
1565.59
1565.99
1566.39
1566.8
1567.19
1567.6
1568
1568.39
1568.79
1569.19
1569.59
1569.99
1570.38
1570.78
1571.17
1571.56
1571.96
1572.35
--- next_y
1159.27
1159.23
1159.19
1159.15
1159.12
1159.08
1159.05
1159.01
1158.97
1158.94
1158.9
1158.87
1158.83
1158.8
1158.76
1158.73
1158.69
1158.66
1158.63
1158.59
1158.56
1158.53
1158.49
1158.46
1158.43
1158.4
1158.37
1158.34
1158.31
1158.28
1158.24
1158.21
1158.18
1158.16
1158.13
1158.1
1158.07
1158.04
1158.01
1157.98
1157.95
1157.92
1157.89
1157.87
1157.84
1157.81
1157.79
1157.77
1157.75
1157.74
