iteracion: 1142
--- next_x
2177.39
2177.45
2177.52
2177.58
2177.65
2177.71
2177.78
2177.84
2177.91
2177.97
2178.04
2178.1
2178.16
2178.23
2178.29
2178.35
2178.42
2178.48
2178.54
2178.61
2178.67
2178.73
2178.79
2178.86
2178.92
2178.98
2179.04
2179.1
2179.16
2179.22
2179.28
2179.34
2179.41
2179.47
2179.53
2179.58
2179.64
2179.7
2179.76
2179.82
2179.88
2179.93
2179.99
2180.05
2180.11
2180.16
2180.22
2180.28
2180.33
2180.39
--- next_y
1812.72
1813.16
1813.59
1814.02
1814.45
1814.88
1815.31
1815.73
1816.16
1816.58
1817.01
1817.42
1817.85
1818.26
1818.68
1819.1
1819.51
1819.93
1820.34
1820.75
1821.16
1821.57
1821.98
1822.38
1822.79
1823.19
1823.6
1824
1824.4
1824.8
1825.19
1825.59
1825.98
1826.38
1826.77
1827.16
1827.55
1827.94
1828.33
1828.71
1829.1
1829.48
1829.86
1830.24
1830.62
1831.01
1831.39
1831.77
1832.15
1832.53
iteracion: 1142
--- next_x
2177.39
2177.45
2177.52
2177.58
2177.65
2177.71
2177.78
2177.84
2177.91
2177.97
2178.04
2178.1
2178.16
2178.23
2178.29
2178.35
2178.42
2178.48
2178.54
2178.61
2178.67
2178.73
2178.79
2178.86
2178.92
2178.98
2179.04
2179.1
2179.16
2179.22
2179.28
2179.34
2179.41
2179.47
2179.53
2179.58
2179.64
2179.7
2179.76
2179.82
2179.88
2179.93
2179.99
2180.05
2180.11
2180.16
2180.23
2180.29
2180.36
2180.43
--- next_y
1812.72
1813.16
1813.59
1814.02
1814.45
1814.88
1815.31
1815.73
1816.16
1816.58
1817.01
1817.42
1817.85
1818.26
1818.68
1819.1
1819.51
1819.93
1820.34
1820.75
1821.16
1821.57
1821.98
1822.38
1822.79
1823.19
1823.6
1824
1824.4
1824.8
1825.19
1825.59
1825.98
1826.38
1826.77
1827.16
1827.55
1827.94
1828.33
1828.71
1829.1
1829.48
1829.86
1830.24
1830.62
1831
1831.38
1831.76
1832.13
1832.51
iteracion: 1142
--- next_x
2177.39
2177.45
2177.52
2177.58
2177.65
2177.71
2177.78
2177.84
2177.91
2177.97
2178.04
2178.1
2178.16
2178.23
2178.29
2178.35
2178.42
2178.48
2178.54
2178.61
2178.67
2178.73
2178.79
2178.86
2178.92
2178.98
2179.04
2179.1
2179.16
2179.22
2179.28
2179.34
2179.41
2179.47
2179.53
2179.58
2179.64
2179.7
2179.76
2179.82
2179.88
2179.93
2179.99
2180.05
2180.11
2180.16
2180.21
2180.26
2180.3
2180.34
--- next_y
1812.72
1813.16
1813.59
1814.02
1814.45
1814.88
1815.31
1815.73
1816.16
1816.58
1817.01
1817.42
1817.85
1818.26
1818.68
1819.1
1819.51
1819.93
1820.34
1820.75
1821.16
1821.57
1821.98
1822.38
1822.79
1823.19
1823.6
1824
1824.4
1824.8
1825.19
1825.59
1825.98
1826.38
1826.77
1827.16
1827.55
1827.94
1828.33
1828.71
1829.1
1829.48
1829.86
1830.24
1830.62
1831
1831.38
1831.75
1832.13
1832.51
