iteracion: 1060
--- next_x
2107.19
2107.26
2107.33
2107.39
2107.46
2107.53
2107.59
2107.66
2107.72
2107.79
2107.86
2107.92
2107.98
2108.05
2108.11
2108.17
2108.24
2108.3
2108.36
2108.42
2108.48
2108.54
2108.6
2108.66
2108.72
2108.78
2108.84
2108.9
2108.96
2109.01
2109.07
2109.13
2109.19
2109.24
2109.3
2109.36
2109.41
2109.47
2109.52
2109.58
2109.64
2109.69
2109.75
2109.8
2109.86
2109.91
2109.96
2110.02
2110.07
2110.12
--- next_y
1432.04
1432.37
1432.71
1433.05
1433.39
1433.73
1434.07
1434.4
1434.74
1435.08
1435.41
1435.75
1436.08
1436.42
1436.75
1437.08
1437.42
1437.75
1438.08
1438.41
1438.75
1439.08
1439.41
1439.74
1440.07
1440.4
1440.73
1441.06
1441.38
1441.71
1442.04
1442.37
1442.69
1443.02
1443.35
1443.67
1444
1444.32
1444.65
1444.97
1445.29
1445.62
1445.94
1446.26
1446.58
1446.91
1447.23
1447.55
1447.87
1448.2
iteracion: 1060
--- next_x
2107.19
2107.26
2107.33
2107.39
2107.46
2107.53
2107.59
2107.66
2107.72
2107.79
2107.86
2107.92
2107.98
2108.05
2108.11
2108.17
2108.24
2108.3
2108.36
2108.42
2108.48
2108.54
2108.6
2108.66
2108.72
2108.78
2108.84
2108.9
2108.96
2109.01
2109.07
2109.13
2109.19
2109.24
2109.3
2109.36
2109.41
2109.47
2109.52
2109.58
2109.64
2109.69
2109.75
2109.8
2109.86
2109.91
2109.97
2110.02
2110.08
2110.15
--- next_y
1432.04
1432.37
1432.71
1433.05
1433.39
1433.73
1434.07
1434.4
1434.74
1435.08
1435.41
1435.75
1436.08
1436.42
1436.75
1437.08
1437.42
1437.75
1438.08
1438.41
1438.75
1439.08
1439.41
1439.74
1440.07
1440.4
1440.73
1441.06
1441.38
1441.71
1442.04
1442.37
1442.69
1443.02
1443.35
1443.67
1444
1444.32
1444.65
1444.97
1445.29
1445.62
1445.94
1446.26
1446.58
1446.9
1447.22
1447.54
1447.86
1448.18
iteracion: 1060
--- next_x
2107.19
2107.26
2107.33
2107.39
2107.46
2107.53
2107.59
2107.66
2107.72
2107.79
2107.86
2107.92
2107.98
2108.05
2108.11
2108.17
2108.24
2108.3
2108.36
2108.42
2108.48
2108.54
2108.6
2108.66
2108.72
2108.78
2108.84
2108.9
2108.96
2109.01
2109.07
2109.13
2109.19
2109.24
2109.3
2109.36
2109.41
2109.47
2109.52
2109.58
2109.64
2109.69
2109.75
2109.8
2109.86
2109.91
2109.96
2110
2110.05
2110.09
--- next_y
1432.04
1432.37
1432.71
1433.05
1433.39
1433.73
1434.07
1434.4
1434.74
1435.08
1435.41
1435.75
1436.08
1436.42
1436.75
1437.08
1437.42
1437.75
1438.08
1438.41
1438.75
1439.08
1439.41
1439.74
1440.07
1440.4
1440.73
1441.06
1441.38
1441.71
1442.04
1442.37
1442.69
1443.02
1443.35
1443.67
1444
1444.32
1444.65
1444.97
1445.29
1445.62
1445.94
1446.26
1446.58
1446.9
1447.22
1447.54
1447.86
1448.18
