iteracion: 891
--- next_x
2029.11
2029.32
2029.53
2029.74
2029.95
2030.16
2030.37
2030.57
2030.78
2030.98
2031.19
2031.39
2031.6
2031.8
2032
2032.2
2032.4
2032.6
2032.79
2032.99
2033.18
2033.38
2033.57
2033.77
2033.96
2034.15
2034.34
2034.53
2034.72
2034.91
2035.1
2035.29
2035.47
2035.66
2035.85
2036.03
2036.21
2036.4
2036.58
2036.76
2036.94
2037.12
2037.3
2037.48
2037.66
2037.84
2038.02
2038.19
2038.37
2038.54
--- next_y
1227.97
1228.28
1228.59
1228.89
1229.19
1229.5
1229.81
1230.11
1230.41
1230.72
1231.02
1231.32
1231.63
1231.93
1232.23
1232.54
1232.84
1233.14
1233.44
1233.74
1234.04
1234.35
1234.65
1234.95
1235.25
1235.55
1235.85
1236.15
1236.45
1236.75
1237.05
1237.35
1237.65
1237.95
1238.25
1238.55
1238.85
1239.15
1239.45
1239.75
1240.05
1240.34
1240.64
1240.94
1241.24
1241.53
1241.83
1242.13
1242.43
1242.73
iteracion: 891
--- next_x
2029.11
2029.32
2029.53
2029.74
2029.95
2030.16
2030.37
2030.57
2030.78
2030.98
2031.19
2031.39
2031.6
2031.8
2032
2032.2
2032.4
2032.6
2032.79
2032.99
2033.18
2033.38
2033.57
2033.77
2033.96
2034.15
2034.34
2034.53
2034.72
2034.91
2035.1
2035.29
2035.47
2035.66
2035.85
2036.03
2036.21
2036.4
2036.58
2036.76
2036.94
2037.12
2037.3
2037.48
2037.66
2037.84
2038.02
2038.19
2038.37
2038.55
--- next_y
1227.97
1228.28
1228.59
1228.89
1229.19
1229.5
1229.81
1230.11
1230.41
1230.72
1231.02
1231.32
1231.63
1231.93
1232.23
1232.54
1232.84
1233.14
1233.44
1233.74
1234.04
1234.35
1234.65
1234.95
1235.25
1235.55
1235.85
1236.15
1236.45
1236.75
1237.05
1237.35
1237.65
1237.95
1238.25
1238.55
1238.85
1239.15
1239.45
1239.75
1240.05
1240.34
1240.64
1240.94
1241.24
1241.53
1241.83
1242.13
1242.42
1242.72
iteracion: 891
--- next_x
2029.11
2029.32
2029.53
2029.74
2029.95
2030.16
2030.37
2030.57
2030.78
2030.98
2031.19
2031.39
2031.6
2031.8
2032
2032.2
2032.4
2032.6
2032.79
2032.99
2033.18
2033.38
2033.57
2033.77
2033.96
2034.15
2034.34
2034.53
2034.72
2034.91
2035.1
2035.29
2035.47
2035.66
2035.85
2036.03
2036.21
2036.4
2036.58
2036.76
2036.94
2037.12
2037.3
2037.48
2037.66
2037.84
2038.02
2038.19
2038.36
2038.52
--- next_y
1227.97
1228.28
1228.59
1228.89
1229.19
1229.5
1229.81
1230.11
1230.41
1230.72
1231.02
1231.32
1231.63
1231.93
1232.23
1232.54
1232.84
1233.14
1233.44
1233.74
1234.04
1234.35
1234.65
1234.95
1235.25
1235.55
1235.85
1236.15
1236.45
1236.75
1237.05
1237.35
1237.65
1237.95
1238.25
1238.55
1238.85
1239.15
1239.45
1239.75
1240.05
1240.34
1240.64
1240.94
1241.24
1241.53
1241.83
1242.13
1242.42
1242.72
