iteracion: 526
--- next_x
1600.11
1600.46
1600.8
1601.15
1601.5
1601.84
1602.19
1602.53
1602.87
1603.22
1603.56
1603.9
1604.24
1604.58
1604.92
1605.26
1605.59
1605.93
1606.27
1606.6
1606.94
1607.27
1607.61
1607.94
1608.27
1608.61
1608.94
1609.27
1609.6
1609.93
1610.26
1610.59
1610.91
1611.24
1611.57
1611.89
1612.22
1612.54
1612.87
1613.19
1613.51
1613.83
1614.15
1614.47
1614.79
1615.11
1615.43
1615.75
1616.07
1616.39
--- next_y
1155.74
1155.71
1155.68
1155.66
1155.63
1155.6
1155.57
1155.54
1155.51
1155.48
1155.45
1155.43
1155.4
1155.37
1155.34
1155.31
1155.28
1155.25
1155.22
1155.18
1155.15
1155.12
1155.09
1155.06
1155.03
1155
1154.97
1154.94
1154.9
1154.87
1154.84
1154.81
1154.78
1154.74
1154.71
1154.68
1154.65
1154.62
1154.58
1154.55
1154.52
1154.49
1154.46
1154.42
1154.39
1154.36
1154.33
1154.29
1154.26
1154.23
iteracion: 526
--- next_x
1600.11
1600.46
1600.8
1601.15
1601.5
1601.84
1602.19
1602.53
1602.87
1603.22
1603.56
1603.9
1604.24
1604.58
1604.92
1605.26
1605.59
1605.93
1606.27
1606.6
1606.94
1607.27
1607.61
1607.94
1608.27
1608.61
1608.94
1609.27
1609.6
1609.93
1610.26
1610.59
1610.91
1611.24
1611.57
1611.89
1612.22
1612.54
1612.87
1613.19
1613.51
1613.83
1614.15
1614.47
1614.79
1615.11
1615.43
1615.74
1616.06
1616.37
--- next_y
1155.74
1155.71
1155.68
1155.66
1155.63
1155.6
1155.57
1155.54
1155.51
1155.48
1155.45
1155.43
1155.4
1155.37
1155.34
1155.31
1155.28
1155.25
1155.22
1155.18
1155.15
1155.12
1155.09
1155.06
1155.03
1155
1154.97
1154.94
1154.9
1154.87
1154.84
1154.81
1154.78
1154.74
1154.71
1154.68
1154.65
1154.62
1154.58
1154.55
1154.52
1154.49
1154.46
1154.42
1154.39
1154.36
1154.32
1154.28
1154.25
1154.2
iteracion: 526
--- next_x
1600.11
1600.46
1600.8
1601.15
1601.5
1601.84
1602.19
1602.53
1602.87
1603.22
1603.56
1603.9
1604.24
1604.58
1604.92
1605.26
1605.59
1605.93
1606.27
1606.6
1606.94
1607.27
1607.61
1607.94
1608.27
1608.61
1608.94
1609.27
1609.6
1609.93
1610.26
1610.59
1610.91
1611.24
1611.57
1611.89
1612.22
1612.54
1612.87
1613.19
1613.51
1613.83
1614.15
1614.47
1614.79
1615.11
1615.43
1615.75
1616.07
1616.38
--- next_y
1155.74
1155.71
1155.68
1155.66
1155.63
1155.6
1155.57
1155.54
1155.51
1155.48
1155.45
1155.43
1155.4
1155.37
1155.34
1155.31
1155.28
1155.25
1155.22
1155.18
1155.15
1155.12
1155.09
1155.06
1155.03
1155
1154.97
1154.94
1154.9
1154.87
1154.84
1154.81
1154.78
1154.74
1154.71
1154.68
1154.65
1154.62
1154.58
1154.55
1154.52
1154.49
1154.46
1154.42
1154.39
1154.36
1154.33
1154.3
1154.28
1154.26
