iteracion: 1910
--- next_x
2322.23
2322.28
2322.33
2322.38
2322.43
2322.49
2322.54
2322.59
2322.64
2322.69
2322.74
2322.8
2322.85
2322.9
2322.95
2323.01
2323.06
2323.11
2323.16
2323.22
2323.27
2323.33
2323.38
2323.43
2323.49
2323.54
2323.6
2323.65
2323.71
2323.77
2323.82
2323.88
2323.93
2323.99
2324.05
2324.1
2324.16
2324.22
2324.27
2324.33
2324.39
2324.45
2324.51
2324.56
2324.62
2324.68
2324.74
2324.8
2324.85
2324.91
--- next_y
2469.71
2469.98
2470.26
2470.54
2470.82
2471.1
2471.38
2471.66
2471.94
2472.23
2472.51
2472.8
2473.09
2473.37
2473.66
2473.95
2474.25
2474.54
2474.83
2475.13
2475.43
2475.73
2476.03
2476.33
2476.64
2476.94
2477.24
2477.55
2477.86
2478.16
2478.47
2478.78
2479.1
2479.41
2479.73
2480.05
2480.37
2480.68
2481.01
2481.33
2481.65
2481.97
2482.29
2482.61
2482.93
2483.25
2483.57
2483.89
2484.22
2484.54
iteracion: 1910
--- next_x
2322.23
2322.28
2322.33
2322.38
2322.43
2322.49
2322.54
2322.59
2322.64
2322.69
2322.74
2322.8
2322.85
2322.9
2322.95
2323.01
2323.06
2323.11
2323.16
2323.22
2323.27
2323.33
2323.38
2323.43
2323.49
2323.54
2323.6
2323.65
2323.71
2323.77
2323.82
2323.88
2323.93
2323.99
2324.05
2324.1
2324.16
2324.22
2324.27
2324.33
2324.39
2324.45
2324.51
2324.56
2324.62
2324.68
2324.74
2324.8
2324.86
2324.93
--- next_y
2469.71
2469.98
2470.26
2470.54
2470.82
2471.1
2471.38
2471.66
2471.94
2472.23
2472.51
2472.8
2473.09
2473.37
2473.66
2473.95
2474.25
2474.54
2474.83
2475.13
2475.43
2475.73
2476.03
2476.33
2476.64
2476.94
2477.24
2477.55
2477.86
2478.16
2478.47
2478.78
2479.1
2479.41
2479.73
2480.05
2480.37
2480.68
2481.01
2481.33
2481.65
2481.97
2482.29
2482.61
2482.93
2483.25
2483.57
2483.89
2484.21
2484.52
iteracion: 1910
--- next_x
2322.23
2322.28
2322.33
2322.38
2322.43
2322.49
2322.54
2322.59
2322.64
2322.69
2322.74
2322.8
2322.85
2322.9
2322.95
2323.01
2323.06
2323.11
2323.16
2323.22
2323.27
2323.33
2323.38
2323.43
2323.49
2323.54
2323.6
2323.65
2323.71
2323.77
2323.82
2323.88
2323.93
2323.99
2324.05
2324.1
2324.16
2324.22
2324.27
2324.33
2324.39
2324.45
2324.51
2324.56
2324.62
2324.68
2324.74
2324.79
2324.84
2324.89
--- next_y
2469.71
2469.98
2470.26
2470.54
2470.82
2471.1
2471.38
2471.66
2471.94
2472.23
2472.51
2472.8
2473.09
2473.37
2473.66
2473.95
2474.25
2474.54
2474.83
2475.13
2475.43
2475.73
2476.03
2476.33
2476.64
2476.94
2477.24
2477.55
2477.86
2478.16
2478.47
2478.78
2479.1
2479.41
2479.73
2480.05
2480.37
2480.68
2481.01
2481.33
2481.65
2481.97
2482.29
2482.61
2482.93
2483.25
2483.57
2483.89
2484.21
2484.53
