iteracion: 1086
--- next_x
2113.25
2113.29
2113.33
2113.37
2113.41
2113.44
2113.48
2113.52
2113.56
2113.59
2113.63
2113.67
2113.71
2113.74
2113.78
2113.82
2113.86
2113.9
2113.93
2113.97
2114.01
2114.05
2114.09
2114.12
2114.16
2114.2
2114.24
2114.27
2114.31
2114.35
2114.39
2114.43
2114.46
2114.5
2114.54
2114.58
2114.61
2114.65
2114.69
2114.73
2114.77
2114.8
2114.84
2114.88
2114.92
2114.95
2114.99
2115.03
2115.07
2115.11
--- next_y
1469.76
1470.04
1470.33
1470.62
1470.9
1471.19
1471.47
1471.76
1472.04
1472.32
1472.61
1472.89
1473.17
1473.45
1473.73
1474.02
1474.29
1474.57
1474.85
1475.13
1475.41
1475.69
1475.96
1476.24
1476.52
1476.79
1477.07
1477.34
1477.62
1477.89
1478.16
1478.43
1478.71
1478.98
1479.25
1479.52
1479.79
1480.05
1480.32
1480.59
1480.86
1481.12
1481.39
1481.65
1481.92
1482.18
1482.45
1482.72
1482.98
1483.25
iteracion: 1086
--- next_x
2113.25
2113.29
2113.33
2113.37
2113.41
2113.44
2113.48
2113.52
2113.56
2113.59
2113.63
2113.67
2113.71
2113.74
2113.78
2113.82
2113.86
2113.9
2113.93
2113.97
2114.01
2114.05
2114.09
2114.12
2114.16
2114.2
2114.24
2114.27
2114.31
2114.35
2114.39
2114.43
2114.46
2114.5
2114.54
2114.58
2114.61
2114.65
2114.69
2114.73
2114.77
2114.8
2114.84
2114.88
2114.92
2114.96
2115
2115.04
2115.08
2115.12
--- next_y
1469.76
1470.04
1470.33
1470.62
1470.9
1471.19
1471.47
1471.76
1472.04
1472.32
1472.61
1472.89
1473.17
1473.45
1473.73
1474.02
1474.29
1474.57
1474.85
1475.13
1475.41
1475.69
1475.96
1476.24
1476.52
1476.79
1477.07
1477.34
1477.62
1477.89
1478.16
1478.43
1478.71
1478.98
1479.25
1479.52
1479.79
1480.05
1480.32
1480.59
1480.86
1481.12
1481.39
1481.65
1481.92
1482.18
1482.44
1482.71
1482.97
1483.23
iteracion: 1086
--- next_x
2113.25
2113.29
2113.33
2113.37
2113.41
2113.44
2113.48
2113.52
2113.56
2113.59
2113.63
2113.67
2113.71
2113.74
2113.78
2113.82
2113.86
2113.9
2113.93
2113.97
2114.01
2114.05
2114.09
2114.12
2114.16
2114.2
2114.24
2114.27
2114.31
2114.35
2114.39
2114.43
2114.46
2114.5
2114.54
2114.58
2114.61
2114.65
2114.69
2114.73
2114.77
2114.8
2114.84
2114.88
2114.92
2114.95
2114.99
2115.02
2115.06
2115.09
--- next_y
1469.76
1470.04
1470.33
1470.62
1470.9
1471.19
1471.47
1471.76
1472.04
1472.32
1472.61
1472.89
1473.17
1473.45
1473.73
1474.02
1474.29
1474.57
1474.85
1475.13
1475.41
1475.69
1475.96
1476.24
1476.52
1476.79
1477.07
1477.34
1477.62
1477.89
1478.16
1478.43
1478.71
1478.98
1479.25
1479.52
1479.79
1480.05
1480.32
1480.59
1480.86
1481.12
1481.39
1481.65
1481.92
1482.18
1482.45
1482.71
1482.98
1483.24
