iteracion: 868
--- next_x
2007.53
2007.84
2008.14
2008.44
2008.74
2009.04
2009.34
2009.64
2009.94
2010.23
2010.53
2010.82
2011.12
2011.41
2011.7
2011.99
2012.28
2012.57
2012.85
2013.14
2013.42
2013.71
2013.99
2014.27
2014.55
2014.83
2015.11
2015.38
2015.66
2015.93
2016.2
2016.47
2016.74
2017.01
2017.27
2017.54
2017.8
2018.06
2018.33
2018.59
2018.84
2019.1
2019.36
2019.61
2019.87
2020.12
2020.37
2020.62
2020.87
2021.12
--- next_y
1202.51
1202.8
1203.09
1203.39
1203.68
1203.98
1204.27
1204.57
1204.86
1205.15
1205.45
1205.74
1206.04
1206.33
1206.63
1206.92
1207.22
1207.52
1207.81
1208.11
1208.41
1208.7
1209
1209.3
1209.6
1209.9
1210.19
1210.49
1210.79
1211.09
1211.39
1211.69
1212
1212.3
1212.6
1212.9
1213.21
1213.51
1213.81
1214.12
1214.42
1214.72
1215.03
1215.34
1215.64
1215.95
1216.26
1216.56
1216.87
1217.18
iteracion: 868
--- next_x
2007.53
2007.84
2008.14
2008.44
2008.74
2009.04
2009.34
2009.64
2009.94
2010.23
2010.53
2010.82
2011.12
2011.41
2011.7
2011.99
2012.28
2012.57
2012.85
2013.14
2013.42
2013.71
2013.99
2014.27
2014.55
2014.83
2015.11
2015.38
2015.66
2015.93
2016.2
2016.47
2016.74
2017.01
2017.27
2017.54
2017.8
2018.06
2018.33
2018.59
2018.84
2019.1
2019.36
2019.61
2019.87
2020.12
2020.37
2020.63
2020.89
2021.15
--- next_y
1202.51
1202.8
1203.09
1203.39
1203.68
1203.98
1204.27
1204.57
1204.86
1205.15
1205.45
1205.74
1206.04
1206.33
1206.63
1206.92
1207.22
1207.52
1207.81
1208.11
1208.41
1208.7
1209
1209.3
1209.6
1209.9
1210.19
1210.49
1210.79
1211.09
1211.39
1211.69
1212
1212.3
1212.6
1212.9
1213.21
1213.51
1213.81
1214.12
1214.42
1214.72
1215.03
1215.34
1215.64
1215.95
1216.25
1216.56
1216.86
1217.17
iteracion: 868
--- next_x
2007.53
2007.84
2008.14
2008.44
2008.74
2009.04
2009.34
2009.64
2009.94
2010.23
2010.53
2010.82
2011.12
2011.41
2011.7
2011.99
2012.28
2012.57
2012.85
2013.14
2013.42
2013.71
2013.99
2014.27
2014.55
2014.83
2015.11
2015.38
2015.66
2015.93
2016.2
2016.47
2016.74
2017.01
2017.27
2017.54
2017.8
2018.06
2018.33
2018.59
2018.84
2019.1
2019.36
2019.61
2019.87
2020.12
2020.36
2020.6
2020.84
2021.08
--- next_y
1202.51
1202.8
1203.09
1203.39
1203.68
1203.98
1204.27
1204.57
1204.86
1205.15
1205.45
1205.74
1206.04
1206.33
1206.63
1206.92
1207.22
1207.52
1207.81
1208.11
1208.41
1208.7
1209
1209.3
1209.6
1209.9
1210.19
1210.49
1210.79
1211.09
1211.39
1211.69
1212
1212.3
1212.6
1212.9
1213.21
1213.51
1213.81
1214.12
1214.42
1214.72
1215.03
1215.34
1215.64
1215.95
1216.25
1216.56
1216.86
1217.17
