iteracion: 1702
--- next_x
2260.5
2260.55
2260.6
2260.66
2260.7
2260.76
2260.81
2260.86
2260.91
2260.96
2261.01
2261.06
2261.11
2261.16
2261.21
2261.26
2261.31
2261.36
2261.41
2261.47
2261.52
2261.57
2261.62
2261.67
2261.72
2261.77
2261.82
2261.87
2261.92
2261.97
2262.02
2262.07
2262.12
2262.17
2262.22
2262.28
2262.32
2262.38
2262.43
2262.48
2262.53
2262.58
2262.63
2262.68
2262.73
2262.78
2262.83
2262.88
2262.93
2262.98
--- next_y
2229.97
2230.26
2230.55
2230.84
2231.13
2231.42
2231.7
2231.99
2232.28
2232.56
2232.85
2233.13
2233.41
2233.7
2233.98
2234.26
2234.54
2234.82
2235.1
2235.38
2235.66
2235.94
2236.22
2236.49
2236.77
2237.04
2237.32
2237.59
2237.87
2238.14
2238.42
2238.69
2238.96
2239.23
2239.5
2239.77
2240.04
2240.31
2240.58
2240.85
2241.11
2241.38
2241.65
2241.91
2242.18
2242.44
2242.71
2242.97
2243.24
2243.5
iteracion: 1702
--- next_x
2260.5
2260.55
2260.6
2260.66
2260.7
2260.76
2260.81
2260.86
2260.91
2260.96
2261.01
2261.06
2261.11
2261.16
2261.21
2261.26
2261.31
2261.36
2261.41
2261.47
2261.52
2261.57
2261.62
2261.67
2261.72
2261.77
2261.82
2261.87
2261.92
2261.97
2262.02
2262.07
2262.12
2262.17
2262.22
2262.28
2262.32
2262.38
2262.43
2262.48
2262.53
2262.58
2262.63
2262.68
2262.73
2262.78
2262.83
2262.88
2262.93
2262.98
--- next_y
2229.97
2230.26
2230.55
2230.84
2231.13
2231.42
2231.7
2231.99
2232.28
2232.56
2232.85
2233.13
2233.41
2233.7
2233.98
2234.26
2234.54
2234.82
2235.1
2235.38
2235.66
2235.94
2236.22
2236.49
2236.77
2237.04
2237.32
2237.59
2237.87
2238.14
2238.42
2238.69
2238.96
2239.23
2239.5
2239.77
2240.04
2240.31
2240.58
2240.85
2241.11
2241.38
2241.65
2241.91
2242.18
2242.44
2242.71
2242.97
2243.23
2243.5
iteracion: 1702
--- next_x
2260.5
2260.55
2260.6
2260.66
2260.7
2260.76
2260.81
2260.86
2260.91
2260.96
2261.01
2261.06
2261.11
2261.16
2261.21
2261.26
2261.31
2261.36
2261.41
2261.47
2261.52
2261.57
2261.62
2261.67
2261.72
2261.77
2261.82
2261.87
2261.92
2261.97
2262.02
2262.07
2262.12
2262.17
2262.22
2262.28
2262.32
2262.38
2262.43
2262.48
2262.53
2262.58
2262.63
2262.68
2262.73
2262.78
2262.83
2262.88
2262.93
2262.97
--- next_y
2229.97
2230.26
2230.55
2230.84
2231.13
2231.42
2231.7
2231.99
2232.28
2232.56
2232.85
2233.13
2233.41
2233.7
2233.98
2234.26
2234.54
2234.82
2235.1
2235.38
2235.66
2235.94
2236.22
2236.49
2236.77
2237.04
2237.32
2237.59
2237.87
2238.14
2238.42
2238.69
2238.96
2239.23
2239.5
2239.77
2240.04
2240.31
2240.58
2240.85
2241.11
2241.38
2241.65
2241.91
2242.18
2242.44
2242.71
2242.97
2243.23
2243.5
