iteracion: 307
--- next_x
1318.09
1318.53
1318.97
1319.41
1319.86
1320.3
1320.74
1321.18
1321.62
1322.06
1322.5
1322.94
1323.39
1323.83
1324.27
1324.71
1325.15
1325.59
1326.03
1326.47
1326.92
1327.36
1327.8
1328.24
1328.68
1329.12
1329.56
1330.01
1330.45
1330.89
1331.33
1331.77
1332.21
1332.65
1333.09
1333.54
1333.98
1334.42
1334.86
1335.3
1335.74
1336.18
1336.62
1337.06
1337.5
1337.94
1338.38
1338.82
1339.25
1339.69
--- next_y
1184.68
1184.64
1184.59
1184.54
1184.5
1184.45
1184.41
1184.36
1184.31
1184.27
1184.22
1184.17
1184.13
1184.08
1184.04
1183.99
1183.94
1183.9
1183.85
1183.81
1183.76
1183.71
1183.67
1183.62
1183.58
1183.53
1183.48
1183.44
1183.39
1183.35
1183.3
1183.25
1183.21
1183.16
1183.12
1183.07
1183.03
1182.98
1182.93
1182.89
1182.84
1182.8
1182.75
1182.71
1182.66
1182.62
1182.58
1182.53
1182.49
1182.45
iteracion: 307
--- next_x
1318.09
1318.53
1318.97
1319.41
1319.86
1320.3
1320.74
1321.18
1321.62
1322.06
1322.5
1322.94
1323.39
1323.83
1324.27
1324.71
1325.15
1325.59
1326.03
1326.47
1326.92
1327.36
1327.8
1328.24
1328.68
1329.12
1329.56
1330.01
1330.45
1330.89
1331.33
1331.77
1332.21
1332.65
1333.09
1333.54
1333.98
1334.42
1334.86
1335.3
1335.74
1336.18
1336.62
1337.06
1337.5
1337.94
1338.37
1338.8
1339.24
1339.67
--- next_y
1184.68
1184.64
1184.59
1184.54
1184.5
1184.45
1184.41
1184.36
1184.31
1184.27
1184.22
1184.17
1184.13
1184.08
1184.04
1183.99
1183.94
1183.9
1183.85
1183.81
1183.76
1183.71
1183.67
1183.62
1183.58
1183.53
1183.48
1183.44
1183.39
1183.35
1183.3
1183.25
1183.21
1183.16
1183.12
1183.07
1183.03
1182.98
1182.93
1182.89
1182.84
1182.8
1182.75
1182.71
1182.66
1182.62
1182.57
1182.52
1182.47
1182.4
iteracion: 307
--- next_x
1318.09
1318.53
1318.97
1319.41
1319.86
1320.3
1320.74
1321.18
1321.62
1322.06
1322.5
1322.94
1323.39
1323.83
1324.27
1324.71
1325.15
1325.59
1326.03
1326.47
1326.92
1327.36
1327.8
1328.24
1328.68
1329.12
1329.56
1330.01
1330.45
1330.89
1331.33
1331.77
1332.21
1332.65
1333.09
1333.54
1333.98
1334.42
1334.86
1335.3
1335.74
1336.18
1336.62
1337.06
1337.5
1337.94
1338.37
1338.81
1339.24
1339.68
--- next_y
1184.68
1184.64
1184.59
1184.54
1184.5
1184.45
1184.41
1184.36
1184.31
1184.27
1184.22
1184.17
1184.13
1184.08
1184.04
1183.99
1183.94
1183.9
1183.85
1183.81
1183.76
1183.71
1183.67
1183.62
1183.58
1183.53
1183.48
1183.44
1183.39
1183.35
1183.3
1183.25
1183.21
1183.16
1183.12
1183.07
1183.03
1182.98
1182.93
1182.89
1182.84
1182.8
1182.75
1182.71
1182.66
1182.62
1182.58
1182.55
1182.52
1182.49
