iteracion: 1760
--- next_x
2271.64
2271.72
2271.79
2271.87
2271.95
2272.02
2272.1
2272.18
2272.26
2272.34
2272.42
2272.5
2272.58
2272.67
2272.75
2272.83
2272.92
2273
2273.09
2273.18
2273.26
2273.35
2273.44
2273.53
2273.62
2273.72
2273.81
2273.9
2274
2274.09
2274.19
2274.29
2274.39
2274.48
2274.58
2274.68
2274.78
2274.88
2274.98
2275.08
2275.18
2275.28
2275.39
2275.49
2275.59
2275.69
2275.8
2275.9
2276.01
2276.11
--- next_y
2290.42
2290.78
2291.15
2291.51
2291.87
2292.24
2292.6
2292.97
2293.34
2293.71
2294.08
2294.45
2294.82
2295.19
2295.55
2295.92
2296.29
2296.66
2297.03
2297.41
2297.78
2298.15
2298.53
2298.91
2299.28
2299.66
2300.04
2300.42
2300.8
2301.18
2301.56
2301.93
2302.31
2302.68
2303.06
2303.43
2303.8
2304.17
2304.55
2304.91
2305.28
2305.65
2306.02
2306.39
2306.75
2307.12
2307.48
2307.85
2308.22
2308.58
iteracion: 1760
--- next_x
2271.64
2271.72
2271.79
2271.87
2271.95
2272.02
2272.1
2272.18
2272.26
2272.34
2272.42
2272.5
2272.58
2272.67
2272.75
2272.83
2272.92
2273
2273.09
2273.18
2273.26
2273.35
2273.44
2273.53
2273.62
2273.72
2273.81
2273.9
2274
2274.09
2274.19
2274.29
2274.39
2274.48
2274.58
2274.68
2274.78
2274.88
2274.98
2275.08
2275.18
2275.28
2275.39
2275.49
2275.59
2275.69
2275.8
2275.91
2276.02
2276.14
--- next_y
2290.42
2290.78
2291.15
2291.51
2291.87
2292.24
2292.6
2292.97
2293.34
2293.71
2294.08
2294.45
2294.82
2295.19
2295.55
2295.92
2296.29
2296.66
2297.03
2297.41
2297.78
2298.15
2298.53
2298.91
2299.28
2299.66
2300.04
2300.42
2300.8
2301.18
2301.56
2301.93
2302.31
2302.68
2303.06
2303.43
2303.8
2304.17
2304.55
2304.91
2305.28
2305.65
2306.02
2306.39
2306.75
2307.12
2307.48
2307.84
2308.19
2308.55
iteracion: 1760
--- next_x
2271.64
2271.72
2271.79
2271.87
2271.95
2272.02
2272.1
2272.18
2272.26
2272.34
2272.42
2272.5
2272.58
2272.67
2272.75
2272.83
2272.92
2273
2273.09
2273.18
2273.26
2273.35
2273.44
2273.53
2273.62
2273.72
2273.81
2273.9
2274
2274.09
2274.19
2274.29
2274.39
2274.48
2274.58
2274.68
2274.78
2274.88
2274.98
2275.08
2275.18
2275.28
2275.39
2275.49
2275.59
2275.69
2275.8
2275.89
2275.99
2276.08
--- next_y
2290.42
2290.78
2291.15
2291.51
2291.87
2292.24
2292.6
2292.97
2293.34
2293.71
2294.08
2294.45
2294.82
2295.19
2295.55
2295.92
2296.29
2296.66
2297.03
2297.41
2297.78
2298.15
2298.53
2298.91
2299.28
2299.66
2300.04
2300.42
2300.8
2301.18
2301.56
2301.93
2302.31
2302.68
2303.06
2303.43
2303.8
2304.17
2304.55
2304.91
2305.28
2305.65
2306.02
2306.39
2306.75
2307.12
2307.48
2307.85
2308.21
2308.58
