iteracion: 1400
--- next_x
2182.42
2182.47
2182.51
2182.55
2182.6
2182.64
2182.68
2182.73
2182.77
2182.81
2182.86
2182.9
2182.94
2182.98
2183.02
2183.06
2183.1
2183.14
2183.18
2183.22
2183.26
2183.3
2183.33
2183.37
2183.41
2183.45
2183.48
2183.52
2183.56
2183.59
2183.63
2183.67
2183.7
2183.74
2183.78
2183.81
2183.85
2183.88
2183.92
2183.95
2183.99
2184.02
2184.06
2184.09
2184.12
2184.16
2184.19
2184.23
2184.26
2184.3
--- next_y
1848.21
1848.61
1849.01
1849.41
1849.8
1850.2
1850.6
1850.99
1851.39
1851.78
1852.18
1852.57
1852.96
1853.36
1853.75
1854.14
1854.53
1854.92
1855.31
1855.7
1856.09
1856.48
1856.87
1857.25
1857.64
1858.03
1858.41
1858.8
1859.18
1859.56
1859.95
1860.33
1860.71
1861.09
1861.47
1861.85
1862.23
1862.61
1862.99
1863.37
1863.74
1864.12
1864.5
1864.87
1865.25
1865.62
1866
1866.37
1866.74
1867.12
iteracion: 1400
--- next_x
2182.42
2182.47
2182.51
2182.55
2182.6
2182.64
2182.68
2182.73
2182.77
2182.81
2182.86
2182.9
2182.94
2182.98
2183.02
2183.06
2183.1
2183.14
2183.18
2183.22
2183.26
2183.3
2183.33
2183.37
2183.41
2183.45
2183.48
2183.52
2183.56
2183.59
2183.63
2183.67
2183.7
2183.74
2183.78
2183.81
2183.85
2183.88
2183.92
2183.95
2183.99
2184.02
2184.06
2184.09
2184.12
2184.16
2184.19
2184.23
2184.27
2184.31
--- next_y
1848.21
1848.61
1849.01
1849.41
1849.8
1850.2
1850.6
1850.99
1851.39
1851.78
1852.18
1852.57
1852.96
1853.36
1853.75
1854.14
1854.53
1854.92
1855.31
1855.7
1856.09
1856.48
1856.87
1857.25
1857.64
1858.03
1858.41
1858.8
1859.18
1859.56
1859.95
1860.33
1860.71
1861.09
1861.47
1861.85
1862.23
1862.61
1862.99
1863.37
1863.74
1864.12
1864.5
1864.87
1865.25
1865.62
1866
1866.37
1866.74
1867.1
iteracion: 1400
--- next_x
2182.42
2182.47
2182.51
2182.55
2182.6
2182.64
2182.68
2182.73
2182.77
2182.81
2182.86
2182.9
2182.94
2182.98
2183.02
2183.06
2183.1
2183.14
2183.18
2183.22
2183.26
2183.3
2183.33
2183.37
2183.41
2183.45
2183.48
2183.52
2183.56
2183.59
2183.63
2183.67
2183.7
2183.74
2183.78
2183.81
2183.85
2183.88
2183.92
2183.95
2183.99
2184.02
2184.06
2184.09
2184.12
2184.16
2184.19
2184.23
2184.25
2184.28
--- next_y
1848.21
1848.61
1849.01
1849.41
1849.8
1850.2
1850.6
1850.99
1851.39
1851.78
1852.18
1852.57
1852.96
1853.36
1853.75
1854.14
1854.53
1854.92
1855.31
1855.7
1856.09
1856.48
1856.87
1857.25
1857.64
1858.03
1858.41
1858.8
1859.18
1859.56
1859.95
1860.33
1860.71
1861.09
1861.47
1861.85
1862.23
1862.61
1862.99
1863.37
1863.74
1864.12
1864.5
1864.87
1865.25
1865.62
1866
1866.37
1866.74
1867.11
