iteracion: 1252
--- next_x
2152.25
2152.34
2152.43
2152.53
2152.61
2152.71
2152.8
2152.89
2152.97
2153.07
2153.15
2153.24
2153.33
2153.42
2153.51
2153.6
2153.69
2153.77
2153.86
2153.95
2154.04
2154.12
2154.21
2154.3
2154.39
2154.47
2154.56
2154.65
2154.74
2154.82
2154.91
2155
2155.08
2155.17
2155.26
2155.34
2155.43
2155.52
2155.6
2155.69
2155.78
2155.86
2155.95
2156.04
2156.12
2156.21
2156.3
2156.38
2156.47
2156.56
--- next_y
1677.36
1677.73
1678.09
1678.46
1678.82
1679.19
1679.55
1679.91
1680.28
1680.64
1681
1681.36
1681.72
1682.08
1682.44
1682.8
1683.16
1683.52
1683.88
1684.23
1684.59
1684.94
1685.3
1685.66
1686.01
1686.36
1686.72
1687.07
1687.42
1687.78
1688.13
1688.48
1688.83
1689.17
1689.53
1689.87
1690.22
1690.57
1690.92
1691.26
1691.61
1691.95
1692.3
1692.64
1692.99
1693.33
1693.68
1694.02
1694.37
1694.71
iteracion: 1252
--- next_x
2152.25
2152.34
2152.43
2152.53
2152.61
2152.71
2152.8
2152.89
2152.97
2153.07
2153.15
2153.24
2153.33
2153.42
2153.51
2153.6
2153.69
2153.77
2153.86
2153.95
2154.04
2154.12
2154.21
2154.3
2154.39
2154.47
2154.56
2154.65
2154.74
2154.82
2154.91
2155
2155.08
2155.17
2155.26
2155.34
2155.43
2155.52
2155.6
2155.69
2155.78
2155.86
2155.95
2156.04
2156.12
2156.21
2156.3
2156.39
2156.49
2156.59
--- next_y
1677.36
1677.73
1678.09
1678.46
1678.82
1679.19
1679.55
1679.91
1680.28
1680.64
1681
1681.36
1681.72
1682.08
1682.44
1682.8
1683.16
1683.52
1683.88
1684.23
1684.59
1684.94
1685.3
1685.66
1686.01
1686.36
1686.72
1687.07
1687.42
1687.78
1688.13
1688.48
1688.83
1689.17
1689.53
1689.87
1690.22
1690.57
1690.92
1691.26
1691.61
1691.95
1692.3
1692.64
1692.99
1693.33
1693.67
1694.01
1694.35
1694.69
iteracion: 1252
--- next_x
2152.25
2152.34
2152.43
2152.53
2152.61
2152.71
2152.8
2152.89
2152.97
2153.07
2153.15
2153.24
2153.33
2153.42
2153.51
2153.6
2153.69
2153.77
2153.86
2153.95
2154.04
2154.12
2154.21
2154.3
2154.39
2154.47
2154.56
2154.65
2154.74
2154.82
2154.91
2155
2155.08
2155.17
2155.26
2155.34
2155.43
2155.52
2155.6
2155.69
2155.78
2155.86
2155.95
2156.04
2156.12
2156.21
2156.29
2156.37
2156.44
2156.52
--- next_y
1677.36
1677.73
1678.09
1678.46
1678.82
1679.19
1679.55
1679.91
1680.28
1680.64
1681
1681.36
1681.72
1682.08
1682.44
1682.8
1683.16
1683.52
1683.88
1684.23
1684.59
1684.94
1685.3
1685.66
1686.01
1686.36
1686.72
1687.07
1687.42
1687.78
1688.13
1688.48
1688.83
1689.17
1689.53
1689.87
1690.22
1690.57
1690.92
1691.26
1691.61
1691.95
1692.3
1692.64
1692.99
1693.33
1693.67
1694.01
1694.35
1694.7
