iteracion: 416
--- next_x
1462.02
1462.24
1462.46
1462.67
1462.89
1463.11
1463.32
1463.54
1463.75
1463.96
1464.17
1464.38
1464.6
1464.81
1465.02
1465.22
1465.43
1465.64
1465.85
1466.06
1466.26
1466.47
1466.67
1466.88
1467.08
1467.28
1467.49
1467.69
1467.89
1468.09
1468.29
1468.49
1468.69
1468.89
1469.09
1469.28
1469.48
1469.67
1469.87
1470.07
1470.26
1470.45
1470.65
1470.84
1471.03
1471.22
1471.41
1471.61
1471.8
1471.99
--- next_y
1168.5
1168.47
1168.44
1168.41
1168.38
1168.35
1168.32
1168.3
1168.27
1168.23
1168.21
1168.18
1168.15
1168.12
1168.09
1168.06
1168.03
1168.01
1167.98
1167.95
1167.92
1167.89
1167.87
1167.84
1167.81
1167.78
1167.76
1167.73
1167.7
1167.67
1167.65
1167.62
1167.59
1167.56
1167.54
1167.51
1167.48
1167.45
1167.43
1167.4
1167.38
1167.35
1167.32
1167.3
1167.27
1167.24
1167.22
1167.19
1167.17
1167.14
iteracion: 416
--- next_x
1462.02
1462.24
1462.46
1462.67
1462.89
1463.11
1463.32
1463.54
1463.75
1463.96
1464.17
1464.38
1464.6
1464.81
1465.02
1465.22
1465.43
1465.64
1465.85
1466.06
1466.26
1466.47
1466.67
1466.88
1467.08
1467.28
1467.49
1467.69
1467.89
1468.09
1468.29
1468.49
1468.69
1468.89
1469.09
1469.28
1469.48
1469.67
1469.87
1470.07
1470.26
1470.45
1470.65
1470.84
1471.03
1471.22
1471.41
1471.61
1471.8
1471.99
--- next_y
1168.5
1168.47
1168.44
1168.41
1168.38
1168.35
1168.32
1168.3
1168.27
1168.23
1168.21
1168.18
1168.15
1168.12
1168.09
1168.06
1168.03
1168.01
1167.98
1167.95
1167.92
1167.89
1167.87
1167.84
1167.81
1167.78
1167.76
1167.73
1167.7
1167.67
1167.65
1167.62
1167.59
1167.56
1167.54
1167.51
1167.48
1167.45
1167.43
1167.4
1167.38
1167.35
1167.32
1167.3
1167.27
1167.24
1167.22
1167.19
1167.17
1167.14
iteracion: 416
--- next_x
1462.02
1462.24
1462.46
1462.67
1462.89
1463.11
1463.32
1463.54
1463.75
1463.96
1464.17
1464.38
1464.6
1464.81
1465.02
1465.22
1465.43
1465.64
1465.85
1466.06
1466.26
1466.47
1466.67
1466.88
1467.08
1467.28
1467.49
1467.69
1467.89
1468.09
1468.29
1468.49
1468.69
1468.89
1469.09
1469.28
1469.48
1469.67
1469.87
1470.07
1470.26
1470.45
1470.65
1470.84
1471.03
1471.22
1471.41
1471.61
1471.8
1471.99
--- next_y
1168.5
1168.47
1168.44
1168.41
1168.38
1168.35
1168.32
1168.3
1168.27
1168.23
1168.21
1168.18
1168.15
1168.12
1168.09
1168.06
1168.03
1168.01
1167.98
1167.95
1167.92
1167.89
1167.87
1167.84
1167.81
1167.78
1167.76
1167.73
1167.7
1167.67
1167.65
1167.62
1167.59
1167.56
1167.54
1167.51
1167.48
1167.45
1167.43
1167.4
1167.38
1167.35
1167.32
1167.3
1167.27
1167.24
1167.22
1167.19
1167.17
1167.14
