iteracion: 1328
--- next_x
2222.99
2223.1
2223.2
2223.3
2223.41
2223.51
2223.61
2223.72
2223.82
2223.93
2224.03
2224.13
2224.24
2224.34
2224.44
2224.54
2224.65
2224.75
2224.85
2224.95
2225.06
2225.16
2225.26
2225.36
2225.46
2225.57
2225.67
2225.77
2225.87
2225.97
2226.07
2226.17
2226.27
2226.37
2226.47
2226.57
2226.66
2226.76
2226.86
2226.96
2227.06
2227.16
2227.26
2227.36
2227.46
2227.56
2227.66
2227.76
2227.86
2227.96
--- next_y
2079.72
2080.09
2080.45
2080.82
2081.18
2081.55
2081.91
2082.27
2082.63
2082.99
2083.34
2083.7
2084.06
2084.41
2084.76
2085.11
2085.46
2085.82
2086.17
2086.52
2086.86
2087.21
2087.55
2087.9
2088.25
2088.59
2088.93
2089.27
2089.61
2089.95
2090.29
2090.63
2090.96
2091.3
2091.63
2091.96
2092.29
2092.63
2092.96
2093.28
2093.61
2093.94
2094.26
2094.59
2094.92
2095.24
2095.57
2095.9
2096.22
2096.55
iteracion: 1328
--- next_x
2222.99
2223.1
2223.2
2223.3
2223.41
2223.51
2223.61
2223.72
2223.82
2223.93
2224.03
2224.13
2224.24
2224.34
2224.44
2224.54
2224.65
2224.75
2224.85
2224.95
2225.06
2225.16
2225.26
2225.36
2225.46
2225.57
2225.67
2225.77
2225.87
2225.97
2226.07
2226.17
2226.27
2226.37
2226.47
2226.57
2226.66
2226.76
2226.86
2226.96
2227.06
2227.16
2227.26
2227.36
2227.46
2227.56
2227.66
2227.77
2227.87
2227.98
--- next_y
2079.72
2080.09
2080.45
2080.82
2081.18
2081.55
2081.91
2082.27
2082.63
2082.99
2083.34
2083.7
2084.06
2084.41
2084.76
2085.11
2085.46
2085.82
2086.17
2086.52
2086.86
2087.21
2087.55
2087.9
2088.25
2088.59
2088.93
2089.27
2089.61
2089.95
2090.29
2090.63
2090.96
2091.3
2091.63
2091.96
2092.29
2092.63
2092.96
2093.28
2093.61
2093.94
2094.26
2094.59
2094.92
2095.24
2095.56
2095.88
2096.21
2096.53
iteracion: 1328
--- next_x
2222.99
2223.1
2223.2
2223.3
2223.41
2223.51
2223.61
2223.72
2223.82
2223.93
2224.03
2224.13
2224.24
2224.34
2224.44
2224.54
2224.65
2224.75
2224.85
2224.95
2225.06
2225.16
2225.26
2225.36
2225.46
2225.57
2225.67
2225.77
2225.87
2225.97
2226.07
2226.17
2226.27
2226.37
2226.47
2226.57
2226.66
2226.76
2226.86
2226.96
2227.06
2227.16
2227.26
2227.36
2227.46
2227.55
2227.65
2227.74
2227.83
2227.92
--- next_y
2079.72
2080.09
2080.45
2080.82
2081.18
2081.55
2081.91
2082.27
2082.63
2082.99
2083.34
2083.7
2084.06
2084.41
2084.76
2085.11
2085.46
2085.82
2086.17
2086.52
2086.86
2087.21
2087.55
2087.9
2088.25
2088.59
2088.93
2089.27
2089.61
2089.95
2090.29
2090.63
2090.96
2091.3
2091.63
2091.96
2092.29
2092.63
2092.96
2093.28
2093.61
2093.94
2094.26
2094.59
2094.92
2095.24
2095.57
2095.89
2096.22
2096.54
