iteracion: 1687
--- next_x
2257.34
2257.41
2257.47
2257.53
2257.59
2257.65
2257.71
2257.77
2257.83
2257.89
2257.95
2258.01
2258.07
2258.12
2258.18
2258.24
2258.3
2258.36
2258.42
2258.47
2258.53
2258.59
2258.65
2258.7
2258.76
2258.82
2258.87
2258.93
2258.99
2259.04
2259.09
2259.15
2259.2
2259.26
2259.31
2259.37
2259.42
2259.47
2259.53
2259.58
2259.63
2259.68
2259.74
2259.79
2259.84
2259.89
2259.95
2260
2260.05
2260.1
--- next_y
2212.41
2212.73
2213.05
2213.38
2213.7
2214.02
2214.34
2214.66
2214.98
2215.3
2215.62
2215.94
2216.26
2216.58
2216.89
2217.21
2217.53
2217.84
2218.16
2218.47
2218.78
2219.09
2219.41
2219.72
2220.03
2220.34
2220.65
2220.96
2221.27
2221.57
2221.88
2222.19
2222.5
2222.8
2223.11
2223.41
2223.72
2224.02
2224.32
2224.63
2224.93
2225.23
2225.53
2225.83
2226.13
2226.43
2226.73
2227.03
2227.33
2227.63
iteracion: 1687
--- next_x
2257.34
2257.41
2257.47
2257.53
2257.59
2257.65
2257.71
2257.77
2257.83
2257.89
2257.95
2258.01
2258.07
2258.12
2258.18
2258.24
2258.3
2258.36
2258.42
2258.47
2258.53
2258.59
2258.65
2258.7
2258.76
2258.82
2258.87
2258.93
2258.99
2259.04
2259.09
2259.15
2259.2
2259.26
2259.31
2259.37
2259.42
2259.47
2259.53
2259.58
2259.63
2259.68
2259.74
2259.79
2259.84
2259.89
2259.95
2260
2260.05
2260.11
--- next_y
2212.41
2212.73
2213.05
2213.38
2213.7
2214.02
2214.34
2214.66
2214.98
2215.3
2215.62
2215.94
2216.26
2216.58
2216.89
2217.21
2217.53
2217.84
2218.16
2218.47
2218.78
2219.09
2219.41
2219.72
2220.03
2220.34
2220.65
2220.96
2221.27
2221.57
2221.88
2222.19
2222.5
2222.8
2223.11
2223.41
2223.72
2224.02
2224.32
2224.63
2224.93
2225.23
2225.53
2225.83
2226.13
2226.43
2226.73
2227.03
2227.32
2227.62
iteracion: 1687
--- next_x
2257.34
2257.41
2257.47
2257.53
2257.59
2257.65
2257.71
2257.77
2257.83
2257.89
2257.95
2258.01
2258.07
2258.12
2258.18
2258.24
2258.3
2258.36
2258.42
2258.47
2258.53
2258.59
2258.65
2258.7
2258.76
2258.82
2258.87
2258.93
2258.99
2259.04
2259.09
2259.15
2259.2
2259.26
2259.31
2259.37
2259.42
2259.47
2259.53
2259.58
2259.63
2259.68
2259.74
2259.79
2259.84
2259.89
2259.95
2259.99
2260.04
2260.09
--- next_y
2212.41
2212.73
2213.05
2213.38
2213.7
2214.02
2214.34
2214.66
2214.98
2215.3
2215.62
2215.94
2216.26
2216.58
2216.89
2217.21
2217.53
2217.84
2218.16
2218.47
2218.78
2219.09
2219.41
2219.72
2220.03
2220.34
2220.65
2220.96
2221.27
2221.57
2221.88
2222.19
2222.5
2222.8
2223.11
2223.41
2223.72
2224.02
2224.32
2224.63
2224.93
2225.23
2225.53
2225.83
2226.13
2226.43
2226.73
2227.03
2227.33
2227.62
