iteracion: 3869
--- next_x
175.194
175.292
175.39
175.488
175.585
175.683
175.781
175.879
175.977
176.075
176.173
176.271
176.369
176.466
176.564
176.662
176.759
176.856
176.954
177.051
177.148
177.245
177.342
177.44
177.536
177.633
177.73
177.827
177.924
178.021
178.118
178.215
178.311
178.407
178.504
178.599
178.695
178.791
178.887
178.983
179.078
179.174
179.269
179.364
179.459
179.554
179.649
179.744
179.839
179.934
--- next_y
1986.15
1985.74
1985.34
1984.94
1984.54
1984.14
1983.74
1983.34
1982.94
1982.55
1982.15
1981.75
1981.36
1980.96
1980.57
1980.17
1979.78
1979.38
1978.99
1978.6
1978.21
1977.82
1977.43
1977.04
1976.65
1976.26
1975.87
1975.49
1975.1
1974.71
1974.33
1973.94
1973.56
1973.17
1972.79
1972.41
1972.03
1971.64
1971.26
1970.88
1970.51
1970.12
1969.75
1969.37
1968.99
1968.62
1968.24
1967.86
1967.49
1967.11
iteracion: 3869
--- next_x
175.194
175.292
175.39
175.488
175.585
175.683
175.781
175.879
175.977
176.075
176.173
176.271
176.369
176.466
176.564
176.662
176.759
176.856
176.954
177.051
177.148
177.245
177.342
177.44
177.536
177.633
177.73
177.827
177.924
178.021
178.118
178.215
178.311
178.407
178.504
178.599
178.695
178.791
178.887
178.983
179.078
179.174
179.269
179.364
179.459
179.554
179.645
179.734
179.82
179.903
--- next_y
1986.15
1985.74
1985.34
1984.94
1984.54
1984.14
1983.74
1983.34
1982.94
1982.55
1982.15
1981.75
1981.36
1980.96
1980.57
1980.17
1979.78
1979.38
1978.99
1978.6
1978.21
1977.82
1977.43
1977.04
1976.65
1976.26
1975.87
1975.49
1975.1
1974.71
1974.33
1973.94
1973.56
1973.17
1972.79
1972.41
1972.03
1971.64
1971.26
1970.88
1970.51
1970.12
1969.75
1969.37
1968.99
1968.62
1968.24
1967.86
1967.49
1967.11
iteracion: 3869
--- next_x
175.194
175.292
175.39
175.488
175.585
175.683
175.781
175.879
175.977
176.075
176.173
176.271
176.369
176.466
176.564
176.662
176.759
176.856
176.954
177.051
177.148
177.245
177.342
177.44
177.536
177.633
177.73
177.827
177.924
178.021
178.118
178.215
178.311
178.407
178.504
178.599
178.695
178.791
178.887
178.983
179.078
179.174
179.269
179.364
179.459
179.554
179.65
179.749
179.851
179.957
--- next_y
1986.15
1985.74
1985.34
1984.94
1984.54
1984.14
1983.74
1983.34
1982.94
1982.55
1982.15
1981.75
1981.36
1980.96
1980.57
1980.17
1979.78
1979.38
1978.99
1978.6
1978.21
1977.82
1977.43
1977.04
1976.65
1976.26
1975.87
1975.49
1975.1
1974.71
1974.33
1973.94
1973.56
1973.17
1972.79
1972.41
1972.03
1971.64
1971.26
1970.88
1970.51
1970.12
1969.75
1969.37
1968.99
1968.62
1968.25
1967.88
1967.51
1967.14
