iteracion: 1404
--- next_x
2183.06
2183.1
2183.14
2183.18
2183.22
2183.26
2183.3
2183.33
2183.37
2183.41
2183.45
2183.48
2183.52
2183.56
2183.59
2183.63
2183.67
2183.7
2183.74
2183.78
2183.81
2183.85
2183.88
2183.92
2183.95
2183.99
2184.02
2184.06
2184.09
2184.12
2184.16
2184.19
2184.23
2184.26
2184.3
2184.33
2184.36
2184.4
2184.43
2184.46
2184.49
2184.53
2184.56
2184.59
2184.63
2184.66
2184.69
2184.73
2184.76
2184.79
--- next_y
1854.14
1854.53
1854.92
1855.31
1855.7
1856.09
1856.48
1856.87
1857.25
1857.64
1858.03
1858.41
1858.8
1859.18
1859.56
1859.95
1860.33
1860.71
1861.09
1861.47
1861.85
1862.23
1862.61
1862.99
1863.37
1863.74
1864.12
1864.5
1864.87
1865.25
1865.62
1866
1866.37
1866.74
1867.11
1867.48
1867.85
1868.22
1868.59
1868.96
1869.33
1869.69
1870.06
1870.43
1870.79
1871.16
1871.52
1871.89
1872.25
1872.62
iteracion: 1404
--- next_x
2183.06
2183.1
2183.14
2183.18
2183.22
2183.26
2183.3
2183.33
2183.37
2183.41
2183.45
2183.48
2183.52
2183.56
2183.59
2183.63
2183.67
2183.7
2183.74
2183.78
2183.81
2183.85
2183.88
2183.92
2183.95
2183.99
2184.02
2184.06
2184.09
2184.12
2184.16
2184.19
2184.23
2184.26
2184.3
2184.33
2184.36
2184.4
2184.43
2184.46
2184.49
2184.53
2184.56
2184.59
2184.63
2184.66
2184.7
2184.73
2184.77
2184.82
--- next_y
1854.14
1854.53
1854.92
1855.31
1855.7
1856.09
1856.48
1856.87
1857.25
1857.64
1858.03
1858.41
1858.8
1859.18
1859.56
1859.95
1860.33
1860.71
1861.09
1861.47
1861.85
1862.23
1862.61
1862.99
1863.37
1863.74
1864.12
1864.5
1864.87
1865.25
1865.62
1866
1866.37
1866.74
1867.11
1867.48
1867.85
1868.22
1868.59
1868.96
1869.33
1869.69
1870.06
1870.43
1870.79
1871.16
1871.52
1871.88
1872.24
1872.6
iteracion: 1404
--- next_x
2183.06
2183.1
2183.14
2183.18
2183.22
2183.26
2183.3
2183.33
2183.37
2183.41
2183.45
2183.48
2183.52
2183.56
2183.59
2183.63
2183.67
2183.7
2183.74
2183.78
2183.81
2183.85
2183.88
2183.92
2183.95
2183.99
2184.02
2184.06
2184.09
2184.12
2184.16
2184.19
2184.23
2184.26
2184.3
2184.33
2184.36
2184.4
2184.43
2184.46
2184.49
2184.53
2184.56
2184.59
2184.63
2184.66
2184.69
2184.72
2184.74
2184.77
--- next_y
1854.14
1854.53
1854.92
1855.31
1855.7
1856.09
1856.48
1856.87
1857.25
1857.64
1858.03
1858.41
1858.8
1859.18
1859.56
1859.95
1860.33
1860.71
1861.09
1861.47
1861.85
1862.23
1862.61
1862.99
1863.37
1863.74
1864.12
1864.5
1864.87
1865.25
1865.62
1866
1866.37
1866.74
1867.11
1867.48
1867.85
1868.22
1868.59
1868.96
1869.33
1869.69
1870.06
1870.43
1870.79
1871.16
1871.52
1871.88
1872.25
1872.61
