iteracion: 747
--- next_x
1878.47
1878.7
1878.94
1879.17
1879.4
1879.63
1879.86
1880.1
1880.33
1880.56
1880.78
1881.01
1881.24
1881.47
1881.69
1881.92
1882.14
1882.37
1882.6
1882.82
1883.04
1883.27
1883.49
1883.71
1883.93
1884.15
1884.37
1884.59
1884.81
1885.03
1885.24
1885.46
1885.68
1885.89
1886.11
1886.32
1886.54
1886.75
1886.96
1887.17
1887.38
1887.6
1887.81
1888.02
1888.22
1888.43
1888.64
1888.85
1889.06
1889.27
--- next_y
1146.9
1146.94
1146.99
1147.03
1147.07
1147.12
1147.16
1147.2
1147.25
1147.29
1147.33
1147.37
1147.42
1147.46
1147.5
1147.55
1147.59
1147.63
1147.67
1147.72
1147.76
1147.8
1147.85
1147.89
1147.93
1147.98
1148.02
1148.07
1148.11
1148.15
1148.2
1148.24
1148.29
1148.33
1148.37
1148.42
1148.46
1148.51
1148.55
1148.59
1148.64
1148.68
1148.73
1148.77
1148.82
1148.86
1148.91
1148.95
1148.99
1149.04
iteracion: 747
--- next_x
1878.47
1878.7
1878.94
1879.17
1879.4
1879.63
1879.86
1880.1
1880.33
1880.56
1880.78
1881.01
1881.24
1881.47
1881.69
1881.92
1882.14
1882.37
1882.6
1882.82
1883.04
1883.27
1883.49
1883.71
1883.93
1884.15
1884.37
1884.59
1884.81
1885.03
1885.24
1885.46
1885.68
1885.89
1886.11
1886.32
1886.54
1886.75
1886.96
1887.17
1887.38
1887.6
1887.81
1888.02
1888.22
1888.43
1888.64
1888.85
1889.06
1889.27
--- next_y
1146.9
1146.94
1146.99
1147.03
1147.07
1147.12
1147.16
1147.2
1147.25
1147.29
1147.33
1147.37
1147.42
1147.46
1147.5
1147.55
1147.59
1147.63
1147.67
1147.72
1147.76
1147.8
1147.85
1147.89
1147.93
1147.98
1148.02
1148.07
1148.11
1148.15
1148.2
1148.24
1148.29
1148.33
1148.37
1148.42
1148.46
1148.51
1148.55
1148.59
1148.64
1148.68
1148.73
1148.77
1148.82
1148.86
1148.91
1148.95
1148.99
1149.03
iteracion: 747
--- next_x
1878.47
1878.7
1878.94
1879.17
1879.4
1879.63
1879.86
1880.1
1880.33
1880.56
1880.78
1881.01
1881.24
1881.47
1881.69
1881.92
1882.14
1882.37
1882.6
1882.82
1883.04
1883.27
1883.49
1883.71
1883.93
1884.15
1884.37
1884.59
1884.81
1885.03
1885.24
1885.46
1885.68
1885.89
1886.11
1886.32
1886.54
1886.75
1886.96
1887.17
1887.38
1887.6
1887.81
1888.02
1888.22
1888.43
1888.64
1888.85
1889.06
1889.26
--- next_y
1146.9
1146.94
1146.99
1147.03
1147.07
1147.12
1147.16
1147.2
1147.25
1147.29
1147.33
1147.37
1147.42
1147.46
1147.5
1147.55
1147.59
1147.63
1147.67
1147.72
1147.76
1147.8
1147.85
1147.89
1147.93
1147.98
1148.02
1148.07
1148.11
1148.15
1148.2
1148.24
1148.29
1148.33
1148.37
1148.42
1148.46
1148.51
1148.55
1148.59
1148.64
1148.68
1148.73
1148.77
1148.82
1148.86
1148.91
1148.95
1149
1149.04
