iteracion: 3978
--- next_x
225.584
225.756
225.928
226.1
226.272
226.444
226.619
226.793
226.967
227.141
227.317
227.494
227.67
227.848
228.026
228.204
228.382
228.562
228.742
228.922
229.101
229.281
229.464
229.646
229.828
230.01
230.195
230.379
230.563
230.75
230.936
231.123
231.309
231.498
231.686
231.875
232.063
232.254
232.445
232.635
232.826
233.017
233.206
233.395
233.585
233.774
233.964
234.154
234.344
234.533
--- next_y
1859.17
1858.81
1858.45
1858.09
1857.73
1857.37
1857
1856.64
1856.27
1855.91
1855.54
1855.17
1854.8
1854.42
1854.05
1853.68
1853.3
1852.92
1852.55
1852.17
1851.79
1851.41
1851.03
1850.64
1850.26
1849.88
1849.49
1849.1
1848.71
1848.32
1847.93
1847.54
1847.15
1846.75
1846.36
1845.96
1845.56
1845.16
1844.76
1844.36
1843.96
1843.56
1843.16
1842.76
1842.36
1841.97
1841.57
1841.17
1840.77
1840.37
iteracion: 3978
--- next_x
225.584
225.756
225.928
226.1
226.272
226.444
226.619
226.793
226.967
227.141
227.317
227.494
227.67
227.848
228.026
228.204
228.382
228.562
228.742
228.922
229.101
229.281
229.464
229.646
229.828
230.01
230.195
230.379
230.563
230.75
230.936
231.123
231.309
231.498
231.686
231.875
232.063
232.254
232.445
232.635
232.826
233.017
233.206
233.395
233.585
233.774
233.958
234.138
234.314
234.486
--- next_y
1859.17
1858.81
1858.45
1858.09
1857.73
1857.37
1857
1856.64
1856.27
1855.91
1855.54
1855.17
1854.8
1854.42
1854.05
1853.68
1853.3
1852.92
1852.55
1852.17
1851.79
1851.41
1851.03
1850.64
1850.26
1849.88
1849.49
1849.1
1848.71
1848.32
1847.93
1847.54
1847.15
1846.75
1846.36
1845.96
1845.56
1845.16
1844.76
1844.36
1843.96
1843.56
1843.16
1842.76
1842.36
1841.97
1841.57
1841.17
1840.77
1840.37
iteracion: 3978
--- next_x
225.584
225.756
225.928
226.1
226.272
226.444
226.619
226.793
226.967
227.141
227.317
227.494
227.67
227.848
228.026
228.204
228.382
228.562
228.742
228.922
229.101
229.281
229.464
229.646
229.828
230.01
230.195
230.379
230.563
230.75
230.936
231.123
231.309
231.498
231.686
231.875
232.063
232.254
232.445
232.635
232.826
233.017
233.206
233.395
233.585
233.774
233.966
234.161
234.36
234.563
--- next_y
1859.17
1858.81
1858.45
1858.09
1857.73
1857.37
1857
1856.64
1856.27
1855.91
1855.54
1855.17
1854.8
1854.42
1854.05
1853.68
1853.3
1852.92
1852.55
1852.17
1851.79
1851.41
1851.03
1850.64
1850.26
1849.88
1849.49
1849.1
1848.71
1848.32
1847.93
1847.54
1847.15
1846.75
1846.36
1845.96
1845.56
1845.16
1844.76
1844.36
1843.96
1843.56
1843.16
1842.76
1842.36
1841.97
1841.57
1841.18
1840.79
1840.41
