iteracion: 1888
--- next_x
2317.24
2317.3
2317.37
2317.43
2317.49
2317.55
2317.62
2317.68
2317.74
2317.8
2317.86
2317.92
2317.98
2318.04
2318.1
2318.16
2318.22
2318.28
2318.34
2318.4
2318.46
2318.52
2318.58
2318.64
2318.7
2318.75
2318.81
2318.87
2318.93
2318.98
2319.04
2319.1
2319.15
2319.21
2319.27
2319.32
2319.38
2319.44
2319.49
2319.55
2319.6
2319.66
2319.71
2319.77
2319.82
2319.88
2319.93
2319.99
2320.04
2320.1
--- next_y
2444.06
2444.37
2444.68
2444.99
2445.29
2445.6
2445.91
2446.21
2446.52
2446.82
2447.12
2447.43
2447.73
2448.03
2448.33
2448.63
2448.93
2449.23
2449.53
2449.83
2450.13
2450.43
2450.72
2451.02
2451.32
2451.61
2451.91
2452.2
2452.49
2452.79
2453.08
2453.37
2453.66
2453.96
2454.25
2454.54
2454.82
2455.11
2455.4
2455.69
2455.98
2456.26
2456.55
2456.84
2457.12
2457.41
2457.69
2457.97
2458.26
2458.54
iteracion: 1888
--- next_x
2317.24
2317.3
2317.37
2317.43
2317.49
2317.55
2317.62
2317.68
2317.74
2317.8
2317.86
2317.92
2317.98
2318.04
2318.1
2318.16
2318.22
2318.28
2318.34
2318.4
2318.46
2318.52
2318.58
2318.64
2318.7
2318.75
2318.81
2318.87
2318.93
2318.98
2319.04
2319.1
2319.15
2319.21
2319.27
2319.32
2319.38
2319.44
2319.49
2319.55
2319.6
2319.66
2319.71
2319.77
2319.82
2319.88
2319.93
2319.99
2320.05
2320.11
--- next_y
2444.06
2444.37
2444.68
2444.99
2445.29
2445.6
2445.91
2446.21
2446.52
2446.82
2447.12
2447.43
2447.73
2448.03
2448.33
2448.63
2448.93
2449.23
2449.53
2449.83
2450.13
2450.43
2450.72
2451.02
2451.32
2451.61
2451.91
2452.2
2452.49
2452.79
2453.08
2453.37
2453.66
2453.96
2454.25
2454.54
2454.82
2455.11
2455.4
2455.69
2455.98
2456.26
2456.55
2456.84
2457.12
2457.41
2457.69
2457.97
2458.25
2458.54
iteracion: 1888
--- next_x
2317.24
2317.3
2317.37
2317.43
2317.49
2317.55
2317.62
2317.68
2317.74
2317.8
2317.86
2317.92
2317.98
2318.04
2318.1
2318.16
2318.22
2318.28
2318.34
2318.4
2318.46
2318.52
2318.58
2318.64
2318.7
2318.75
2318.81
2318.87
2318.93
2318.98
2319.04
2319.1
2319.15
2319.21
2319.27
2319.32
2319.38
2319.44
2319.49
2319.55
2319.6
2319.66
2319.71
2319.77
2319.82
2319.88
2319.93
2319.99
2320.04
2320.09
--- next_y
2444.06
2444.37
2444.68
2444.99
2445.29
2445.6
2445.91
2446.21
2446.52
2446.82
2447.12
2447.43
2447.73
2448.03
2448.33
2448.63
2448.93
2449.23
2449.53
2449.83
2450.13
2450.43
2450.72
2451.02
2451.32
2451.61
2451.91
2452.2
2452.49
2452.79
2453.08
2453.37
2453.66
2453.96
2454.25
2454.54
2454.82
2455.11
2455.4
2455.69
2455.98
2456.26
2456.55
2456.84
2457.12
2457.41
2457.69
2457.97
2458.25
2458.54
