iteracion: 454
--- next_x
1509.51
1509.93
1510.36
1510.79
1511.22
1511.65
1512.08
1512.51
1512.95
1513.39
1513.83
1514.27
1514.71
1515.15
1515.59
1516.04
1516.48
1516.92
1517.36
1517.8
1518.23
1518.67
1519.11
1519.54
1519.97
1520.41
1520.84
1521.27
1521.69
1522.12
1522.55
1522.97
1523.39
1523.81
1524.23
1524.64
1525.06
1525.48
1525.89
1526.31
1526.72
1527.13
1527.54
1527.95
1528.36
1528.76
1529.17
1529.58
1529.99
1530.4
--- next_y
1162.93
1162.89
1162.85
1162.81
1162.77
1162.73
1162.69
1162.65
1162.62
1162.58
1162.54
1162.5
1162.46
1162.42
1162.38
1162.34
1162.31
1162.27
1162.23
1162.19
1162.15
1162.12
1162.08
1162.04
1162.01
1161.97
1161.93
1161.9
1161.86
1161.83
1161.79
1161.76
1161.72
1161.69
1161.66
1161.62
1161.59
1161.56
1161.52
1161.49
1161.46
1161.42
1161.39
1161.36
1161.32
1161.29
1161.25
1161.22
1161.19
1161.16
iteracion: 454
--- next_x
1509.51
1509.93
1510.36
1510.79
1511.22
1511.65
1512.08
1512.51
1512.95
1513.39
1513.83
1514.27
1514.71
1515.15
1515.59
1516.04
1516.48
1516.92
1517.36
1517.8
1518.23
1518.67
1519.11
1519.54
1519.97
1520.41
1520.84
1521.27
1521.69
1522.12
1522.55
1522.97
1523.39
1523.81
1524.23
1524.64
1525.06
1525.48
1525.89
1526.31
1526.72
1527.13
1527.54
1527.95
1528.36
1528.76
1529.17
1529.57
1529.97
1530.37
--- next_y
1162.93
1162.89
1162.85
1162.81
1162.77
1162.73
1162.69
1162.65
1162.62
1162.58
1162.54
1162.5
1162.46
1162.42
1162.38
1162.34
1162.31
1162.27
1162.23
1162.19
1162.15
1162.12
1162.08
1162.04
1162.01
1161.97
1161.93
1161.9
1161.86
1161.83
1161.79
1161.76
1161.72
1161.69
1161.66
1161.62
1161.59
1161.56
1161.52
1161.49
1161.46
1161.42
1161.39
1161.36
1161.32
1161.29
1161.25
1161.21
1161.17
1161.12
iteracion: 454
--- next_x
1509.51
1509.93
1510.36
1510.79
1511.22
1511.65
1512.08
1512.51
1512.95
1513.39
1513.83
1514.27
1514.71
1515.15
1515.59
1516.04
1516.48
1516.92
1517.36
1517.8
1518.23
1518.67
1519.11
1519.54
1519.97
1520.41
1520.84
1521.27
1521.69
1522.12
1522.55
1522.97
1523.39
1523.81
1524.23
1524.64
1525.06
1525.48
1525.89
1526.31
1526.72
1527.13
1527.54
1527.95
1528.36
1528.76
1529.17
1529.57
1529.97
1530.38
--- next_y
1162.93
1162.89
1162.85
1162.81
1162.77
1162.73
1162.69
1162.65
1162.62
1162.58
1162.54
1162.5
1162.46
1162.42
1162.38
1162.34
1162.31
1162.27
1162.23
1162.19
1162.15
1162.12
1162.08
1162.04
1162.01
1161.97
1161.93
1161.9
1161.86
1161.83
1161.79
1161.76
1161.72
1161.69
1161.66
1161.62
1161.59
1161.56
1161.52
1161.49
1161.46
1161.42
1161.39
1161.36
1161.32
1161.29
1161.26
1161.23
1161.21
1161.19
