iteracion: 386
--- next_x
1433.3
1433.59
1433.88
1434.16
1434.45
1434.73
1435.02
1435.3
1435.58
1435.87
1436.15
1436.43
1436.71
1436.99
1437.27
1437.55
1437.82
1438.1
1438.38
1438.65
1438.93
1439.2
1439.48
1439.75
1440.03
1440.3
1440.57
1440.84
1441.11
1441.38
1441.65
1441.91
1442.18
1442.45
1442.71
1442.98
1443.24
1443.51
1443.77
1444.03
1444.3
1444.56
1444.82
1445.08
1445.34
1445.6
1445.86
1446.11
1446.37
1446.63
--- next_y
1172.36
1172.32
1172.29
1172.25
1172.21
1172.17
1172.14
1172.1
1172.06
1172.03
1171.99
1171.95
1171.92
1171.88
1171.84
1171.81
1171.77
1171.73
1171.7
1171.66
1171.62
1171.59
1171.55
1171.52
1171.48
1171.44
1171.41
1171.37
1171.34
1171.3
1171.27
1171.23
1171.19
1171.16
1171.12
1171.09
1171.05
1171.02
1170.98
1170.94
1170.91
1170.87
1170.84
1170.8
1170.77
1170.73
1170.69
1170.66
1170.62
1170.59
iteracion: 386
--- next_x
1433.3
1433.59
1433.88
1434.16
1434.45
1434.73
1435.02
1435.3
1435.58
1435.87
1436.15
1436.43
1436.71
1436.99
1437.27
1437.55
1437.82
1438.1
1438.38
1438.65
1438.93
1439.2
1439.48
1439.75
1440.03
1440.3
1440.57
1440.84
1441.11
1441.38
1441.65
1441.91
1442.18
1442.45
1442.71
1442.98
1443.24
1443.51
1443.77
1444.03
1444.3
1444.56
1444.82
1445.08
1445.34
1445.6
1445.85
1446.11
1446.37
1446.62
--- next_y
1172.36
1172.32
1172.29
1172.25
1172.21
1172.17
1172.14
1172.1
1172.06
1172.03
1171.99
1171.95
1171.92
1171.88
1171.84
1171.81
1171.77
1171.73
1171.7
1171.66
1171.62
1171.59
1171.55
1171.52
1171.48
1171.44
1171.41
1171.37
1171.34
1171.3
1171.27
1171.23
1171.19
1171.16
1171.12
1171.09
1171.05
1171.02
1170.98
1170.94
1170.91
1170.87
1170.84
1170.8
1170.77
1170.73
1170.69
1170.66
1170.62
1170.58
iteracion: 386
--- next_x
1433.3
1433.59
1433.88
1434.16
1434.45
1434.73
1435.02
1435.3
1435.58
1435.87
1436.15
1436.43
1436.71
1436.99
1437.27
1437.55
1437.82
1438.1
1438.38
1438.65
1438.93
1439.2
1439.48
1439.75
1440.03
1440.3
1440.57
1440.84
1441.11
1441.38
1441.65
1441.91
1442.18
1442.45
1442.71
1442.98
1443.24
1443.51
1443.77
1444.03
1444.3
1444.56
1444.82
1445.08
1445.34
1445.6
1445.85
1446.11
1446.37
1446.62
--- next_y
1172.36
1172.32
1172.29
1172.25
1172.21
1172.17
1172.14
1172.1
1172.06
1172.03
1171.99
1171.95
1171.92
1171.88
1171.84
1171.81
1171.77
1171.73
1171.7
1171.66
1171.62
1171.59
1171.55
1171.52
1171.48
1171.44
1171.41
1171.37
1171.34
1171.3
1171.27
1171.23
1171.19
1171.16
1171.12
1171.09
1171.05
1171.02
1170.98
1170.94
1170.91
1170.87
1170.84
1170.8
1170.77
1170.73
1170.7
1170.66
1170.63
1170.6
