iteracion: 717
--- next_x
1848.64
1848.94
1849.25
1849.55
1849.86
1850.16
1850.46
1850.77
1851.07
1851.37
1851.67
1851.97
1852.27
1852.57
1852.86
1853.16
1853.46
1853.75
1854.05
1854.34
1854.64
1854.93
1855.22
1855.51
1855.81
1856.1
1856.39
1856.67
1856.96
1857.25
1857.54
1857.83
1858.11
1858.4
1858.69
1858.97
1859.26
1859.54
1859.82
1860.11
1860.39
1860.67
1860.95
1861.23
1861.51
1861.79
1862.07
1862.35
1862.63
1862.91
--- next_y
1142.63
1142.66
1142.7
1142.73
1142.76
1142.8
1142.83
1142.86
1142.89
1142.93
1142.96
1142.99
1143.03
1143.06
1143.09
1143.13
1143.16
1143.19
1143.23
1143.27
1143.3
1143.34
1143.37
1143.4
1143.44
1143.48
1143.51
1143.55
1143.59
1143.62
1143.66
1143.69
1143.73
1143.77
1143.8
1143.84
1143.88
1143.91
1143.95
1143.99
1144.03
1144.07
1144.11
1144.14
1144.18
1144.22
1144.26
1144.3
1144.33
1144.37
iteracion: 717
--- next_x
1848.64
1848.94
1849.25
1849.55
1849.86
1850.16
1850.46
1850.77
1851.07
1851.37
1851.67
1851.97
1852.27
1852.57
1852.86
1853.16
1853.46
1853.75
1854.05
1854.34
1854.64
1854.93
1855.22
1855.51
1855.81
1856.1
1856.39
1856.67
1856.96
1857.25
1857.54
1857.83
1858.11
1858.4
1858.69
1858.97
1859.26
1859.54
1859.82
1860.11
1860.39
1860.67
1860.95
1861.23
1861.51
1861.79
1862.07
1862.35
1862.63
1862.91
--- next_y
1142.63
1142.66
1142.7
1142.73
1142.76
1142.8
1142.83
1142.86
1142.89
1142.93
1142.96
1142.99
1143.03
1143.06
1143.09
1143.13
1143.16
1143.19
1143.23
1143.27
1143.3
1143.34
1143.37
1143.4
1143.44
1143.48
1143.51
1143.55
1143.59
1143.62
1143.66
1143.69
1143.73
1143.77
1143.8
1143.84
1143.88
1143.91
1143.95
1143.99
1144.03
1144.07
1144.11
1144.14
1144.18
1144.22
1144.26
1144.29
1144.33
1144.36
iteracion: 717
--- next_x
1848.64
1848.94
1849.25
1849.55
1849.86
1850.16
1850.46
1850.77
1851.07
1851.37
1851.67
1851.97
1852.27
1852.57
1852.86
1853.16
1853.46
1853.75
1854.05
1854.34
1854.64
1854.93
1855.22
1855.51
1855.81
1856.1
1856.39
1856.67
1856.96
1857.25
1857.54
1857.83
1858.11
1858.4
1858.69
1858.97
1859.26
1859.54
1859.82
1860.11
1860.39
1860.67
1860.95
1861.23
1861.51
1861.79
1862.07
1862.34
1862.62
1862.89
--- next_y
1142.63
1142.66
1142.7
1142.73
1142.76
1142.8
1142.83
1142.86
1142.89
1142.93
1142.96
1142.99
1143.03
1143.06
1143.09
1143.13
1143.16
1143.19
1143.23
1143.27
1143.3
1143.34
1143.37
1143.4
1143.44
1143.48
1143.51
1143.55
1143.59
1143.62
1143.66
1143.69
1143.73
1143.77
1143.8
1143.84
1143.88
1143.91
1143.95
1143.99
1144.03
1144.07
1144.11
1144.14
1144.18
1144.22
1144.26
1144.3
1144.34
1144.38
