iteracion: 697
--- next_x
1823.95
1824.3
1824.65
1825
1825.35
1825.7
1826.05
1826.39
1826.74
1827.08
1827.43
1827.77
1828.12
1828.46
1828.8
1829.14
1829.49
1829.83
1830.17
1830.51
1830.85
1831.19
1831.52
1831.86
1832.2
1832.54
1832.88
1833.21
1833.55
1833.88
1834.22
1834.55
1834.88
1835.22
1835.55
1835.88
1836.21
1836.55
1836.87
1837.2
1837.53
1837.86
1838.18
1838.51
1838.84
1839.16
1839.49
1839.82
1840.14
1840.47
--- next_y
1140.56
1140.57
1140.59
1140.61
1140.63
1140.65
1140.67
1140.69
1140.71
1140.73
1140.75
1140.77
1140.8
1140.82
1140.84
1140.86
1140.88
1140.91
1140.93
1140.95
1140.98
1141
1141.03
1141.05
1141.08
1141.1
1141.12
1141.15
1141.18
1141.2
1141.23
1141.26
1141.28
1141.31
1141.34
1141.36
1141.39
1141.42
1141.45
1141.48
1141.51
1141.54
1141.57
1141.6
1141.63
1141.66
1141.69
1141.72
1141.75
1141.79
iteracion: 697
--- next_x
1823.95
1824.3
1824.65
1825
1825.35
1825.7
1826.05
1826.39
1826.74
1827.08
1827.43
1827.77
1828.12
1828.46
1828.8
1829.14
1829.49
1829.83
1830.17
1830.51
1830.85
1831.19
1831.52
1831.86
1832.2
1832.54
1832.88
1833.21
1833.55
1833.88
1834.22
1834.55
1834.88
1835.22
1835.55
1835.88
1836.21
1836.55
1836.87
1837.2
1837.53
1837.86
1838.18
1838.51
1838.84
1839.16
1839.49
1839.81
1840.14
1840.46
--- next_y
1140.56
1140.57
1140.59
1140.61
1140.63
1140.65
1140.67
1140.69
1140.71
1140.73
1140.75
1140.77
1140.8
1140.82
1140.84
1140.86
1140.88
1140.91
1140.93
1140.95
1140.98
1141
1141.03
1141.05
1141.08
1141.1
1141.12
1141.15
1141.18
1141.2
1141.23
1141.26
1141.28
1141.31
1141.34
1141.36
1141.39
1141.42
1141.45
1141.48
1141.51
1141.54
1141.57
1141.6
1141.63
1141.66
1141.69
1141.72
1141.74
1141.77
iteracion: 697
--- next_x
1823.95
1824.3
1824.65
1825
1825.35
1825.7
1826.05
1826.39
1826.74
1827.08
1827.43
1827.77
1828.12
1828.46
1828.8
1829.14
1829.49
1829.83
1830.17
1830.51
1830.85
1831.19
1831.52
1831.86
1832.2
1832.54
1832.88
1833.21
1833.55
1833.88
1834.22
1834.55
1834.88
1835.22
1835.55
1835.88
1836.21
1836.55
1836.87
1837.2
1837.53
1837.86
1838.18
1838.51
1838.84
1839.16
1839.48
1839.81
1840.13
1840.45
--- next_y
1140.56
1140.57
1140.59
1140.61
1140.63
1140.65
1140.67
1140.69
1140.71
1140.73
1140.75
1140.77
1140.8
1140.82
1140.84
1140.86
1140.88
1140.91
1140.93
1140.95
1140.98
1141
1141.03
1141.05
1141.08
1141.1
1141.12
1141.15
1141.18
1141.2
1141.23
1141.26
1141.28
1141.31
1141.34
1141.36
1141.39
1141.42
1141.45
1141.48
1141.51
1141.54
1141.57
1141.6
1141.63
1141.66
1141.69
1141.73
1141.76
1141.8
