iteracion: 1600
--- next_x
2230.96
2231.05
2231.14
2231.23
2231.32
2231.4
2231.49
2231.58
2231.67
2231.75
2231.84
2231.93
2232.02
2232.1
2232.19
2232.28
2232.36
2232.45
2232.53
2232.62
2232.7
2232.79
2232.87
2232.96
2233.04
2233.12
2233.21
2233.29
2233.38
2233.46
2233.54
2233.62
2233.7
2233.79
2233.87
2233.95
2234.03
2234.11
2234.19
2234.28
2234.36
2234.43
2234.51
2234.59
2234.67
2234.75
2234.83
2234.91
2234.99
2235.07
--- next_y
2106.23
2106.51
2106.8
2107.08
2107.37
2107.65
2107.93
2108.22
2108.5
2108.78
2109.06
2109.34
2109.62
2109.9
2110.18
2110.46
2110.73
2111.01
2111.29
2111.56
2111.84
2112.11
2112.39
2112.66
2112.94
2113.21
2113.48
2113.75
2114.02
2114.29
2114.56
2114.83
2115.1
2115.36
2115.63
2115.9
2116.16
2116.43
2116.69
2116.96
2117.22
2117.49
2117.75
2118.01
2118.27
2118.53
2118.79
2119.06
2119.32
2119.58
iteracion: 1600
--- next_x
2230.96
2231.05
2231.14
2231.23
2231.32
2231.4
2231.49
2231.58
2231.67
2231.75
2231.84
2231.93
2232.02
2232.1
2232.19
2232.28
2232.36
2232.45
2232.53
2232.62
2232.7
2232.79
2232.87
2232.96
2233.04
2233.12
2233.21
2233.29
2233.38
2233.46
2233.54
2233.62
2233.7
2233.79
2233.87
2233.95
2234.03
2234.11
2234.19
2234.28
2234.36
2234.43
2234.51
2234.59
2234.67
2234.75
2234.83
2234.91
2234.99
2235.07
--- next_y
2106.23
2106.51
2106.8
2107.08
2107.37
2107.65
2107.93
2108.22
2108.5
2108.78
2109.06
2109.34
2109.62
2109.9
2110.18
2110.46
2110.73
2111.01
2111.29
2111.56
2111.84
2112.11
2112.39
2112.66
2112.94
2113.21
2113.48
2113.75
2114.02
2114.29
2114.56
2114.83
2115.1
2115.36
2115.63
2115.9
2116.16
2116.43
2116.69
2116.96
2117.22
2117.49
2117.75
2118.01
2118.27
2118.53
2118.79
2119.05
2119.31
2119.57
iteracion: 1600
--- next_x
2230.96
2231.05
2231.14
2231.23
2231.32
2231.4
2231.49
2231.58
2231.67
2231.75
2231.84
2231.93
2232.02
2232.1
2232.19
2232.28
2232.36
2232.45
2232.53
2232.62
2232.7
2232.79
2232.87
2232.96
2233.04
2233.12
2233.21
2233.29
2233.38
2233.46
2233.54
2233.62
2233.7
2233.79
2233.87
2233.95
2234.03
2234.11
2234.19
2234.28
2234.36
2234.43
2234.51
2234.59
2234.67
2234.75
2234.83
2234.91
2234.99
2235.06
--- next_y
2106.23
2106.51
2106.8
2107.08
2107.37
2107.65
2107.93
2108.22
2108.5
2108.78
2109.06
2109.34
2109.62
2109.9
2110.18
2110.46
2110.73
2111.01
2111.29
2111.56
2111.84
2112.11
2112.39
2112.66
2112.94
2113.21
2113.48
2113.75
2114.02
2114.29
2114.56
2114.83
2115.1
2115.36
2115.63
2115.9
2116.16
2116.43
2116.69
2116.96
2117.22
2117.49
2117.75
2118.01
2118.27
2118.53
2118.79
2119.05
2119.31
2119.57
