iteracion: 3877
--- next_x
178.118
178.215
178.311
178.407
178.504
178.599
178.695
178.791
178.887
178.983
179.078
179.174
179.269
179.364
179.459
179.554
179.648
179.743
179.837
179.932
180.026
180.12
180.214
180.309
180.403
180.497
180.592
180.687
180.782
180.877
180.973
181.069
181.165
181.262
181.359
181.456
181.554
181.652
181.751
181.85
181.949
182.049
182.15
182.252
182.353
182.456
182.559
182.663
182.768
182.873
--- next_y
1974.33
1973.94
1973.56
1973.17
1972.79
1972.41
1972.03
1971.64
1971.26
1970.88
1970.51
1970.12
1969.75
1969.37
1968.99
1968.62
1968.24
1967.87
1967.49
1967.12
1966.75
1966.37
1966
1965.63
1965.26
1964.89
1964.52
1964.15
1963.78
1963.41
1963.05
1962.68
1962.32
1961.95
1961.59
1961.23
1960.87
1960.51
1960.14
1959.79
1959.43
1959.07
1958.71
1958.35
1958
1957.64
1957.29
1956.93
1956.58
1956.22
iteracion: 3877
--- next_x
178.118
178.215
178.311
178.407
178.504
178.599
178.695
178.791
178.887
178.983
179.078
179.174
179.269
179.364
179.459
179.554
179.648
179.743
179.837
179.932
180.026
180.12
180.214
180.309
180.403
180.497
180.592
180.687
180.782
180.877
180.973
181.069
181.165
181.262
181.359
181.456
181.554
181.652
181.751
181.85
181.949
182.049
182.15
182.252
182.353
182.456
182.557
182.656
182.754
182.85
--- next_y
1974.33
1973.94
1973.56
1973.17
1972.79
1972.41
1972.03
1971.64
1971.26
1970.88
1970.51
1970.12
1969.75
1969.37
1968.99
1968.62
1968.24
1967.87
1967.49
1967.12
1966.75
1966.37
1966
1965.63
1965.26
1964.89
1964.52
1964.15
1963.78
1963.41
1963.05
1962.68
1962.32
1961.95
1961.59
1961.23
1960.87
1960.51
1960.14
1959.79
1959.43
1959.07
1958.71
1958.35
1958
1957.64
1957.29
1956.93
1956.57
1956.22
iteracion: 3877
--- next_x
178.118
178.215
178.311
178.407
178.504
178.599
178.695
178.791
178.887
178.983
179.078
179.174
179.269
179.364
179.459
179.554
179.648
179.743
179.837
179.932
180.026
180.12
180.214
180.309
180.403
180.497
180.592
180.687
180.782
180.877
180.973
181.069
181.165
181.262
181.359
181.456
181.554
181.652
181.751
181.85
181.949
182.049
182.15
182.252
182.353
182.456
182.559
182.666
182.776
182.889
--- next_y
1974.33
1973.94
1973.56
1973.17
1972.79
1972.41
1972.03
1971.64
1971.26
1970.88
1970.51
1970.12
1969.75
1969.37
1968.99
1968.62
1968.24
1967.87
1967.49
1967.12
1966.75
1966.37
1966
1965.63
1965.26
1964.89
1964.52
1964.15
1963.78
1963.41
1963.05
1962.68
1962.32
1961.95
1961.59
1961.23
1960.87
1960.51
1960.14
1959.79
1959.43
1959.07
1958.71
1958.35
1958
1957.64
1957.3
1956.95
1956.6
1956.26
