iteracion: 370
--- next_x
1415.7
1416.02
1416.34
1416.65
1416.97
1417.29
1417.61
1417.92
1418.24
1418.55
1418.87
1419.18
1419.49
1419.81
1420.12
1420.43
1420.75
1421.06
1421.37
1421.68
1421.99
1422.29
1422.6
1422.91
1423.21
1423.52
1423.83
1424.13
1424.43
1424.74
1425.04
1425.34
1425.64
1425.94
1426.25
1426.55
1426.85
1427.14
1427.44
1427.74
1428.04
1428.34
1428.63
1428.93
1429.22
1429.52
1429.81
1430.11
1430.41
1430.7
--- next_y
1174.53
1174.49
1174.45
1174.42
1174.38
1174.34
1174.3
1174.26
1174.22
1174.18
1174.14
1174.11
1174.07
1174.03
1173.99
1173.95
1173.91
1173.87
1173.84
1173.8
1173.76
1173.72
1173.69
1173.65
1173.61
1173.58
1173.54
1173.5
1173.46
1173.43
1173.39
1173.35
1173.32
1173.28
1173.24
1173.21
1173.17
1173.13
1173.1
1173.06
1173.02
1172.98
1172.95
1172.91
1172.87
1172.84
1172.8
1172.76
1172.73
1172.69
iteracion: 370
--- next_x
1415.7
1416.02
1416.34
1416.65
1416.97
1417.29
1417.61
1417.92
1418.24
1418.55
1418.87
1419.18
1419.49
1419.81
1420.12
1420.43
1420.75
1421.06
1421.37
1421.68
1421.99
1422.29
1422.6
1422.91
1423.21
1423.52
1423.83
1424.13
1424.43
1424.74
1425.04
1425.34
1425.64
1425.94
1426.25
1426.55
1426.85
1427.14
1427.44
1427.74
1428.04
1428.34
1428.63
1428.93
1429.22
1429.52
1429.81
1430.1
1430.4
1430.69
--- next_y
1174.53
1174.49
1174.45
1174.42
1174.38
1174.34
1174.3
1174.26
1174.22
1174.18
1174.14
1174.11
1174.07
1174.03
1173.99
1173.95
1173.91
1173.87
1173.84
1173.8
1173.76
1173.72
1173.69
1173.65
1173.61
1173.58
1173.54
1173.5
1173.46
1173.43
1173.39
1173.35
1173.32
1173.28
1173.24
1173.21
1173.17
1173.13
1173.1
1173.06
1173.02
1172.98
1172.95
1172.91
1172.87
1172.84
1172.8
1172.76
1172.72
1172.68
iteracion: 370
--- next_x
1415.7
1416.02
1416.34
1416.65
1416.97
1417.29
1417.61
1417.92
1418.24
1418.55
1418.87
1419.18
1419.49
1419.81
1420.12
1420.43
1420.75
1421.06
1421.37
1421.68
1421.99
1422.29
1422.6
1422.91
1423.21
1423.52
1423.83
1424.13
1424.43
1424.74
1425.04
1425.34
1425.64
1425.94
1426.25
1426.55
1426.85
1427.14
1427.44
1427.74
1428.04
1428.34
1428.63
1428.93
1429.22
1429.52
1429.81
1430.11
1430.4
1430.69
--- next_y
1174.53
1174.49
1174.45
1174.42
1174.38
1174.34
1174.3
1174.26
1174.22
1174.18
1174.14
1174.11
1174.07
1174.03
1173.99
1173.95
1173.91
1173.87
1173.84
1173.8
1173.76
1173.72
1173.69
1173.65
1173.61
1173.58
1173.54
1173.5
1173.46
1173.43
1173.39
1173.35
1173.32
1173.28
1173.24
1173.21
1173.17
1173.13
1173.1
1173.06
1173.02
1172.98
1172.95
1172.91
1172.87
1172.84
1172.8
1172.77
1172.73
1172.7
