iteracion: 1159
--- next_x
2127.04
2127.11
2127.18
2127.25
2127.32
2127.39
2127.46
2127.53
2127.6
2127.67
2127.74
2127.81
2127.88
2127.95
2128.02
2128.09
2128.16
2128.23
2128.29
2128.36
2128.43
2128.5
2128.57
2128.64
2128.71
2128.78
2128.85
2128.91
2128.98
2129.05
2129.12
2129.19
2129.25
2129.32
2129.39
2129.46
2129.52
2129.59
2129.66
2129.72
2129.79
2129.86
2129.92
2129.99
2130.05
2130.12
2130.19
2130.25
2130.32
2130.39
--- next_y
1553.62
1553.99
1554.36
1554.73
1555.1
1555.46
1555.83
1556.2
1556.57
1556.93
1557.3
1557.66
1558.03
1558.39
1558.75
1559.12
1559.48
1559.84
1560.2
1560.56
1560.92
1561.28
1561.64
1562
1562.36
1562.71
1563.07
1563.43
1563.78
1564.14
1564.49
1564.85
1565.2
1565.55
1565.91
1566.26
1566.61
1566.96
1567.31
1567.66
1568.01
1568.36
1568.7
1569.05
1569.4
1569.74
1570.09
1570.43
1570.78
1571.13
iteracion: 1159
--- next_x
2127.04
2127.11
2127.18
2127.25
2127.32
2127.39
2127.46
2127.53
2127.6
2127.67
2127.74
2127.81
2127.88
2127.95
2128.02
2128.09
2128.16
2128.23
2128.29
2128.36
2128.43
2128.5
2128.57
2128.64
2128.71
2128.78
2128.85
2128.91
2128.98
2129.05
2129.12
2129.19
2129.25
2129.32
2129.39
2129.46
2129.52
2129.59
2129.66
2129.72
2129.79
2129.86
2129.92
2129.99
2130.05
2130.12
2130.19
2130.26
2130.33
2130.4
--- next_y
1553.62
1553.99
1554.36
1554.73
1555.1
1555.46
1555.83
1556.2
1556.57
1556.93
1557.3
1557.66
1558.03
1558.39
1558.75
1559.12
1559.48
1559.84
1560.2
1560.56
1560.92
1561.28
1561.64
1562
1562.36
1562.71
1563.07
1563.43
1563.78
1564.14
1564.49
1564.85
1565.2
1565.55
1565.91
1566.26
1566.61
1566.96
1567.31
1567.66
1568.01
1568.36
1568.7
1569.05
1569.4
1569.74
1570.09
1570.43
1570.77
1571.11
iteracion: 1159
--- next_x
2127.04
2127.11
2127.18
2127.25
2127.32
2127.39
2127.46
2127.53
2127.6
2127.67
2127.74
2127.81
2127.88
2127.95
2128.02
2128.09
2128.16
2128.23
2128.29
2128.36
2128.43
2128.5
2128.57
2128.64
2128.71
2128.78
2128.85
2128.91
2128.98
2129.05
2129.12
2129.19
2129.25
2129.32
2129.39
2129.46
2129.52
2129.59
2129.66
2129.72
2129.79
2129.86
2129.92
2129.99
2130.05
2130.12
2130.19
2130.25
2130.31
2130.37
--- next_y
1553.62
1553.99
1554.36
1554.73
1555.1
1555.46
1555.83
1556.2
1556.57
1556.93
1557.3
1557.66
1558.03
1558.39
1558.75
1559.12
1559.48
1559.84
1560.2
1560.56
1560.92
1561.28
1561.64
1562
1562.36
1562.71
1563.07
1563.43
1563.78
1564.14
1564.49
1564.85
1565.2
1565.55
1565.91
1566.26
1566.61
1566.96
1567.31
1567.66
1568.01
1568.36
1568.7
1569.05
1569.4
1569.74
1570.09
1570.43
1570.77
1571.12
