iteracion: 1532
--- next_x
2208.49
2208.58
2208.66
2208.74
2208.82
2208.91
2208.99
2209.07
2209.16
2209.24
2209.32
2209.4
2209.48
2209.56
2209.64
2209.72
2209.8
2209.88
2209.96
2210.04
2210.12
2210.2
2210.28
2210.36
2210.43
2210.51
2210.59
2210.67
2210.75
2210.83
2210.91
2210.99
2211.07
2211.15
2211.23
2211.31
2211.39
2211.47
2211.55
2211.63
2211.71
2211.79
2211.87
2211.95
2212.03
2212.11
2212.19
2212.27
2212.36
2212.44
--- next_y
2012.99
2013.43
2013.87
2014.31
2014.74
2015.18
2015.62
2016.06
2016.5
2016.93
2017.37
2017.81
2018.25
2018.69
2019.12
2019.56
2019.99
2020.43
2020.86
2021.3
2021.73
2022.16
2022.6
2023.03
2023.46
2023.89
2024.32
2024.75
2025.18
2025.6
2026.03
2026.46
2026.89
2027.31
2027.74
2028.16
2028.59
2029.01
2029.43
2029.86
2030.28
2030.7
2031.12
2031.54
2031.96
2032.38
2032.8
2033.22
2033.64
2034.06
iteracion: 1532
--- next_x
2208.49
2208.58
2208.66
2208.74
2208.82
2208.91
2208.99
2209.07
2209.16
2209.24
2209.32
2209.4
2209.48
2209.56
2209.64
2209.72
2209.8
2209.88
2209.96
2210.04
2210.12
2210.2
2210.28
2210.36
2210.43
2210.51
2210.59
2210.67
2210.75
2210.83
2210.91
2210.99
2211.07
2211.15
2211.23
2211.31
2211.39
2211.47
2211.55
2211.63
2211.71
2211.79
2211.87
2211.95
2212.03
2212.11
2212.19
2212.28
2212.37
2212.46
--- next_y
2012.99
2013.43
2013.87
2014.31
2014.74
2015.18
2015.62
2016.06
2016.5
2016.93
2017.37
2017.81
2018.25
2018.69
2019.12
2019.56
2019.99
2020.43
2020.86
2021.3
2021.73
2022.16
2022.6
2023.03
2023.46
2023.89
2024.32
2024.75
2025.18
2025.6
2026.03
2026.46
2026.89
2027.31
2027.74
2028.16
2028.59
2029.01
2029.43
2029.86
2030.28
2030.7
2031.12
2031.54
2031.96
2032.38
2032.8
2033.21
2033.63
2034.04
iteracion: 1532
--- next_x
2208.49
2208.58
2208.66
2208.74
2208.82
2208.91
2208.99
2209.07
2209.16
2209.24
2209.32
2209.4
2209.48
2209.56
2209.64
2209.72
2209.8
2209.88
2209.96
2210.04
2210.12
2210.2
2210.28
2210.36
2210.43
2210.51
2210.59
2210.67
2210.75
2210.83
2210.91
2210.99
2211.07
2211.15
2211.23
2211.31
2211.39
2211.47
2211.55
2211.63
2211.71
2211.79
2211.87
2211.95
2212.03
2212.11
2212.19
2212.27
2212.34
2212.41
--- next_y
2012.99
2013.43
2013.87
2014.31
2014.74
2015.18
2015.62
2016.06
2016.5
2016.93
2017.37
2017.81
2018.25
2018.69
2019.12
2019.56
2019.99
2020.43
2020.86
2021.3
2021.73
2022.16
2022.6
2023.03
2023.46
2023.89
2024.32
2024.75
2025.18
2025.6
2026.03
2026.46
2026.89
2027.31
2027.74
2028.16
2028.59
2029.01
2029.43
2029.86
2030.28
2030.7
2031.12
2031.54
2031.96
2032.38
2032.8
2033.22
2033.64
2034.05
