iteracion: 3850
--- next_x
168.216
168.299
168.381
168.464
168.546
168.628
168.711
168.794
168.876
168.959
169.042
169.125
169.208
169.291
169.374
169.458
169.542
169.626
169.711
169.796
169.881
169.967
170.053
170.139
170.226
170.314
170.401
170.489
170.577
170.666
170.755
170.844
170.933
171.023
171.113
171.203
171.294
171.385
171.476
171.567
171.659
171.751
171.843
171.936
172.029
172.122
172.215
172.309
172.403
172.498
--- next_y
2018.75
2018.32
2017.88
2017.44
2017.01
2016.57
2016.14
2015.7
2015.27
2014.83
2014.39
2013.96
2013.52
2013.09
2012.65
2012.22
2011.78
2011.35
2010.91
2010.47
2010.04
2009.61
2009.17
2008.73
2008.3
2007.87
2007.43
2007
2006.57
2006.13
2005.7
2005.27
2004.84
2004.41
2003.98
2003.56
2003.13
2002.7
2002.28
2001.85
2001.43
2001
2000.58
2000.16
1999.73
1999.31
1998.89
1998.47
1998.05
1997.63
iteracion: 3850
--- next_x
168.216
168.299
168.381
168.464
168.546
168.628
168.711
168.794
168.876
168.959
169.042
169.125
169.208
169.291
169.374
169.458
169.542
169.626
169.711
169.796
169.881
169.967
170.053
170.139
170.226
170.314
170.401
170.489
170.577
170.666
170.755
170.844
170.933
171.023
171.113
171.203
171.294
171.385
171.476
171.567
171.659
171.751
171.843
171.936
172.029
172.122
172.211
172.296
172.378
172.456
--- next_y
2018.75
2018.32
2017.88
2017.44
2017.01
2016.57
2016.14
2015.7
2015.27
2014.83
2014.39
2013.96
2013.52
2013.09
2012.65
2012.22
2011.78
2011.35
2010.91
2010.47
2010.04
2009.61
2009.17
2008.73
2008.3
2007.87
2007.43
2007
2006.57
2006.13
2005.7
2005.27
2004.84
2004.41
2003.98
2003.56
2003.13
2002.7
2002.28
2001.85
2001.43
2001
2000.58
2000.16
1999.73
1999.31
1998.89
1998.47
1998.05
1997.63
iteracion: 3850
--- next_x
168.216
168.299
168.381
168.464
168.546
168.628
168.711
168.794
168.876
168.959
169.042
169.125
169.208
169.291
169.374
169.458
169.542
169.626
169.711
169.796
169.881
169.967
170.053
170.139
170.226
170.314
170.401
170.489
170.577
170.666
170.755
170.844
170.933
171.023
171.113
171.203
171.294
171.385
171.476
171.567
171.659
171.751
171.843
171.936
172.029
172.122
172.217
172.318
172.423
172.532
--- next_y
2018.75
2018.32
2017.88
2017.44
2017.01
2016.57
2016.14
2015.7
2015.27
2014.83
2014.39
2013.96
2013.52
2013.09
2012.65
2012.22
2011.78
2011.35
2010.91
2010.47
2010.04
2009.61
2009.17
2008.73
2008.3
2007.87
2007.43
2007
2006.57
2006.13
2005.7
2005.27
2004.84
2004.41
2003.98
2003.56
2003.13
2002.7
2002.28
2001.85
2001.43
2001
2000.58
2000.16
1999.73
1999.31
1998.9
1998.48
1998.07
1997.66
