iteracion: 1893
--- next_x
2318.64
2318.7
2318.75
2318.81
2318.87
2318.93
2318.98
2319.04
2319.1
2319.15
2319.21
2319.27
2319.32
2319.38
2319.44
2319.49
2319.55
2319.6
2319.66
2319.71
2319.77
2319.82
2319.88
2319.93
2319.99
2320.04
2320.1
2320.15
2320.21
2320.26
2320.32
2320.37
2320.43
2320.48
2320.53
2320.59
2320.64
2320.69
2320.75
2320.8
2320.85
2320.91
2320.96
2321.01
2321.06
2321.11
2321.17
2321.22
2321.27
2321.32
--- next_y
2451.02
2451.32
2451.61
2451.91
2452.2
2452.49
2452.79
2453.08
2453.37
2453.66
2453.96
2454.25
2454.54
2454.82
2455.11
2455.4
2455.69
2455.98
2456.26
2456.55
2456.84
2457.12
2457.41
2457.69
2457.97
2458.25
2458.54
2458.82
2459.1
2459.38
2459.66
2459.94
2460.22
2460.49
2460.77
2461.05
2461.32
2461.6
2461.88
2462.15
2462.43
2462.7
2462.97
2463.24
2463.52
2463.79
2464.07
2464.34
2464.61
2464.89
iteracion: 1893
--- next_x
2318.64
2318.7
2318.75
2318.81
2318.87
2318.93
2318.98
2319.04
2319.1
2319.15
2319.21
2319.27
2319.32
2319.38
2319.44
2319.49
2319.55
2319.6
2319.66
2319.71
2319.77
2319.82
2319.88
2319.93
2319.99
2320.04
2320.1
2320.15
2320.21
2320.26
2320.32
2320.37
2320.43
2320.48
2320.53
2320.59
2320.64
2320.69
2320.75
2320.8
2320.85
2320.91
2320.96
2321.01
2321.06
2321.11
2321.17
2321.22
2321.28
2321.34
--- next_y
2451.02
2451.32
2451.61
2451.91
2452.2
2452.49
2452.79
2453.08
2453.37
2453.66
2453.96
2454.25
2454.54
2454.82
2455.11
2455.4
2455.69
2455.98
2456.26
2456.55
2456.84
2457.12
2457.41
2457.69
2457.97
2458.25
2458.54
2458.82
2459.1
2459.38
2459.66
2459.94
2460.22
2460.49
2460.77
2461.05
2461.32
2461.6
2461.88
2462.15
2462.43
2462.7
2462.97
2463.24
2463.52
2463.79
2464.06
2464.33
2464.6
2464.87
iteracion: 1893
--- next_x
2318.64
2318.7
2318.75
2318.81
2318.87
2318.93
2318.98
2319.04
2319.1
2319.15
2319.21
2319.27
2319.32
2319.38
2319.44
2319.49
2319.55
2319.6
2319.66
2319.71
2319.77
2319.82
2319.88
2319.93
2319.99
2320.04
2320.1
2320.15
2320.21
2320.26
2320.32
2320.37
2320.43
2320.48
2320.53
2320.59
2320.64
2320.69
2320.75
2320.8
2320.85
2320.91
2320.96
2321.01
2321.06
2321.11
2321.16
2321.21
2321.26
2321.3
--- next_y
2451.02
2451.32
2451.61
2451.91
2452.2
2452.49
2452.79
2453.08
2453.37
2453.66
2453.96
2454.25
2454.54
2454.82
2455.11
2455.4
2455.69
2455.98
2456.26
2456.55
2456.84
2457.12
2457.41
2457.69
2457.97
2458.25
2458.54
2458.82
2459.1
2459.38
2459.66
2459.94
2460.22
2460.49
2460.77
2461.05
2461.32
2461.6
2461.88
2462.15
2462.43
2462.7
2462.97
2463.24
2463.52
2463.79
2464.06
2464.33
2464.61
2464.88
