iteracion: 959
--- next_x
2131.72
2131.8
2131.88
2131.96
2132.05
2132.13
2132.21
2132.29
2132.37
2132.45
2132.53
2132.61
2132.68
2132.76
2132.84
2132.92
2133
2133.08
2133.15
2133.23
2133.31
2133.38
2133.46
2133.54
2133.61
2133.69
2133.76
2133.84
2133.91
2133.99
2134.06
2134.14
2134.21
2134.28
2134.36
2134.43
2134.5
2134.58
2134.65
2134.72
2134.79
2134.86
2134.94
2135.01
2135.08
2135.15
2135.22
2135.29
2135.36
2135.43
--- next_y
1578.08
1578.51
1578.95
1579.38
1579.82
1580.26
1580.69
1581.13
1581.57
1582
1582.43
1582.86
1583.3
1583.73
1584.15
1584.58
1585.01
1585.43
1585.86
1586.28
1586.7
1587.12
1587.54
1587.96
1588.37
1588.79
1589.2
1589.61
1590.02
1590.44
1590.84
1591.25
1591.66
1592.07
1592.47
1592.88
1593.28
1593.68
1594.09
1594.48
1594.88
1595.28
1595.67
1596.07
1596.46
1596.85
1597.25
1597.64
1598.03
1598.43
iteracion: 959
--- next_x
2131.72
2131.8
2131.88
2131.96
2132.05
2132.13
2132.21
2132.29
2132.37
2132.45
2132.53
2132.61
2132.68
2132.76
2132.84
2132.92
2133
2133.08
2133.15
2133.23
2133.31
2133.38
2133.46
2133.54
2133.61
2133.69
2133.76
2133.84
2133.91
2133.99
2134.06
2134.14
2134.21
2134.28
2134.36
2134.43
2134.5
2134.58
2134.65
2134.72
2134.79
2134.86
2134.94
2135.01
2135.08
2135.15
2135.23
2135.31
2135.39
2135.48
--- next_y
1578.08
1578.51
1578.95
1579.38
1579.82
1580.26
1580.69
1581.13
1581.57
1582
1582.43
1582.86
1583.3
1583.73
1584.15
1584.58
1585.01
1585.43
1585.86
1586.28
1586.7
1587.12
1587.54
1587.96
1588.37
1588.79
1589.2
1589.61
1590.02
1590.44
1590.84
1591.25
1591.66
1592.07
1592.47
1592.88
1593.28
1593.68
1594.09
1594.48
1594.88
1595.28
1595.67
1596.07
1596.46
1596.85
1597.24
1597.62
1598.01
1598.4
iteracion: 959
--- next_x
2131.72
2131.8
2131.88
2131.96
2132.05
2132.13
2132.21
2132.29
2132.37
2132.45
2132.53
2132.61
2132.68
2132.76
2132.84
2132.92
2133
2133.08
2133.15
2133.23
2133.31
2133.38
2133.46
2133.54
2133.61
2133.69
2133.76
2133.84
2133.91
2133.99
2134.06
2134.14
2134.21
2134.28
2134.36
2134.43
2134.5
2134.58
2134.65
2134.72
2134.79
2134.86
2134.94
2135.01
2135.08
2135.15
2135.21
2135.27
2135.33
2135.38
--- next_y
1578.08
1578.51
1578.95
1579.38
1579.82
1580.26
1580.69
1581.13
1581.57
1582
1582.43
1582.86
1583.3
1583.73
1584.15
1584.58
1585.01
1585.43
1585.86
1586.28
1586.7
1587.12
1587.54
1587.96
1588.37
1588.79
1589.2
1589.61
1590.02
1590.44
1590.84
1591.25
1591.66
1592.07
1592.47
1592.88
1593.28
1593.68
1594.09
1594.48
1594.88
1595.28
1595.67
1596.07
1596.46
1596.85
1597.24
1597.63
1598.02
1598.42
