iteracion: 1786
--- next_x
2281.55
2281.66
2281.77
2281.88
2281.98
2282.09
2282.2
2282.31
2282.42
2282.53
2282.63
2282.74
2282.85
2282.96
2283.07
2283.17
2283.28
2283.39
2283.49
2283.6
2283.71
2283.82
2283.92
2284.03
2284.14
2284.24
2284.34
2284.45
2284.56
2284.66
2284.76
2284.87
2284.97
2285.08
2285.18
2285.28
2285.39
2285.49
2285.59
2285.7
2285.8
2285.9
2286
2286.11
2286.21
2286.31
2286.41
2286.52
2286.62
2286.72
--- next_y
2325.86
2326.19
2326.51
2326.84
2327.17
2327.5
2327.82
2328.15
2328.48
2328.8
2329.13
2329.45
2329.77
2330.09
2330.42
2330.74
2331.06
2331.38
2331.7
2332.02
2332.33
2332.65
2332.97
2333.28
2333.6
2333.91
2334.23
2334.54
2334.85
2335.17
2335.48
2335.79
2336.1
2336.41
2336.72
2337.03
2337.34
2337.64
2337.95
2338.26
2338.57
2338.87
2339.18
2339.48
2339.79
2340.09
2340.4
2340.7
2341.01
2341.31
iteracion: 1786
--- next_x
2281.55
2281.66
2281.77
2281.88
2281.98
2282.09
2282.2
2282.31
2282.42
2282.53
2282.63
2282.74
2282.85
2282.96
2283.07
2283.17
2283.28
2283.39
2283.49
2283.6
2283.71
2283.82
2283.92
2284.03
2284.14
2284.24
2284.34
2284.45
2284.56
2284.66
2284.76
2284.87
2284.97
2285.08
2285.18
2285.28
2285.39
2285.49
2285.59
2285.7
2285.8
2285.9
2286
2286.11
2286.21
2286.31
2286.42
2286.52
2286.63
2286.74
--- next_y
2325.86
2326.19
2326.51
2326.84
2327.17
2327.5
2327.82
2328.15
2328.48
2328.8
2329.13
2329.45
2329.77
2330.09
2330.42
2330.74
2331.06
2331.38
2331.7
2332.02
2332.33
2332.65
2332.97
2333.28
2333.6
2333.91
2334.23
2334.54
2334.85
2335.17
2335.48
2335.79
2336.1
2336.41
2336.72
2337.03
2337.34
2337.64
2337.95
2338.26
2338.57
2338.87
2339.18
2339.48
2339.79
2340.09
2340.39
2340.69
2340.99
2341.29
iteracion: 1786
--- next_x
2281.55
2281.66
2281.77
2281.88
2281.98
2282.09
2282.2
2282.31
2282.42
2282.53
2282.63
2282.74
2282.85
2282.96
2283.07
2283.17
2283.28
2283.39
2283.49
2283.6
2283.71
2283.82
2283.92
2284.03
2284.14
2284.24
2284.34
2284.45
2284.56
2284.66
2284.76
2284.87
2284.97
2285.08
2285.18
2285.28
2285.39
2285.49
2285.59
2285.7
2285.8
2285.9
2286
2286.11
2286.21
2286.31
2286.41
2286.5
2286.6
2286.69
--- next_y
2325.86
2326.19
2326.51
2326.84
2327.17
2327.5
2327.82
2328.15
2328.48
2328.8
2329.13
2329.45
2329.77
2330.09
2330.42
2330.74
2331.06
2331.38
2331.7
2332.02
2332.33
2332.65
2332.97
2333.28
2333.6
2333.91
2334.23
2334.54
2334.85
2335.17
2335.48
2335.79
2336.1
2336.41
2336.72
2337.03
2337.34
2337.64
2337.95
2338.26
2338.57
2338.87
2339.18
2339.48
2339.79
2340.09
2340.4
2340.7
2341
2341.31
