iteracion: 1644
--- next_x
2244.46
2244.55
2244.64
2244.73
2244.82
2244.91
2245
2245.09
2245.18
2245.27
2245.36
2245.44
2245.53
2245.62
2245.71
2245.8
2245.89
2245.98
2246.07
2246.16
2246.26
2246.35
2246.44
2246.53
2246.62
2246.72
2246.81
2246.9
2246.99
2247.08
2247.17
2247.26
2247.36
2247.45
2247.54
2247.63
2247.72
2247.81
2247.9
2247.99
2248.08
2248.17
2248.26
2248.35
2248.44
2248.53
2248.61
2248.7
2248.79
2248.88
--- next_y
2153.53
2153.89
2154.25
2154.61
2154.97
2155.33
2155.69
2156.06
2156.42
2156.79
2157.16
2157.52
2157.89
2158.26
2158.64
2159.01
2159.38
2159.76
2160.14
2160.51
2160.89
2161.27
2161.65
2162.04
2162.43
2162.81
2163.2
2163.58
2163.97
2164.36
2164.76
2165.15
2165.55
2165.94
2166.34
2166.73
2167.13
2167.52
2167.91
2168.31
2168.7
2169.09
2169.49
2169.88
2170.27
2170.66
2171.05
2171.44
2171.84
2172.23
iteracion: 1644
--- next_x
2244.46
2244.55
2244.64
2244.73
2244.82
2244.91
2245
2245.09
2245.18
2245.27
2245.36
2245.44
2245.53
2245.62
2245.71
2245.8
2245.89
2245.98
2246.07
2246.16
2246.26
2246.35
2246.44
2246.53
2246.62
2246.72
2246.81
2246.9
2246.99
2247.08
2247.17
2247.26
2247.36
2247.45
2247.54
2247.63
2247.72
2247.81
2247.9
2247.99
2248.08
2248.17
2248.26
2248.35
2248.44
2248.53
2248.62
2248.71
2248.81
2248.91
--- next_y
2153.53
2153.89
2154.25
2154.61
2154.97
2155.33
2155.69
2156.06
2156.42
2156.79
2157.16
2157.52
2157.89
2158.26
2158.64
2159.01
2159.38
2159.76
2160.14
2160.51
2160.89
2161.27
2161.65
2162.04
2162.43
2162.81
2163.2
2163.58
2163.97
2164.36
2164.76
2165.15
2165.55
2165.94
2166.34
2166.73
2167.13
2167.52
2167.91
2168.31
2168.7
2169.09
2169.49
2169.88
2170.27
2170.66
2171.05
2171.44
2171.82
2172.21
iteracion: 1644
--- next_x
2244.46
2244.55
2244.64
2244.73
2244.82
2244.91
2245
2245.09
2245.18
2245.27
2245.36
2245.44
2245.53
2245.62
2245.71
2245.8
2245.89
2245.98
2246.07
2246.16
2246.26
2246.35
2246.44
2246.53
2246.62
2246.72
2246.81
2246.9
2246.99
2247.08
2247.17
2247.26
2247.36
2247.45
2247.54
2247.63
2247.72
2247.81
2247.9
2247.99
2248.08
2248.17
2248.26
2248.35
2248.44
2248.53
2248.61
2248.69
2248.77
2248.85
--- next_y
2153.53
2153.89
2154.25
2154.61
2154.97
2155.33
2155.69
2156.06
2156.42
2156.79
2157.16
2157.52
2157.89
2158.26
2158.64
2159.01
2159.38
2159.76
2160.14
2160.51
2160.89
2161.27
2161.65
2162.04
2162.43
2162.81
2163.2
2163.58
2163.97
2164.36
2164.76
2165.15
2165.55
2165.94
2166.34
2166.73
2167.13
2167.52
2167.91
2168.31
2168.7
2169.09
2169.49
2169.88
2170.27
2170.66
2171.05
2171.44
2171.83
2172.22
