iteracion: 1412
--- next_x
2184.12
2184.16
2184.19
2184.23
2184.26
2184.3
2184.33
2184.36
2184.4
2184.43
2184.46
2184.49
2184.53
2184.56
2184.59
2184.63
2184.66
2184.69
2184.73
2184.76
2184.79
2184.82
2184.86
2184.89
2184.92
2184.96
2184.99
2185.02
2185.06
2185.09
2185.13
2185.16
2185.19
2185.23
2185.26
2185.3
2185.33
2185.36
2185.4
2185.43
2185.47
2185.5
2185.53
2185.57
2185.6
2185.64
2185.67
2185.71
2185.74
2185.78
--- next_y
1865.25
1865.62
1866
1866.37
1866.74
1867.11
1867.48
1867.85
1868.22
1868.59
1868.96
1869.33
1869.69
1870.06
1870.43
1870.79
1871.16
1871.52
1871.88
1872.25
1872.61
1872.97
1873.33
1873.69
1874.05
1874.41
1874.77
1875.12
1875.48
1875.84
1876.19
1876.55
1876.9
1877.26
1877.61
1877.96
1878.32
1878.67
1879.02
1879.37
1879.71
1880.06
1880.41
1880.76
1881.11
1881.45
1881.8
1882.15
1882.49
1882.84
iteracion: 1412
--- next_x
2184.12
2184.16
2184.19
2184.23
2184.26
2184.3
2184.33
2184.36
2184.4
2184.43
2184.46
2184.49
2184.53
2184.56
2184.59
2184.63
2184.66
2184.69
2184.73
2184.76
2184.79
2184.82
2184.86
2184.89
2184.92
2184.96
2184.99
2185.02
2185.06
2185.09
2185.13
2185.16
2185.19
2185.23
2185.26
2185.3
2185.33
2185.36
2185.4
2185.43
2185.47
2185.5
2185.53
2185.57
2185.6
2185.64
2185.67
2185.71
2185.75
2185.8
--- next_y
1865.25
1865.62
1866
1866.37
1866.74
1867.11
1867.48
1867.85
1868.22
1868.59
1868.96
1869.33
1869.69
1870.06
1870.43
1870.79
1871.16
1871.52
1871.88
1872.25
1872.61
1872.97
1873.33
1873.69
1874.05
1874.41
1874.77
1875.12
1875.48
1875.84
1876.19
1876.55
1876.9
1877.26
1877.61
1877.96
1878.32
1878.67
1879.02
1879.37
1879.71
1880.06
1880.41
1880.76
1881.11
1881.45
1881.79
1882.14
1882.48
1882.82
iteracion: 1412
--- next_x
2184.12
2184.16
2184.19
2184.23
2184.26
2184.3
2184.33
2184.36
2184.4
2184.43
2184.46
2184.49
2184.53
2184.56
2184.59
2184.63
2184.66
2184.69
2184.73
2184.76
2184.79
2184.82
2184.86
2184.89
2184.92
2184.96
2184.99
2185.02
2185.06
2185.09
2185.13
2185.16
2185.19
2185.23
2185.26
2185.3
2185.33
2185.36
2185.4
2185.43
2185.47
2185.5
2185.53
2185.57
2185.6
2185.64
2185.67
2185.7
2185.73
2185.76
--- next_y
1865.25
1865.62
1866
1866.37
1866.74
1867.11
1867.48
1867.85
1868.22
1868.59
1868.96
1869.33
1869.69
1870.06
1870.43
1870.79
1871.16
1871.52
1871.88
1872.25
1872.61
1872.97
1873.33
1873.69
1874.05
1874.41
1874.77
1875.12
1875.48
1875.84
1876.19
1876.55
1876.9
1877.26
1877.61
1877.96
1878.32
1878.67
1879.02
1879.37
1879.71
1880.06
1880.41
1880.76
1881.11
1881.45
1881.8
1882.14
1882.49
1882.83
