iteracion: 1797
--- next_x
2286.11
2286.21
2286.31
2286.41
2286.51
2286.61
2286.72
2286.82
2286.92
2287.02
2287.12
2287.22
2287.32
2287.42
2287.52
2287.62
2287.72
2287.82
2287.92
2288.02
2288.12
2288.22
2288.32
2288.42
2288.51
2288.61
2288.71
2288.81
2288.91
2289
2289.1
2289.2
2289.29
2289.39
2289.48
2289.58
2289.68
2289.77
2289.87
2289.96
2290.06
2290.15
2290.25
2290.34
2290.43
2290.53
2290.62
2290.72
2290.81
2290.9
--- next_y
2339.48
2339.79
2340.09
2340.39
2340.7
2341
2341.3
2341.61
2341.91
2342.21
2342.51
2342.81
2343.1
2343.4
2343.7
2343.99
2344.29
2344.59
2344.88
2345.18
2345.47
2345.76
2346.06
2346.35
2346.64
2346.93
2347.22
2347.51
2347.8
2348.09
2348.38
2348.67
2348.96
2349.25
2349.53
2349.82
2350.11
2350.39
2350.68
2350.96
2351.24
2351.53
2351.81
2352.09
2352.37
2352.65
2352.93
2353.21
2353.5
2353.78
iteracion: 1797
--- next_x
2286.11
2286.21
2286.31
2286.41
2286.51
2286.61
2286.72
2286.82
2286.92
2287.02
2287.12
2287.22
2287.32
2287.42
2287.52
2287.62
2287.72
2287.82
2287.92
2288.02
2288.12
2288.22
2288.32
2288.42
2288.51
2288.61
2288.71
2288.81
2288.91
2289
2289.1
2289.2
2289.29
2289.39
2289.48
2289.58
2289.68
2289.77
2289.87
2289.96
2290.06
2290.15
2290.25
2290.34
2290.43
2290.53
2290.62
2290.72
2290.82
2290.91
--- next_y
2339.48
2339.79
2340.09
2340.39
2340.7
2341
2341.3
2341.61
2341.91
2342.21
2342.51
2342.81
2343.1
2343.4
2343.7
2343.99
2344.29
2344.59
2344.88
2345.18
2345.47
2345.76
2346.06
2346.35
2346.64
2346.93
2347.22
2347.51
2347.8
2348.09
2348.38
2348.67
2348.96
2349.25
2349.53
2349.82
2350.11
2350.39
2350.68
2350.96
2351.24
2351.53
2351.81
2352.09
2352.37
2352.65
2352.93
2353.21
2353.49
2353.76
iteracion: 1797
--- next_x
2286.11
2286.21
2286.31
2286.41
2286.51
2286.61
2286.72
2286.82
2286.92
2287.02
2287.12
2287.22
2287.32
2287.42
2287.52
2287.62
2287.72
2287.82
2287.92
2288.02
2288.12
2288.22
2288.32
2288.42
2288.51
2288.61
2288.71
2288.81
2288.91
2289
2289.1
2289.2
2289.29
2289.39
2289.48
2289.58
2289.68
2289.77
2289.87
2289.96
2290.06
2290.15
2290.25
2290.34
2290.43
2290.53
2290.62
2290.71
2290.8
2290.89
--- next_y
2339.48
2339.79
2340.09
2340.39
2340.7
2341
2341.3
2341.61
2341.91
2342.21
2342.51
2342.81
2343.1
2343.4
2343.7
2343.99
2344.29
2344.59
2344.88
2345.18
2345.47
2345.76
2346.06
2346.35
2346.64
2346.93
2347.22
2347.51
2347.8
2348.09
2348.38
2348.67
2348.96
2349.25
2349.53
2349.82
2350.11
2350.39
2350.68
2350.96
2351.24
2351.53
2351.81
2352.09
2352.37
2352.65
2352.93
2353.21
2353.49
2353.77
