iteracion: 346
--- next_x
1381.63
1382
1382.38
1382.76
1383.13
1383.5
1383.88
1384.25
1384.62
1384.99
1385.36
1385.73
1386.11
1386.47
1386.84
1387.21
1387.58
1387.95
1388.31
1388.68
1389.05
1389.41
1389.77
1390.14
1390.5
1390.86
1391.22
1391.59
1391.95
1392.31
1392.66
1393.03
1393.38
1393.74
1394.1
1394.45
1394.81
1395.16
1395.52
1395.87
1396.22
1396.58
1396.93
1397.28
1397.63
1397.98
1398.33
1398.68
1399.03
1399.38
--- next_y
1178.48
1178.45
1178.41
1178.37
1178.33
1178.29
1178.26
1178.22
1178.18
1178.14
1178.1
1178.07
1178.03
1177.99
1177.95
1177.91
1177.87
1177.83
1177.79
1177.75
1177.71
1177.67
1177.63
1177.59
1177.55
1177.51
1177.47
1177.42
1177.38
1177.34
1177.3
1177.26
1177.22
1177.18
1177.14
1177.1
1177.06
1177.02
1176.97
1176.93
1176.89
1176.85
1176.81
1176.77
1176.73
1176.69
1176.65
1176.6
1176.56
1176.52
iteracion: 346
--- next_x
1381.63
1382
1382.38
1382.76
1383.13
1383.5
1383.88
1384.25
1384.62
1384.99
1385.36
1385.73
1386.11
1386.47
1386.84
1387.21
1387.58
1387.95
1388.31
1388.68
1389.05
1389.41
1389.77
1390.14
1390.5
1390.86
1391.22
1391.59
1391.95
1392.31
1392.66
1393.03
1393.38
1393.74
1394.1
1394.45
1394.81
1395.16
1395.52
1395.87
1396.22
1396.58
1396.93
1397.28
1397.63
1397.98
1398.33
1398.67
1399.02
1399.36
--- next_y
1178.48
1178.45
1178.41
1178.37
1178.33
1178.29
1178.26
1178.22
1178.18
1178.14
1178.1
1178.07
1178.03
1177.99
1177.95
1177.91
1177.87
1177.83
1177.79
1177.75
1177.71
1177.67
1177.63
1177.59
1177.55
1177.51
1177.47
1177.42
1177.38
1177.34
1177.3
1177.26
1177.22
1177.18
1177.14
1177.1
1177.06
1177.02
1176.97
1176.93
1176.89
1176.85
1176.81
1176.77
1176.73
1176.69
1176.64
1176.6
1176.55
1176.5
iteracion: 346
--- next_x
1381.63
1382
1382.38
1382.76
1383.13
1383.5
1383.88
1384.25
1384.62
1384.99
1385.36
1385.73
1386.11
1386.47
1386.84
1387.21
1387.58
1387.95
1388.31
1388.68
1389.05
1389.41
1389.77
1390.14
1390.5
1390.86
1391.22
1391.59
1391.95
1392.31
1392.66
1393.03
1393.38
1393.74
1394.1
1394.45
1394.81
1395.16
1395.52
1395.87
1396.22
1396.58
1396.93
1397.28
1397.63
1397.98
1398.33
1398.68
1399.02
1399.37
--- next_y
1178.48
1178.45
1178.41
1178.37
1178.33
1178.29
1178.26
1178.22
1178.18
1178.14
1178.1
1178.07
1178.03
1177.99
1177.95
1177.91
1177.87
1177.83
1177.79
1177.75
1177.71
1177.67
1177.63
1177.59
1177.55
1177.51
1177.47
1177.42
1177.38
1177.34
1177.3
1177.26
1177.22
1177.18
1177.14
1177.1
1177.06
1177.02
1176.97
1176.93
1176.89
1176.85
1176.81
1176.77
1176.73
1176.69
1176.65
1176.61
1176.58
1176.55
