iteracion: 482
--- next_x
1535.13
1535.56
1535.98
1536.4
1536.83
1537.26
1537.69
1538.12
1538.55
1538.99
1539.42
1539.86
1540.29
1540.73
1541.17
1541.61
1542.04
1542.48
1542.92
1543.35
1543.79
1544.22
1544.66
1545.09
1545.52
1545.96
1546.39
1546.82
1547.25
1547.68
1548.11
1548.54
1548.96
1549.39
1549.82
1550.24
1550.67
1551.09
1551.52
1551.94
1552.37
1552.79
1553.21
1553.63
1554.05
1554.47
1554.89
1555.32
1555.74
1556.16
--- next_y
1160.82
1160.78
1160.74
1160.7
1160.67
1160.63
1160.59
1160.56
1160.52
1160.48
1160.44
1160.4
1160.36
1160.32
1160.28
1160.24
1160.2
1160.16
1160.12
1160.09
1160.05
1160.01
1159.96
1159.93
1159.89
1159.85
1159.81
1159.77
1159.73
1159.69
1159.65
1159.61
1159.57
1159.53
1159.49
1159.45
1159.42
1159.38
1159.34
1159.3
1159.27
1159.23
1159.19
1159.15
1159.12
1159.08
1159.05
1159.01
1158.97
1158.94
iteracion: 482
--- next_x
1535.13
1535.56
1535.98
1536.4
1536.83
1537.26
1537.69
1538.12
1538.55
1538.99
1539.42
1539.86
1540.29
1540.73
1541.17
1541.61
1542.04
1542.48
1542.92
1543.35
1543.79
1544.22
1544.66
1545.09
1545.52
1545.96
1546.39
1546.82
1547.25
1547.68
1548.11
1548.54
1548.96
1549.39
1549.82
1550.24
1550.67
1551.09
1551.52
1551.94
1552.37
1552.79
1553.21
1553.63
1554.05
1554.47
1554.89
1555.31
1555.73
1556.14
--- next_y
1160.82
1160.78
1160.74
1160.7
1160.67
1160.63
1160.59
1160.56
1160.52
1160.48
1160.44
1160.4
1160.36
1160.32
1160.28
1160.24
1160.2
1160.16
1160.12
1160.09
1160.05
1160.01
1159.96
1159.93
1159.89
1159.85
1159.81
1159.77
1159.73
1159.69
1159.65
1159.61
1159.57
1159.53
1159.49
1159.45
1159.42
1159.38
1159.34
1159.3
1159.27
1159.23
1159.19
1159.15
1159.12
1159.08
1159.05
1159.01
1158.96
1158.91
iteracion: 482
--- next_x
1535.13
1535.56
1535.98
1536.4
1536.83
1537.26
1537.69
1538.12
1538.55
1538.99
1539.42
1539.86
1540.29
1540.73
1541.17
1541.61
1542.04
1542.48
1542.92
1543.35
1543.79
1544.22
1544.66
1545.09
1545.52
1545.96
1546.39
1546.82
1547.25
1547.68
1548.11
1548.54
1548.96
1549.39
1549.82
1550.24
1550.67
1551.09
1551.52
1551.94
1552.37
1552.79
1553.21
1553.63
1554.05
1554.47
1554.89
1555.31
1555.73
1556.14
--- next_y
1160.82
1160.78
1160.74
1160.7
1160.67
1160.63
1160.59
1160.56
1160.52
1160.48
1160.44
1160.4
1160.36
1160.32
1160.28
1160.24
1160.2
1160.16
1160.12
1160.09
1160.05
1160.01
1159.96
1159.93
1159.89
1159.85
1159.81
1159.77
1159.73
1159.69
1159.65
1159.61
1159.57
1159.53
1159.49
1159.45
1159.42
1159.38
1159.34
1159.3
1159.27
1159.23
1159.19
1159.15
1159.12
1159.08
1159.05
1159.01
1158.99
1158.96
