iteracion: 764
--- next_x
1893.09
1893.28
1893.47
1893.67
1893.86
1894.05
1894.24
1894.44
1894.63
1894.82
1895.01
1895.19
1895.38
1895.57
1895.76
1895.94
1896.13
1896.32
1896.5
1896.69
1896.87
1897.05
1897.23
1897.42
1897.6
1897.78
1897.96
1898.14
1898.32
1898.5
1898.68
1898.85
1899.03
1899.21
1899.39
1899.56
1899.74
1899.91
1900.09
1900.26
1900.44
1900.61
1900.78
1900.95
1901.12
1901.29
1901.46
1901.64
1901.81
1901.98
--- next_y
1149.85
1149.89
1149.93
1149.97
1150.02
1150.06
1150.1
1150.14
1150.19
1150.23
1150.27
1150.32
1150.36
1150.4
1150.44
1150.48
1150.53
1150.57
1150.61
1150.65
1150.69
1150.73
1150.78
1150.82
1150.86
1150.9
1150.94
1150.98
1151.02
1151.06
1151.1
1151.14
1151.18
1151.22
1151.27
1151.31
1151.35
1151.39
1151.43
1151.47
1151.51
1151.55
1151.59
1151.63
1151.67
1151.71
1151.75
1151.79
1151.83
1151.87
iteracion: 764
--- next_x
1893.09
1893.28
1893.47
1893.67
1893.86
1894.05
1894.24
1894.44
1894.63
1894.82
1895.01
1895.19
1895.38
1895.57
1895.76
1895.94
1896.13
1896.32
1896.5
1896.69
1896.87
1897.05
1897.23
1897.42
1897.6
1897.78
1897.96
1898.14
1898.32
1898.5
1898.68
1898.85
1899.03
1899.21
1899.39
1899.56
1899.74
1899.91
1900.09
1900.26
1900.44
1900.61
1900.78
1900.95
1901.12
1901.29
1901.46
1901.63
1901.81
1901.98
--- next_y
1149.85
1149.89
1149.93
1149.97
1150.02
1150.06
1150.1
1150.14
1150.19
1150.23
1150.27
1150.32
1150.36
1150.4
1150.44
1150.48
1150.53
1150.57
1150.61
1150.65
1150.69
1150.73
1150.78
1150.82
1150.86
1150.9
1150.94
1150.98
1151.02
1151.06
1151.1
1151.14
1151.18
1151.22
1151.27
1151.31
1151.35
1151.39
1151.43
1151.47
1151.51
1151.55
1151.59
1151.63
1151.67
1151.71
1151.75
1151.79
1151.83
1151.87
iteracion: 764
--- next_x
1893.09
1893.28
1893.47
1893.67
1893.86
1894.05
1894.24
1894.44
1894.63
1894.82
1895.01
1895.19
1895.38
1895.57
1895.76
1895.94
1896.13
1896.32
1896.5
1896.69
1896.87
1897.05
1897.23
1897.42
1897.6
1897.78
1897.96
1898.14
1898.32
1898.5
1898.68
1898.85
1899.03
1899.21
1899.39
1899.56
1899.74
1899.91
1900.09
1900.26
1900.44
1900.61
1900.78
1900.95
1901.12
1901.29
1901.46
1901.63
1901.8
1901.97
--- next_y
1149.85
1149.89
1149.93
1149.97
1150.02
1150.06
1150.1
1150.14
1150.19
1150.23
1150.27
1150.32
1150.36
1150.4
1150.44
1150.48
1150.53
1150.57
1150.61
1150.65
1150.69
1150.73
1150.78
1150.82
1150.86
1150.9
1150.94
1150.98
1151.02
1151.06
1151.1
1151.14
1151.18
1151.22
1151.27
1151.31
1151.35
1151.39
1151.43
1151.47
1151.51
1151.55
1151.59
1151.63
1151.67
1151.71
1151.75
1151.79
1151.83
1151.87
