iteracion: 3983
--- next_x
228.562
228.742
228.922
229.101
229.281
229.464
229.646
229.828
230.01
230.195
230.379
230.563
230.75
230.936
231.123
231.309
231.498
231.686
231.875
232.063
232.254
232.445
232.635
232.826
233.017
233.206
233.395
233.585
233.774
233.963
234.152
234.341
234.529
234.717
234.904
235.092
235.279
235.465
235.652
235.839
236.025
236.21
236.396
236.581
236.765
236.95
237.134
237.319
237.504
237.688
--- next_y
1852.92
1852.55
1852.17
1851.79
1851.41
1851.03
1850.64
1850.26
1849.88
1849.49
1849.1
1848.71
1848.32
1847.93
1847.54
1847.15
1846.75
1846.36
1845.96
1845.56
1845.16
1844.76
1844.36
1843.96
1843.56
1843.16
1842.76
1842.36
1841.97
1841.57
1841.17
1840.78
1840.38
1839.98
1839.59
1839.2
1838.81
1838.41
1838.02
1837.63
1837.24
1836.85
1836.46
1836.07
1835.68
1835.29
1834.9
1834.52
1834.13
1833.74
iteracion: 3983
--- next_x
228.562
228.742
228.922
229.101
229.281
229.464
229.646
229.828
230.01
230.195
230.379
230.563
230.75
230.936
231.123
231.309
231.498
231.686
231.875
232.063
232.254
232.445
232.635
232.826
233.017
233.206
233.395
233.585
233.774
233.963
234.152
234.341
234.529
234.717
234.904
235.092
235.279
235.465
235.652
235.839
236.025
236.21
236.396
236.581
236.765
236.95
237.134
237.313
237.488
237.658
--- next_y
1852.92
1852.55
1852.17
1851.79
1851.41
1851.03
1850.64
1850.26
1849.88
1849.49
1849.1
1848.71
1848.32
1847.93
1847.54
1847.15
1846.75
1846.36
1845.96
1845.56
1845.16
1844.76
1844.36
1843.96
1843.56
1843.16
1842.76
1842.36
1841.97
1841.57
1841.17
1840.78
1840.38
1839.98
1839.59
1839.2
1838.81
1838.41
1838.02
1837.63
1837.24
1836.85
1836.46
1836.07
1835.68
1835.29
1834.9
1834.52
1834.13
1833.74
iteracion: 3983
--- next_x
228.562
228.742
228.922
229.101
229.281
229.464
229.646
229.828
230.01
230.195
230.379
230.563
230.75
230.936
231.123
231.309
231.498
231.686
231.875
232.063
232.254
232.445
232.635
232.826
233.017
233.206
233.395
233.585
233.774
233.963
234.152
234.341
234.529
234.717
234.904
235.092
235.279
235.465
235.652
235.839
236.025
236.21
236.396
236.581
236.765
236.95
237.134
237.32
237.511
237.705
--- next_y
1852.92
1852.55
1852.17
1851.79
1851.41
1851.03
1850.64
1850.26
1849.88
1849.49
1849.1
1848.71
1848.32
1847.93
1847.54
1847.15
1846.75
1846.36
1845.96
1845.56
1845.16
1844.76
1844.36
1843.96
1843.56
1843.16
1842.76
1842.36
1841.97
1841.57
1841.17
1840.78
1840.38
1839.98
1839.59
1839.2
1838.81
1838.41
1838.02
1837.63
1837.24
1836.85
1836.46
1836.07
1835.68
1835.29
1834.9
1834.52
1834.14
1833.76
