iteracion: 1446
--- next_x
2189.01
2189.06
2189.1
2189.14
2189.19
2189.23
2189.27
2189.32
2189.36
2189.4
2189.44
2189.49
2189.53
2189.57
2189.62
2189.66
2189.7
2189.74
2189.79
2189.83
2189.87
2189.92
2189.96
2190
2190.05
2190.09
2190.13
2190.18
2190.22
2190.26
2190.31
2190.35
2190.4
2190.44
2190.48
2190.53
2190.57
2190.61
2190.65
2190.7
2190.74
2190.78
2190.82
2190.86
2190.91
2190.95
2190.99
2191.04
2191.08
2191.12
--- next_y
1909.49
1909.79
1910.08
1910.37
1910.66
1910.95
1911.24
1911.53
1911.82
1912.1
1912.39
1912.68
1912.96
1913.25
1913.54
1913.82
1914.1
1914.39
1914.67
1914.95
1915.23
1915.52
1915.8
1916.08
1916.35
1916.63
1916.91
1917.19
1917.46
1917.74
1918.02
1918.29
1918.57
1918.84
1919.12
1919.39
1919.66
1919.93
1920.21
1920.48
1920.75
1921.02
1921.29
1921.55
1921.82
1922.09
1922.36
1922.62
1922.89
1923.16
iteracion: 1446
--- next_x
2189.01
2189.06
2189.1
2189.14
2189.19
2189.23
2189.27
2189.32
2189.36
2189.4
2189.44
2189.49
2189.53
2189.57
2189.62
2189.66
2189.7
2189.74
2189.79
2189.83
2189.87
2189.92
2189.96
2190
2190.05
2190.09
2190.13
2190.18
2190.22
2190.26
2190.31
2190.35
2190.4
2190.44
2190.48
2190.53
2190.57
2190.61
2190.65
2190.7
2190.74
2190.78
2190.82
2190.86
2190.91
2190.95
2190.99
2191.04
2191.08
2191.13
--- next_y
1909.49
1909.79
1910.08
1910.37
1910.66
1910.95
1911.24
1911.53
1911.82
1912.1
1912.39
1912.68
1912.96
1913.25
1913.54
1913.82
1914.1
1914.39
1914.67
1914.95
1915.23
1915.52
1915.8
1916.08
1916.35
1916.63
1916.91
1917.19
1917.46
1917.74
1918.02
1918.29
1918.57
1918.84
1919.12
1919.39
1919.66
1919.93
1920.21
1920.48
1920.75
1921.02
1921.29
1921.55
1921.82
1922.09
1922.35
1922.62
1922.88
1923.15
iteracion: 1446
--- next_x
2189.01
2189.06
2189.1
2189.14
2189.19
2189.23
2189.27
2189.32
2189.36
2189.4
2189.44
2189.49
2189.53
2189.57
2189.62
2189.66
2189.7
2189.74
2189.79
2189.83
2189.87
2189.92
2189.96
2190
2190.05
2190.09
2190.13
2190.18
2190.22
2190.26
2190.31
2190.35
2190.4
2190.44
2190.48
2190.53
2190.57
2190.61
2190.65
2190.7
2190.74
2190.78
2190.82
2190.86
2190.91
2190.95
2190.99
2191.03
2191.07
2191.11
--- next_y
1909.49
1909.79
1910.08
1910.37
1910.66
1910.95
1911.24
1911.53
1911.82
1912.1
1912.39
1912.68
1912.96
1913.25
1913.54
1913.82
1914.1
1914.39
1914.67
1914.95
1915.23
1915.52
1915.8
1916.08
1916.35
1916.63
1916.91
1917.19
1917.46
1917.74
1918.02
1918.29
1918.57
1918.84
1919.12
1919.39
1919.66
1919.93
1920.21
1920.48
1920.75
1921.02
1921.29
1921.55
1921.82
1922.09
1922.36
1922.62
1922.89
1923.16
