iteracion: 4086
--- next_x
294.018
294.181
294.344
294.507
294.67
294.833
294.996
295.159
295.322
295.486
295.649
295.813
295.976
296.14
296.304
296.468
296.632
296.796
296.959
297.123
297.287
297.451
297.615
297.78
297.944
298.108
298.272
298.437
298.601
298.765
298.93
299.094
299.259
299.423
299.588
299.752
299.917
300.08
300.244
300.407
300.571
300.733
300.895
301.058
301.22
301.383
301.546
301.71
301.873
302.037
--- next_y
1688.26
1687.84
1687.43
1687.02
1686.6
1686.19
1685.77
1685.36
1684.95
1684.53
1684.12
1683.71
1683.29
1682.88
1682.47
1682.05
1681.64
1681.23
1680.81
1680.4
1679.99
1679.57
1679.16
1678.75
1678.34
1677.92
1677.51
1677.1
1676.68
1676.27
1675.86
1675.44
1675.03
1674.62
1674.2
1673.79
1673.38
1672.97
1672.56
1672.15
1671.74
1671.33
1670.92
1670.52
1670.11
1669.71
1669.3
1668.89
1668.49
1668.08
iteracion: 4086
--- next_x
294.018
294.181
294.344
294.507
294.67
294.833
294.996
295.159
295.322
295.486
295.649
295.813
295.976
296.14
296.304
296.468
296.632
296.796
296.959
297.123
297.287
297.451
297.615
297.78
297.944
298.108
298.272
298.437
298.601
298.765
298.93
299.094
299.259
299.423
299.588
299.752
299.917
300.08
300.244
300.407
300.571
300.733
300.895
301.058
301.22
301.384
301.553
301.725
301.902
302.082
--- next_y
1688.26
1687.84
1687.43
1687.02
1686.6
1686.19
1685.77
1685.36
1684.95
1684.53
1684.12
1683.71
1683.29
1682.88
1682.47
1682.05
1681.64
1681.23
1680.81
1680.4
1679.99
1679.57
1679.16
1678.75
1678.34
1677.92
1677.51
1677.1
1676.68
1676.27
1675.86
1675.44
1675.03
1674.62
1674.2
1673.79
1673.38
1672.97
1672.56
1672.15
1671.74
1671.33
1670.92
1670.52
1670.11
1669.71
1669.32
1668.92
1668.53
1668.13
