iteracion: 1188
--- next_x
2133.95
2134.01
2134.06
2134.12
2134.17
2134.23
2134.28
2134.34
2134.39
2134.45
2134.5
2134.56
2134.61
2134.67
2134.72
2134.78
2134.83
2134.88
2134.94
2134.99
2135.04
2135.1
2135.15
2135.2
2135.26
2135.31
2135.36
2135.41
2135.46
2135.51
2135.57
2135.61
2135.67
2135.72
2135.77
2135.82
2135.87
2135.92
2135.97
2136.02
2136.07
2136.12
2136.17
2136.22
2136.27
2136.32
2136.37
2136.42
2136.47
2136.52
--- next_y
1590.3
1590.6
1590.91
1591.21
1591.52
1591.82
1592.13
1592.43
1592.73
1593.03
1593.34
1593.63
1593.93
1594.23
1594.53
1594.83
1595.13
1595.43
1595.72
1596.02
1596.32
1596.61
1596.91
1597.2
1597.49
1597.79
1598.08
1598.37
1598.66
1598.95
1599.24
1599.53
1599.82
1600.11
1600.4
1600.69
1600.97
1601.26
1601.55
1601.84
1602.12
1602.4
1602.69
1602.97
1603.25
1603.53
1603.82
1604.1
1604.38
1604.66
iteracion: 1188
--- next_x
2133.95
2134.01
2134.06
2134.12
2134.17
2134.23
2134.28
2134.34
2134.39
2134.45
2134.5
2134.56
2134.61
2134.67
2134.72
2134.78
2134.83
2134.88
2134.94
2134.99
2135.04
2135.1
2135.15
2135.2
2135.26
2135.31
2135.36
2135.41
2135.46
2135.51
2135.57
2135.61
2135.67
2135.72
2135.77
2135.82
2135.87
2135.92
2135.97
2136.02
2136.07
2136.12
2136.17
2136.22
2136.27
2136.32
2136.37
2136.42
2136.47
2136.53
--- next_y
1590.3
1590.6
1590.91
1591.21
1591.52
1591.82
1592.13
1592.43
1592.73
1593.03
1593.34
1593.63
1593.93
1594.23
1594.53
1594.83
1595.13
1595.43
1595.72
1596.02
1596.32
1596.61
1596.91
1597.2
1597.49
1597.79
1598.08
1598.37
1598.66
1598.95
1599.24
1599.53
1599.82
1600.11
1600.4
1600.69
1600.97
1601.26
1601.55
1601.84
1602.12
1602.4
1602.69
1602.97
1603.25
1603.53
1603.81
1604.09
1604.37
1604.65
iteracion: 1188
--- next_x
2133.95
2134.01
2134.06
2134.12
2134.17
2134.23
2134.28
2134.34
2134.39
2134.45
2134.5
2134.56
2134.61
2134.67
2134.72
2134.78
2134.83
2134.88
2134.94
2134.99
2135.04
2135.1
2135.15
2135.2
2135.26
2135.31
2135.36
2135.41
2135.46
2135.51
2135.57
2135.61
2135.67
2135.72
2135.77
2135.82
2135.87
2135.92
2135.97
2136.02
2136.07
2136.12
2136.17
2136.22
2136.27
2136.32
2136.37
2136.41
2136.46
2136.5
--- next_y
1590.3
1590.6
1590.91
1591.21
1591.52
1591.82
1592.13
1592.43
1592.73
1593.03
1593.34
1593.63
1593.93
1594.23
1594.53
1594.83
1595.13
1595.43
1595.72
1596.02
1596.32
1596.61
1596.91
1597.2
1597.49
1597.79
1598.08
1598.37
1598.66
1598.95
1599.24
1599.53
1599.82
1600.11
1600.4
1600.69
1600.97
1601.26
1601.55
1601.84
1602.12
1602.4
1602.69
1602.97
1603.25
1603.53
1603.81
1604.09
1604.38
1604.66
