iteracion: 1794
--- next_x
2284.87
2284.97
2285.08
2285.18
2285.28
2285.39
2285.49
2285.59
2285.7
2285.8
2285.9
2286
2286.11
2286.21
2286.31
2286.41
2286.51
2286.61
2286.72
2286.82
2286.92
2287.02
2287.12
2287.22
2287.32
2287.42
2287.52
2287.62
2287.72
2287.82
2287.92
2288.02
2288.12
2288.22
2288.32
2288.42
2288.51
2288.61
2288.71
2288.81
2288.91
2289
2289.1
2289.2
2289.29
2289.39
2289.48
2289.58
2289.68
2289.77
--- next_y
2335.79
2336.1
2336.41
2336.72
2337.03
2337.34
2337.64
2337.95
2338.26
2338.57
2338.87
2339.18
2339.48
2339.79
2340.09
2340.39
2340.7
2341
2341.3
2341.61
2341.91
2342.21
2342.51
2342.81
2343.1
2343.4
2343.7
2343.99
2344.29
2344.59
2344.88
2345.18
2345.47
2345.76
2346.06
2346.35
2346.64
2346.93
2347.22
2347.51
2347.8
2348.09
2348.38
2348.67
2348.96
2349.25
2349.53
2349.82
2350.11
2350.4
iteracion: 1794
--- next_x
2284.87
2284.97
2285.08
2285.18
2285.28
2285.39
2285.49
2285.59
2285.7
2285.8
2285.9
2286
2286.11
2286.21
2286.31
2286.41
2286.51
2286.61
2286.72
2286.82
2286.92
2287.02
2287.12
2287.22
2287.32
2287.42
2287.52
2287.62
2287.72
2287.82
2287.92
2288.02
2288.12
2288.22
2288.32
2288.42
2288.51
2288.61
2288.71
2288.81
2288.91
2289
2289.1
2289.2
2289.29
2289.39
2289.48
2289.58
2289.68
2289.78
--- next_y
2335.79
2336.1
2336.41
2336.72
2337.03
2337.34
2337.64
2337.95
2338.26
2338.57
2338.87
2339.18
2339.48
2339.79
2340.09
2340.39
2340.7
2341
2341.3
2341.61
2341.91
2342.21
2342.51
2342.81
2343.1
2343.4
2343.7
2343.99
2344.29
2344.59
2344.88
2345.18
2345.47
2345.76
2346.06
2346.35
2346.64
2346.93
2347.22
2347.51
2347.8
2348.09
2348.38
2348.67
2348.96
2349.25
2349.53
2349.82
2350.1
2350.39
iteracion: 1794
--- next_x
2284.87
2284.97
2285.08
2285.18
2285.28
2285.39
2285.49
2285.59
2285.7
2285.8
2285.9
2286
2286.11
2286.21
2286.31
2286.41
2286.51
2286.61
2286.72
2286.82
2286.92
2287.02
2287.12
2287.22
2287.32
2287.42
2287.52
2287.62
2287.72
2287.82
2287.92
2288.02
2288.12
2288.22
2288.32
2288.42
2288.51
2288.61
2288.71
2288.81
2288.91
2289
2289.1
2289.2
2289.29
2289.39
2289.48
2289.58
2289.67
2289.76
--- next_y
2335.79
2336.1
2336.41
2336.72
2337.03
2337.34
2337.64
2337.95
2338.26
2338.57
2338.87
2339.18
2339.48
2339.79
2340.09
2340.39
2340.7
2341
2341.3
2341.61
2341.91
2342.21
2342.51
2342.81
2343.1
2343.4
2343.7
2343.99
2344.29
2344.59
2344.88
2345.18
2345.47
2345.76
2346.06
2346.35
2346.64
2346.93
2347.22
2347.51
2347.8
2348.09
2348.38
2348.67
2348.96
2349.25
2349.53
2349.82
2350.11
2350.39
