iteracion: 1347
--- next_x
2232.1
2232.18
2232.27
2232.36
2232.44
2232.53
2232.61
2232.7
2232.79
2232.87
2232.96
2233.04
2233.12
2233.21
2233.29
2233.37
2233.46
2233.54
2233.62
2233.7
2233.78
2233.86
2233.94
2234.02
2234.1
2234.18
2234.26
2234.34
2234.42
2234.49
2234.57
2234.65
2234.72
2234.8
2234.88
2234.95
2235.02
2235.1
2235.17
2235.24
2235.31
2235.39
2235.46
2235.53
2235.6
2235.67
2235.74
2235.81
2235.88
2235.95
--- next_y
2109.97
2110.25
2110.53
2110.8
2111.08
2111.35
2111.62
2111.89
2112.16
2112.43
2112.69
2112.96
2113.22
2113.49
2113.75
2114.01
2114.27
2114.53
2114.79
2115.05
2115.31
2115.56
2115.82
2116.08
2116.33
2116.58
2116.83
2117.09
2117.34
2117.59
2117.84
2118.08
2118.33
2118.57
2118.82
2119.06
2119.31
2119.55
2119.79
2120.03
2120.27
2120.51
2120.75
2120.99
2121.23
2121.46
2121.7
2121.94
2122.18
2122.42
iteracion: 1347
--- next_x
2232.1
2232.18
2232.27
2232.36
2232.44
2232.53
2232.61
2232.7
2232.79
2232.87
2232.96
2233.04
2233.12
2233.21
2233.29
2233.37
2233.46
2233.54
2233.62
2233.7
2233.78
2233.86
2233.94
2234.02
2234.1
2234.18
2234.26
2234.34
2234.42
2234.49
2234.57
2234.65
2234.72
2234.8
2234.88
2234.95
2235.02
2235.1
2235.17
2235.24
2235.31
2235.39
2235.46
2235.53
2235.6
2235.67
2235.74
2235.82
2235.89
2235.96
--- next_y
2109.97
2110.25
2110.53
2110.8
2111.08
2111.35
2111.62
2111.89
2112.16
2112.43
2112.69
2112.96
2113.22
2113.49
2113.75
2114.01
2114.27
2114.53
2114.79
2115.05
2115.31
2115.56
2115.82
2116.08
2116.33
2116.58
2116.83
2117.09
2117.34
2117.59
2117.84
2118.08
2118.33
2118.57
2118.82
2119.06
2119.31
2119.55
2119.79
2120.03
2120.27
2120.51
2120.75
2120.99
2121.23
2121.46
2121.7
2121.94
2122.17
2122.41
iteracion: 1347
--- next_x
2232.1
2232.18
2232.27
2232.36
2232.44
2232.53
2232.61
2232.7
2232.79
2232.87
2232.96
2233.04
2233.12
2233.21
2233.29
2233.37
2233.46
2233.54
2233.62
2233.7
2233.78
2233.86
2233.94
2234.02
2234.1
2234.18
2234.26
2234.34
2234.42
2234.49
2234.57
2234.65
2234.72
2234.8
2234.88
2234.95
2235.02
2235.1
2235.17
2235.24
2235.31
2235.39
2235.46
2235.53
2235.6
2235.67
2235.74
2235.8
2235.87
2235.94
--- next_y
2109.97
2110.25
2110.53
2110.8
2111.08
2111.35
2111.62
2111.89
2112.16
2112.43
2112.69
2112.96
2113.22
2113.49
2113.75
2114.01
2114.27
2114.53
2114.79
2115.05
2115.31
2115.56
2115.82
2116.08
2116.33
2116.58
2116.83
2117.09
2117.34
2117.59
2117.84
2118.08
2118.33
2118.57
2118.82
2119.06
2119.31
2119.55
2119.79
2120.03
2120.27
2120.51
2120.75
2120.99
2121.23
2121.46
2121.7
2121.94
2122.17
2122.41
