iteracion: 1659
--- next_x
2249.48
2249.57
2249.66
2249.74
2249.82
2249.91
2249.99
2250.08
2250.16
2250.24
2250.33
2250.41
2250.49
2250.58
2250.66
2250.74
2250.82
2250.91
2250.99
2251.07
2251.15
2251.23
2251.31
2251.39
2251.47
2251.55
2251.64
2251.72
2251.79
2251.87
2251.95
2252.03
2252.11
2252.19
2252.27
2252.34
2252.42
2252.5
2252.58
2252.65
2252.73
2252.81
2252.88
2252.96
2253.03
2253.11
2253.18
2253.26
2253.34
2253.41
--- next_y
2174.92
2175.3
2175.69
2176.07
2176.45
2176.84
2177.22
2177.6
2177.98
2178.36
2178.74
2179.12
2179.49
2179.87
2180.25
2180.62
2181
2181.38
2181.75
2182.13
2182.5
2182.87
2183.25
2183.62
2183.99
2184.36
2184.73
2185.1
2185.47
2185.83
2186.2
2186.57
2186.93
2187.3
2187.67
2188.03
2188.39
2188.76
2189.12
2189.48
2189.85
2190.21
2190.57
2190.93
2191.29
2191.65
2192.01
2192.37
2192.73
2193.09
iteracion: 1659
--- next_x
2249.48
2249.57
2249.66
2249.74
2249.82
2249.91
2249.99
2250.08
2250.16
2250.24
2250.33
2250.41
2250.49
2250.58
2250.66
2250.74
2250.82
2250.91
2250.99
2251.07
2251.15
2251.23
2251.31
2251.39
2251.47
2251.55
2251.64
2251.72
2251.79
2251.87
2251.95
2252.03
2252.11
2252.19
2252.27
2252.34
2252.42
2252.5
2252.58
2252.65
2252.73
2252.81
2252.88
2252.96
2253.03
2253.11
2253.19
2253.27
2253.35
2253.44
--- next_y
2174.92
2175.3
2175.69
2176.07
2176.45
2176.84
2177.22
2177.6
2177.98
2178.36
2178.74
2179.12
2179.49
2179.87
2180.25
2180.62
2181
2181.38
2181.75
2182.13
2182.5
2182.87
2183.25
2183.62
2183.99
2184.36
2184.73
2185.1
2185.47
2185.83
2186.2
2186.57
2186.93
2187.3
2187.67
2188.03
2188.39
2188.76
2189.12
2189.48
2189.85
2190.21
2190.57
2190.93
2191.29
2191.65
2192
2192.36
2192.71
2193.07
iteracion: 1659
--- next_x
2249.48
2249.57
2249.66
2249.74
2249.82
2249.91
2249.99
2250.08
2250.16
2250.24
2250.33
2250.41
2250.49
2250.58
2250.66
2250.74
2250.82
2250.91
2250.99
2251.07
2251.15
2251.23
2251.31
2251.39
2251.47
2251.55
2251.64
2251.72
2251.79
2251.87
2251.95
2252.03
2252.11
2252.19
2252.27
2252.34
2252.42
2252.5
2252.58
2252.65
2252.73
2252.81
2252.88
2252.96
2253.03
2253.11
2253.18
2253.25
2253.32
2253.38
--- next_y
2174.92
2175.3
2175.69
2176.07
2176.45
2176.84
2177.22
2177.6
2177.98
2178.36
2178.74
2179.12
2179.49
2179.87
2180.25
2180.62
2181
2181.38
2181.75
2182.13
2182.5
2182.87
2183.25
2183.62
2183.99
2184.36
2184.73
2185.1
2185.47
2185.83
2186.2
2186.57
2186.93
2187.3
2187.67
2188.03
2188.39
2188.76
2189.12
2189.48
2189.85
2190.21
2190.57
2190.93
2191.29
2191.65
2192
2192.36
2192.72
2193.08
