iteracion: 309
--- next_x
1322.06
1322.5
1322.94
1323.39
1323.83
1324.27
1324.71
1325.15
1325.59
1326.03
1326.47
1326.92
1327.36
1327.8
1328.24
1328.68
1329.12
1329.56
1330.01
1330.45
1330.89
1331.33
1331.77
1332.21
1332.65
1333.09
1333.54
1333.98
1334.42
1334.86
1335.3
1335.74
1336.18
1336.62
1337.06
1337.5
1337.94
1338.37
1338.81
1339.25
1339.68
1340.12
1340.55
1340.99
1341.42
1341.86
1342.29
1342.73
1343.16
1343.6
--- next_y
1184.27
1184.22
1184.17
1184.13
1184.08
1184.04
1183.99
1183.94
1183.9
1183.85
1183.81
1183.76
1183.71
1183.67
1183.62
1183.58
1183.53
1183.48
1183.44
1183.39
1183.35
1183.3
1183.25
1183.21
1183.16
1183.12
1183.07
1183.03
1182.98
1182.93
1182.89
1182.84
1182.8
1182.75
1182.71
1182.66
1182.62
1182.58
1182.53
1182.49
1182.45
1182.4
1182.36
1182.32
1182.28
1182.23
1182.19
1182.15
1182.11
1182.06
iteracion: 309
--- next_x
1322.06
1322.5
1322.94
1323.39
1323.83
1324.27
1324.71
1325.15
1325.59
1326.03
1326.47
1326.92
1327.36
1327.8
1328.24
1328.68
1329.12
1329.56
1330.01
1330.45
1330.89
1331.33
1331.77
1332.21
1332.65
1333.09
1333.54
1333.98
1334.42
1334.86
1335.3
1335.74
1336.18
1336.62
1337.06
1337.5
1337.94
1338.37
1338.81
1339.25
1339.68
1340.12
1340.55
1340.99
1341.42
1341.86
1342.29
1342.72
1343.15
1343.57
--- next_y
1184.27
1184.22
1184.17
1184.13
1184.08
1184.04
1183.99
1183.94
1183.9
1183.85
1183.81
1183.76
1183.71
1183.67
1183.62
1183.58
1183.53
1183.48
1183.44
1183.39
1183.35
1183.3
1183.25
1183.21
1183.16
1183.12
1183.07
1183.03
1182.98
1182.93
1182.89
1182.84
1182.8
1182.75
1182.71
1182.66
1182.62
1182.58
1182.53
1182.49
1182.45
1182.4
1182.36
1182.32
1182.28
1182.23
1182.19
1182.14
1182.08
1182.02
iteracion: 309
--- next_x
1322.06
1322.5
1322.94
1323.39
1323.83
1324.27
1324.71
1325.15
1325.59
1326.03
1326.47
1326.92
1327.36
1327.8
1328.24
1328.68
1329.12
1329.56
1330.01
1330.45
1330.89
1331.33
1331.77
1332.21
1332.65
1333.09
1333.54
1333.98
1334.42
1334.86
1335.3
1335.74
1336.18
1336.62
1337.06
1337.5
1337.94
1338.37
1338.81
1339.25
1339.68
1340.12
1340.55
1340.99
1341.42
1341.86
1342.29
1342.72
1343.15
1343.58
--- next_y
1184.27
1184.22
1184.17
1184.13
1184.08
1184.04
1183.99
1183.94
1183.9
1183.85
1183.81
1183.76
1183.71
1183.67
1183.62
1183.58
1183.53
1183.48
1183.44
1183.39
1183.35
1183.3
1183.25
1183.21
1183.16
1183.12
1183.07
1183.03
1182.98
1182.93
1182.89
1182.84
1182.8
1182.75
1182.71
1182.66
1182.62
1182.58
1182.53
1182.49
1182.45
1182.4
1182.36
1182.32
1182.28
1182.23
1182.2
1182.16
1182.13
1182.11
