iteracion: 472
--- next_x
1540.77
1541.14
1541.51
1541.88
1542.25
1542.61
1542.98
1543.34
1543.71
1544.07
1544.43
1544.79
1545.15
1545.51
1545.86
1546.22
1546.57
1546.93
1547.28
1547.62
1547.97
1548.32
1548.66
1549.01
1549.35
1549.69
1550.03
1550.37
1550.71
1551.05
1551.39
1551.72
1552.06
1552.39
1552.73
1553.06
1553.39
1553.72
1554.05
1554.38
1554.7
1555.03
1555.35
1555.67
1555.99
1556.32
1556.63
1556.96
1557.28
1557.6
--- next_y
1160.28
1160.24
1160.21
1160.18
1160.15
1160.12
1160.09
1160.05
1160.02
1159.99
1159.96
1159.93
1159.9
1159.87
1159.84
1159.81
1159.78
1159.74
1159.71
1159.69
1159.66
1159.63
1159.6
1159.57
1159.54
1159.51
1159.48
1159.45
1159.42
1159.39
1159.37
1159.34
1159.31
1159.28
1159.25
1159.22
1159.2
1159.17
1159.14
1159.12
1159.09
1159.06
1159.03
1159.01
1158.98
1158.95
1158.92
1158.9
1158.87
1158.84
iteracion: 472
--- next_x
1540.77
1541.14
1541.51
1541.88
1542.25
1542.61
1542.98
1543.34
1543.71
1544.07
1544.43
1544.79
1545.15
1545.51
1545.86
1546.22
1546.57
1546.93
1547.28
1547.62
1547.97
1548.32
1548.66
1549.01
1549.35
1549.69
1550.03
1550.37
1550.71
1551.05
1551.39
1551.72
1552.06
1552.39
1552.73
1553.06
1553.39
1553.72
1554.05
1554.38
1554.7
1555.03
1555.35
1555.67
1555.99
1556.32
1556.63
1556.95
1557.27
1557.59
--- next_y
1160.28
1160.24
1160.21
1160.18
1160.15
1160.12
1160.09
1160.05
1160.02
1159.99
1159.96
1159.93
1159.9
1159.87
1159.84
1159.81
1159.78
1159.74
1159.71
1159.69
1159.66
1159.63
1159.6
1159.57
1159.54
1159.51
1159.48
1159.45
1159.42
1159.39
1159.37
1159.34
1159.31
1159.28
1159.25
1159.22
1159.2
1159.17
1159.14
1159.12
1159.09
1159.06
1159.03
1159.01
1158.98
1158.95
1158.92
1158.9
1158.87
1158.83
iteracion: 472
--- next_x
1540.77
1541.14
1541.51
1541.88
1542.25
1542.61
1542.98
1543.34
1543.71
1544.07
1544.43
1544.79
1545.15
1545.51
1545.86
1546.22
1546.57
1546.93
1547.28
1547.62
1547.97
1548.32
1548.66
1549.01
1549.35
1549.69
1550.03
1550.37
1550.71
1551.05
1551.39
1551.72
1552.06
1552.39
1552.73
1553.06
1553.39
1553.72
1554.05
1554.38
1554.7
1555.03
1555.35
1555.67
1555.99
1556.32
1556.63
1556.95
1557.27
1557.59
--- next_y
1160.28
1160.24
1160.21
1160.18
1160.15
1160.12
1160.09
1160.05
1160.02
1159.99
1159.96
1159.93
1159.9
1159.87
1159.84
1159.81
1159.78
1159.74
1159.71
1159.69
1159.66
1159.63
1159.6
1159.57
1159.54
1159.51
1159.48
1159.45
1159.42
1159.39
1159.37
1159.34
1159.31
1159.28
1159.25
1159.22
1159.2
1159.17
1159.14
1159.12
1159.09
1159.06
1159.03
1159.01
1158.98
1158.95
1158.92
1158.9
1158.88
1158.86
