iteracion: 1896
--- next_x
2319.27
2319.32
2319.38
2319.44
2319.49
2319.55
2319.6
2319.66
2319.71
2319.77
2319.82
2319.88
2319.93
2319.99
2320.04
2320.1
2320.15
2320.21
2320.26
2320.32
2320.37
2320.43
2320.48
2320.53
2320.59
2320.64
2320.69
2320.75
2320.8
2320.85
2320.91
2320.96
2321.01
2321.06
2321.11
2321.16
2321.22
2321.27
2321.32
2321.37
2321.42
2321.47
2321.52
2321.57
2321.62
2321.67
2321.72
2321.77
2321.82
2321.87
--- next_y
2454.25
2454.54
2454.82
2455.11
2455.4
2455.69
2455.98
2456.26
2456.55
2456.84
2457.12
2457.41
2457.69
2457.97
2458.25
2458.54
2458.82
2459.1
2459.38
2459.66
2459.94
2460.22
2460.49
2460.77
2461.05
2461.32
2461.6
2461.88
2462.15
2462.43
2462.7
2462.97
2463.24
2463.52
2463.79
2464.06
2464.33
2464.61
2464.88
2465.14
2465.41
2465.68
2465.95
2466.22
2466.49
2466.75
2467.02
2467.29
2467.56
2467.82
iteracion: 1896
--- next_x
2319.27
2319.32
2319.38
2319.44
2319.49
2319.55
2319.6
2319.66
2319.71
2319.77
2319.82
2319.88
2319.93
2319.99
2320.04
2320.1
2320.15
2320.21
2320.26
2320.32
2320.37
2320.43
2320.48
2320.53
2320.59
2320.64
2320.69
2320.75
2320.8
2320.85
2320.91
2320.96
2321.01
2321.06
2321.11
2321.16
2321.22
2321.27
2321.32
2321.37
2321.42
2321.47
2321.52
2321.57
2321.62
2321.67
2321.72
2321.77
2321.83
2321.88
--- next_y
2454.25
2454.54
2454.82
2455.11
2455.4
2455.69
2455.98
2456.26
2456.55
2456.84
2457.12
2457.41
2457.69
2457.97
2458.25
2458.54
2458.82
2459.1
2459.38
2459.66
2459.94
2460.22
2460.49
2460.77
2461.05
2461.32
2461.6
2461.88
2462.15
2462.43
2462.7
2462.97
2463.24
2463.52
2463.79
2464.06
2464.33
2464.61
2464.88
2465.14
2465.41
2465.68
2465.95
2466.22
2466.49
2466.75
2467.02
2467.28
2467.55
2467.81
iteracion: 1896
--- next_x
2319.27
2319.32
2319.38
2319.44
2319.49
2319.55
2319.6
2319.66
2319.71
2319.77
2319.82
2319.88
2319.93
2319.99
2320.04
2320.1
2320.15
2320.21
2320.26
2320.32
2320.37
2320.43
2320.48
2320.53
2320.59
2320.64
2320.69
2320.75
2320.8
2320.85
2320.91
2320.96
2321.01
2321.06
2321.11
2321.16
2321.22
2321.27
2321.32
2321.37
2321.42
2321.47
2321.52
2321.57
2321.62
2321.67
2321.72
2321.77
2321.81
2321.86
--- next_y
2454.25
2454.54
2454.82
2455.11
2455.4
2455.69
2455.98
2456.26
2456.55
2456.84
2457.12
2457.41
2457.69
2457.97
2458.25
2458.54
2458.82
2459.1
2459.38
2459.66
2459.94
2460.22
2460.49
2460.77
2461.05
2461.32
2461.6
2461.88
2462.15
2462.43
2462.7
2462.97
2463.24
2463.52
2463.79
2464.06
2464.33
2464.61
2464.88
2465.14
2465.41
2465.68
2465.95
2466.22
2466.49
2466.75
2467.02
2467.28
2467.55
2467.82
