iteracion: 3986
--- next_x
230.75
230.936
231.123
231.309
231.498
231.686
231.875
232.063
232.254
232.445
232.635
232.826
233.017
233.206
233.395
233.585
233.774
233.963
234.152
234.341
234.529
234.717
234.904
235.092
235.279
235.465
235.652
235.839
236.025
236.21
236.396
236.581
236.765
236.95
237.134
237.318
237.502
237.685
237.868
238.051
238.233
238.416
238.598
238.78
238.961
239.143
239.325
239.507
239.689
239.87
--- next_y
1848.32
1847.93
1847.54
1847.15
1846.75
1846.36
1845.96
1845.56
1845.16
1844.76
1844.36
1843.96
1843.56
1843.16
1842.76
1842.36
1841.97
1841.57
1841.17
1840.78
1840.38
1839.98
1839.59
1839.2
1838.81
1838.41
1838.02
1837.63
1837.24
1836.85
1836.46
1836.07
1835.68
1835.29
1834.9
1834.52
1834.13
1833.74
1833.36
1832.98
1832.59
1832.21
1831.83
1831.44
1831.06
1830.68
1830.3
1829.92
1829.53
1829.15
iteracion: 3986
--- next_x
230.75
230.936
231.123
231.309
231.498
231.686
231.875
232.063
232.254
232.445
232.635
232.826
233.017
233.206
233.395
233.585
233.774
233.963
234.152
234.341
234.529
234.717
234.904
235.092
235.279
235.465
235.652
235.839
236.025
236.21
236.396
236.581
236.765
236.95
237.134
237.318
237.502
237.685
237.868
238.051
238.233
238.416
238.598
238.78
238.961
239.143
239.319
239.492
239.66
239.825
--- next_y
1848.32
1847.93
1847.54
1847.15
1846.75
1846.36
1845.96
1845.56
1845.16
1844.76
1844.36
1843.96
1843.56
1843.16
1842.76
1842.36
1841.97
1841.57
1841.17
1840.78
1840.38
1839.98
1839.59
1839.2
1838.81
1838.41
1838.02
1837.63
1837.24
1836.85
1836.46
1836.07
1835.68
1835.29
1834.9
1834.52
1834.13
1833.74
1833.36
1832.98
1832.59
1832.21
1831.83
1831.44
1831.06
1830.68
1830.3
1829.92
1829.54
1829.15
iteracion: 3986
--- next_x
230.75
230.936
231.123
231.309
231.498
231.686
231.875
232.063
232.254
232.445
232.635
232.826
233.017
233.206
233.395
233.585
233.774
233.963
234.152
234.341
234.529
234.717
234.904
235.092
235.279
235.465
235.652
235.839
236.025
236.21
236.396
236.581
236.765
236.95
237.134
237.318
237.502
237.685
237.868
238.051
238.233
238.416
238.598
238.78
238.961
239.143
239.326
239.513
239.704
239.898
--- next_y
1848.32
1847.93
1847.54
1847.15
1846.75
1846.36
1845.96
1845.56
1845.16
1844.76
1844.36
1843.96
1843.56
1843.16
1842.76
1842.36
1841.97
1841.57
1841.17
1840.78
1840.38
1839.98
1839.59
1839.2
1838.81
1838.41
1838.02
1837.63
1837.24
1836.85
1836.46
1836.07
1835.68
1835.29
1834.9
1834.52
1834.13
1833.74
1833.36
1832.98
1832.59
1832.21
1831.83
1831.44
1831.06
1830.68
1830.3
1829.93
1829.56
1829.18
