iteracion: 784
--- next_x
1943.92
1944.24
1944.57
1944.9
1945.23
1945.56
1945.89
1946.22
1946.55
1946.89
1947.22
1947.56
1947.89
1948.22
1948.55
1948.88
1949.2
1949.53
1949.85
1950.17
1950.49
1950.81
1951.13
1951.45
1951.76
1952.08
1952.39
1952.7
1953.02
1953.33
1953.63
1953.94
1954.25
1954.55
1954.85
1955.16
1955.46
1955.76
1956.06
1956.35
1956.65
1956.94
1957.24
1957.53
1957.82
1958.11
1958.41
1958.7
1958.99
1959.28
--- next_y
1163.82
1163.94
1164.06
1164.18
1164.31
1164.43
1164.56
1164.69
1164.81
1164.94
1165.07
1165.2
1165.33
1165.46
1165.59
1165.72
1165.85
1165.98
1166.12
1166.24
1166.38
1166.51
1166.64
1166.77
1166.9
1167.03
1167.16
1167.3
1167.43
1167.56
1167.69
1167.83
1167.96
1168.09
1168.22
1168.35
1168.48
1168.62
1168.75
1168.88
1169.01
1169.14
1169.28
1169.41
1169.54
1169.67
1169.81
1169.94
1170.07
1170.21
iteracion: 784
--- next_x
1943.92
1944.24
1944.57
1944.9
1945.23
1945.56
1945.89
1946.22
1946.55
1946.89
1947.22
1947.56
1947.89
1948.22
1948.55
1948.88
1949.2
1949.53
1949.85
1950.17
1950.49
1950.81
1951.13
1951.45
1951.76
1952.08
1952.39
1952.7
1953.02
1953.33
1953.63
1953.94
1954.25
1954.55
1954.85
1955.16
1955.46
1955.76
1956.06
1956.35
1956.65
1956.94
1957.24
1957.53
1957.82
1958.11
1958.41
1958.7
1959
1959.29
--- next_y
1163.82
1163.94
1164.06
1164.18
1164.31
1164.43
1164.56
1164.69
1164.81
1164.94
1165.07
1165.2
1165.33
1165.46
1165.59
1165.72
1165.85
1165.98
1166.12
1166.24
1166.38
1166.51
1166.64
1166.77
1166.9
1167.03
1167.16
1167.3
1167.43
1167.56
1167.69
1167.83
1167.96
1168.09
1168.22
1168.35
1168.48
1168.62
1168.75
1168.88
1169.01
1169.14
1169.28
1169.41
1169.54
1169.67
1169.8
1169.93
1170.06
1170.19
iteracion: 784
--- next_x
1943.92
1944.24
1944.57
1944.9
1945.23
1945.56
1945.89
1946.22
1946.55
1946.89
1947.22
1947.56
1947.89
1948.22
1948.55
1948.88
1949.2
1949.53
1949.85
1950.17
1950.49
1950.81
1951.13
1951.45
1951.76
1952.08
1952.39
1952.7
1953.02
1953.33
1953.63
1953.94
1954.25
1954.55
1954.85
1955.16
1955.46
1955.76
1956.06
1956.35
1956.65
1956.94
1957.24
1957.53
1957.82
1958.11
1958.39
1958.68
1958.96
1959.25
--- next_y
1163.82
1163.94
1164.06
1164.18
1164.31
1164.43
1164.56
1164.69
1164.81
1164.94
1165.07
1165.2
1165.33
1165.46
1165.59
1165.72
1165.85
1165.98
1166.12
1166.24
1166.38
1166.51
1166.64
1166.77
1166.9
1167.03
1167.16
1167.3
1167.43
1167.56
1167.69
1167.83
1167.96
1168.09
1168.22
1168.35
1168.48
1168.62
1168.75
1168.88
1169.01
1169.14
1169.28
1169.41
1169.54
1169.67
1169.8
1169.94
1170.08
1170.22
