iteracion: 340
--- next_x
1373.17
1373.56
1373.95
1374.34
1374.73
1375.12
1375.51
1375.89
1376.28
1376.67
1377.05
1377.44
1377.82
1378.2
1378.59
1378.97
1379.35
1379.73
1380.11
1380.49
1380.87
1381.25
1381.63
1382
1382.38
1382.76
1383.13
1383.5
1383.88
1384.25
1384.62
1384.99
1385.36
1385.73
1386.11
1386.47
1386.84
1387.21
1387.58
1387.95
1388.31
1388.68
1389.05
1389.41
1389.77
1390.14
1390.5
1390.87
1391.23
1391.59
--- next_y
1179.29
1179.25
1179.21
1179.18
1179.14
1179.11
1179.07
1179.04
1179
1178.96
1178.93
1178.89
1178.86
1178.82
1178.78
1178.75
1178.71
1178.67
1178.63
1178.6
1178.56
1178.52
1178.48
1178.45
1178.41
1178.37
1178.33
1178.29
1178.26
1178.22
1178.18
1178.14
1178.1
1178.07
1178.03
1177.99
1177.95
1177.91
1177.87
1177.83
1177.79
1177.75
1177.71
1177.67
1177.63
1177.59
1177.55
1177.51
1177.47
1177.42
iteracion: 340
--- next_x
1373.17
1373.56
1373.95
1374.34
1374.73
1375.12
1375.51
1375.89
1376.28
1376.67
1377.05
1377.44
1377.82
1378.2
1378.59
1378.97
1379.35
1379.73
1380.11
1380.49
1380.87
1381.25
1381.63
1382
1382.38
1382.76
1383.13
1383.5
1383.88
1384.25
1384.62
1384.99
1385.36
1385.73
1386.11
1386.47
1386.84
1387.21
1387.58
1387.95
1388.31
1388.68
1389.05
1389.41
1389.77
1390.14
1390.5
1390.86
1391.22
1391.58
--- next_y
1179.29
1179.25
1179.21
1179.18
1179.14
1179.11
1179.07
1179.04
1179
1178.96
1178.93
1178.89
1178.86
1178.82
1178.78
1178.75
1178.71
1178.67
1178.63
1178.6
1178.56
1178.52
1178.48
1178.45
1178.41
1178.37
1178.33
1178.29
1178.26
1178.22
1178.18
1178.14
1178.1
1178.07
1178.03
1177.99
1177.95
1177.91
1177.87
1177.83
1177.79
1177.75
1177.71
1177.67
1177.63
1177.59
1177.55
1177.51
1177.46
1177.41
iteracion: 340
--- next_x
1373.17
1373.56
1373.95
1374.34
1374.73
1375.12
1375.51
1375.89
1376.28
1376.67
1377.05
1377.44
1377.82
1378.2
1378.59
1378.97
1379.35
1379.73
1380.11
1380.49
1380.87
1381.25
1381.63
1382
1382.38
1382.76
1383.13
1383.5
1383.88
1384.25
1384.62
1384.99
1385.36
1385.73
1386.11
1386.47
1386.84
1387.21
1387.58
1387.95
1388.31
1388.68
1389.05
1389.41
1389.77
1390.14
1390.5
1390.86
1391.22
1391.59
--- next_y
1179.29
1179.25
1179.21
1179.18
1179.14
1179.11
1179.07
1179.04
1179
1178.96
1178.93
1178.89
1178.86
1178.82
1178.78
1178.75
1178.71
1178.67
1178.63
1178.6
1178.56
1178.52
1178.48
1178.45
1178.41
1178.37
1178.33
1178.29
1178.26
1178.22
1178.18
1178.14
1178.1
1178.07
1178.03
1177.99
1177.95
1177.91
1177.87
1177.83
1177.79
1177.75
1177.71
1177.67
1177.63
1177.59
1177.55
1177.51
1177.47
1177.44
