iteracion: 1350
--- next_x
2233.37
2233.46
2233.54
2233.62
2233.7
2233.78
2233.86
2233.94
2234.02
2234.1
2234.18
2234.26
2234.34
2234.42
2234.49
2234.57
2234.65
2234.72
2234.8
2234.88
2234.95
2235.02
2235.1
2235.17
2235.24
2235.31
2235.39
2235.46
2235.53
2235.6
2235.67
2235.74
2235.81
2235.88
2235.95
2236.01
2236.08
2236.15
2236.22
2236.28
2236.35
2236.41
2236.48
2236.55
2236.61
2236.68
2236.74
2236.81
2236.87
2236.94
--- next_y
2114.01
2114.27
2114.53
2114.79
2115.05
2115.31
2115.56
2115.82
2116.08
2116.33
2116.58
2116.83
2117.09
2117.34
2117.59
2117.84
2118.08
2118.33
2118.57
2118.82
2119.06
2119.31
2119.55
2119.79
2120.03
2120.27
2120.51
2120.75
2120.99
2121.23
2121.46
2121.69
2121.93
2122.16
2122.39
2122.62
2122.85
2123.08
2123.31
2123.54
2123.76
2123.99
2124.21
2124.44
2124.66
2124.89
2125.11
2125.34
2125.56
2125.79
iteracion: 1350
--- next_x
2233.37
2233.46
2233.54
2233.62
2233.7
2233.78
2233.86
2233.94
2234.02
2234.1
2234.18
2234.26
2234.34
2234.42
2234.49
2234.57
2234.65
2234.72
2234.8
2234.88
2234.95
2235.02
2235.1
2235.17
2235.24
2235.31
2235.39
2235.46
2235.53
2235.6
2235.67
2235.74
2235.81
2235.88
2235.95
2236.01
2236.08
2236.15
2236.22
2236.28
2236.35
2236.41
2236.48
2236.55
2236.61
2236.68
2236.74
2236.81
2236.88
2236.95
--- next_y
2114.01
2114.27
2114.53
2114.79
2115.05
2115.31
2115.56
2115.82
2116.08
2116.33
2116.58
2116.83
2117.09
2117.34
2117.59
2117.84
2118.08
2118.33
2118.57
2118.82
2119.06
2119.31
2119.55
2119.79
2120.03
2120.27
2120.51
2120.75
2120.99
2121.23
2121.46
2121.69
2121.93
2122.16
2122.39
2122.62
2122.85
2123.08
2123.31
2123.54
2123.76
2123.99
2124.21
2124.44
2124.66
2124.89
2125.11
2125.33
2125.56
2125.78
iteracion: 1350
--- next_x
2233.37
2233.46
2233.54
2233.62
2233.7
2233.78
2233.86
2233.94
2234.02
2234.1
2234.18
2234.26
2234.34
2234.42
2234.49
2234.57
2234.65
2234.72
2234.8
2234.88
2234.95
2235.02
2235.1
2235.17
2235.24
2235.31
2235.39
2235.46
2235.53
2235.6
2235.67
2235.74
2235.81
2235.88
2235.95
2236.01
2236.08
2236.15
2236.22
2236.28
2236.35
2236.41
2236.48
2236.55
2236.61
2236.68
2236.74
2236.8
2236.86
2236.93
--- next_y
2114.01
2114.27
2114.53
2114.79
2115.05
2115.31
2115.56
2115.82
2116.08
2116.33
2116.58
2116.83
2117.09
2117.34
2117.59
2117.84
2118.08
2118.33
2118.57
2118.82
2119.06
2119.31
2119.55
2119.79
2120.03
2120.27
2120.51
2120.75
2120.99
2121.23
2121.46
2121.69
2121.93
2122.16
2122.39
2122.62
2122.85
2123.08
2123.31
2123.54
2123.76
2123.99
2124.21
2124.44
2124.66
2124.89
2125.11
2125.33
2125.55
2125.78
