iteracion: 952
--- next_x
2062.48
2062.57
2062.66
2062.74
2062.83
2062.91
2063
2063.08
2063.17
2063.25
2063.34
2063.42
2063.5
2063.59
2063.67
2063.75
2063.83
2063.92
2064
2064.08
2064.16
2064.24
2064.32
2064.4
2064.48
2064.56
2064.64
2064.72
2064.8
2064.88
2064.96
2065.04
2065.12
2065.19
2065.27
2065.35
2065.43
2065.5
2065.58
2065.66
2065.73
2065.81
2065.88
2065.96
2066.03
2066.11
2066.18
2066.26
2066.34
2066.41
--- next_y
1292.4
1292.62
1292.84
1293.05
1293.27
1293.48
1293.7
1293.91
1294.12
1294.34
1294.55
1294.76
1294.97
1295.18
1295.39
1295.61
1295.81
1296.02
1296.23
1296.44
1296.65
1296.85
1297.06
1297.27
1297.47
1297.67
1297.88
1298.08
1298.28
1298.48
1298.68
1298.89
1299.09
1299.29
1299.48
1299.68
1299.88
1300.08
1300.28
1300.47
1300.67
1300.86
1301.06
1301.25
1301.45
1301.64
1301.84
1302.03
1302.22
1302.42
iteracion: 952
--- next_x
2062.48
2062.57
2062.66
2062.74
2062.83
2062.91
2063
2063.08
2063.17
2063.25
2063.34
2063.42
2063.5
2063.59
2063.67
2063.75
2063.83
2063.92
2064
2064.08
2064.16
2064.24
2064.32
2064.4
2064.48
2064.56
2064.64
2064.72
2064.8
2064.88
2064.96
2065.04
2065.12
2065.19
2065.27
2065.35
2065.43
2065.5
2065.58
2065.66
2065.73
2065.81
2065.88
2065.96
2066.03
2066.11
2066.18
2066.26
2066.34
2066.41
--- next_y
1292.4
1292.62
1292.84
1293.05
1293.27
1293.48
1293.7
1293.91
1294.12
1294.34
1294.55
1294.76
1294.97
1295.18
1295.39
1295.61
1295.81
1296.02
1296.23
1296.44
1296.65
1296.85
1297.06
1297.27
1297.47
1297.67
1297.88
1298.08
1298.28
1298.48
1298.68
1298.89
1299.09
1299.29
1299.48
1299.68
1299.88
1300.08
1300.28
1300.47
1300.67
1300.86
1301.06
1301.25
1301.45
1301.64
1301.84
1302.03
1302.22
1302.41
iteracion: 952
--- next_x
2062.48
2062.57
2062.66
2062.74
2062.83
2062.91
2063
2063.08
2063.17
2063.25
2063.34
2063.42
2063.5
2063.59
2063.67
2063.75
2063.83
2063.92
2064
2064.08
2064.16
2064.24
2064.32
2064.4
2064.48
2064.56
2064.64
2064.72
2064.8
2064.88
2064.96
2065.04
2065.12
2065.19
2065.27
2065.35
2065.43
2065.5
2065.58
2065.66
2065.73
2065.81
2065.88
2065.96
2066.03
2066.11
2066.18
2066.26
2066.33
2066.41
--- next_y
1292.4
1292.62
1292.84
1293.05
1293.27
1293.48
1293.7
1293.91
1294.12
1294.34
1294.55
1294.76
1294.97
1295.18
1295.39
1295.61
1295.81
1296.02
1296.23
1296.44
1296.65
1296.85
1297.06
1297.27
1297.47
1297.67
1297.88
1298.08
1298.28
1298.48
1298.68
1298.89
1299.09
1299.29
1299.48
1299.68
1299.88
1300.08
1300.28
1300.47
1300.67
1300.86
1301.06
1301.25
1301.45
1301.64
1301.84
1302.03
1302.22
1302.41
