iteracion: 1045
--- next_x
2100.79
2100.9
2101
2101.11
2101.22
2101.33
2101.44
2101.55
2101.65
2101.76
2101.86
2101.97
2102.07
2102.18
2102.28
2102.39
2102.49
2102.59
2102.69
2102.79
2102.89
2102.99
2103.09
2103.19
2103.28
2103.38
2103.47
2103.57
2103.66
2103.75
2103.84
2103.94
2104.03
2104.12
2104.21
2104.3
2104.39
2104.47
2104.56
2104.65
2104.74
2104.82
2104.91
2104.99
2105.07
2105.16
2105.24
2105.32
2105.4
2105.49
--- next_y
1406.62
1406.99
1407.36
1407.73
1408.09
1408.46
1408.83
1409.19
1409.56
1409.92
1410.28
1410.64
1411.01
1411.37
1411.73
1412.09
1412.45
1412.81
1413.17
1413.53
1413.88
1414.24
1414.6
1414.96
1415.32
1415.67
1416.03
1416.38
1416.74
1417.09
1417.45
1417.8
1418.15
1418.51
1418.86
1419.21
1419.57
1419.92
1420.27
1420.62
1420.98
1421.33
1421.68
1422.03
1422.38
1422.73
1423.08
1423.43
1423.79
1424.14
iteracion: 1045
--- next_x
2100.79
2100.9
2101
2101.11
2101.22
2101.33
2101.44
2101.55
2101.65
2101.76
2101.86
2101.97
2102.07
2102.18
2102.28
2102.39
2102.49
2102.59
2102.69
2102.79
2102.89
2102.99
2103.09
2103.19
2103.28
2103.38
2103.47
2103.57
2103.66
2103.75
2103.84
2103.94
2104.03
2104.12
2104.21
2104.3
2104.39
2104.47
2104.56
2104.65
2104.74
2104.82
2104.91
2104.99
2105.08
2105.16
2105.25
2105.34
2105.43
2105.53
--- next_y
1406.62
1406.99
1407.36
1407.73
1408.09
1408.46
1408.83
1409.19
1409.56
1409.92
1410.28
1410.64
1411.01
1411.37
1411.73
1412.09
1412.45
1412.81
1413.17
1413.53
1413.88
1414.24
1414.6
1414.96
1415.32
1415.67
1416.03
1416.38
1416.74
1417.09
1417.45
1417.8
1418.15
1418.51
1418.86
1419.21
1419.57
1419.92
1420.27
1420.62
1420.98
1421.33
1421.68
1422.03
1422.38
1422.73
1423.08
1423.42
1423.77
1424.12
iteracion: 1045
--- next_x
2100.79
2100.9
2101
2101.11
2101.22
2101.33
2101.44
2101.55
2101.65
2101.76
2101.86
2101.97
2102.07
2102.18
2102.28
2102.39
2102.49
2102.59
2102.69
2102.79
2102.89
2102.99
2103.09
2103.19
2103.28
2103.38
2103.47
2103.57
2103.66
2103.75
2103.84
2103.94
2104.03
2104.12
2104.21
2104.3
2104.39
2104.47
2104.56
2104.65
2104.74
2104.82
2104.91
2104.99
2105.07
2105.15
2105.22
2105.3
2105.36
2105.43
--- next_y
1406.62
1406.99
1407.36
1407.73
1408.09
1408.46
1408.83
1409.19
1409.56
1409.92
1410.28
1410.64
1411.01
1411.37
1411.73
1412.09
1412.45
1412.81
1413.17
1413.53
1413.88
1414.24
1414.6
1414.96
1415.32
1415.67
1416.03
1416.38
1416.74
1417.09
1417.45
1417.8
1418.15
1418.51
1418.86
1419.21
1419.57
1419.92
1420.27
1420.62
1420.98
1421.33
1421.68
1422.03
1422.37
1422.72
1423.07
1423.42
1423.77
1424.12
