iteracion: 1344
--- next_x
2230.76
2230.85
2230.94
2231.03
2231.12
2231.21
2231.3
2231.39
2231.48
2231.57
2231.66
2231.74
2231.83
2231.92
2232.01
2232.1
2232.18
2232.27
2232.36
2232.44
2232.53
2232.61
2232.7
2232.79
2232.87
2232.96
2233.04
2233.12
2233.21
2233.29
2233.37
2233.46
2233.54
2233.62
2233.7
2233.78
2233.86
2233.94
2234.02
2234.1
2234.18
2234.26
2234.34
2234.42
2234.49
2234.57
2234.65
2234.73
2234.81
2234.88
--- next_y
2105.69
2105.98
2106.28
2106.56
2106.85
2107.14
2107.43
2107.72
2108
2108.29
2108.57
2108.85
2109.14
2109.42
2109.7
2109.97
2110.25
2110.53
2110.8
2111.08
2111.35
2111.62
2111.89
2112.16
2112.43
2112.69
2112.96
2113.22
2113.49
2113.75
2114.01
2114.27
2114.53
2114.79
2115.05
2115.31
2115.56
2115.82
2116.08
2116.33
2116.58
2116.83
2117.09
2117.34
2117.59
2117.84
2118.09
2118.34
2118.59
2118.85
iteracion: 1344
--- next_x
2230.76
2230.85
2230.94
2231.03
2231.12
2231.21
2231.3
2231.39
2231.48
2231.57
2231.66
2231.74
2231.83
2231.92
2232.01
2232.1
2232.18
2232.27
2232.36
2232.44
2232.53
2232.61
2232.7
2232.79
2232.87
2232.96
2233.04
2233.12
2233.21
2233.29
2233.37
2233.46
2233.54
2233.62
2233.7
2233.78
2233.86
2233.94
2234.02
2234.1
2234.18
2234.26
2234.34
2234.42
2234.49
2234.57
2234.65
2234.73
2234.81
2234.9
--- next_y
2105.69
2105.98
2106.28
2106.56
2106.85
2107.14
2107.43
2107.72
2108
2108.29
2108.57
2108.85
2109.14
2109.42
2109.7
2109.97
2110.25
2110.53
2110.8
2111.08
2111.35
2111.62
2111.89
2112.16
2112.43
2112.69
2112.96
2113.22
2113.49
2113.75
2114.01
2114.27
2114.53
2114.79
2115.05
2115.31
2115.56
2115.82
2116.08
2116.33
2116.58
2116.83
2117.09
2117.34
2117.59
2117.84
2118.09
2118.34
2118.59
2118.84
iteracion: 1344
--- next_x
2230.76
2230.85
2230.94
2231.03
2231.12
2231.21
2231.3
2231.39
2231.48
2231.57
2231.66
2231.74
2231.83
2231.92
2232.01
2232.1
2232.18
2232.27
2232.36
2232.44
2232.53
2232.61
2232.7
2232.79
2232.87
2232.96
2233.04
2233.12
2233.21
2233.29
2233.37
2233.46
2233.54
2233.62
2233.7
2233.78
2233.86
2233.94
2234.02
2234.1
2234.18
2234.26
2234.34
2234.42
2234.49
2234.57
2234.65
2234.72
2234.79
2234.87
--- next_y
2105.69
2105.98
2106.28
2106.56
2106.85
2107.14
2107.43
2107.72
2108
2108.29
2108.57
2108.85
2109.14
2109.42
2109.7
2109.97
2110.25
2110.53
2110.8
2111.08
2111.35
2111.62
2111.89
2112.16
2112.43
2112.69
2112.96
2113.22
2113.49
2113.75
2114.01
2114.27
2114.53
2114.79
2115.05
2115.31
2115.56
2115.82
2116.08
2116.33
2116.58
2116.83
2117.09
2117.34
2117.59
2117.84
2118.09
2118.34
2118.59
2118.84
