iteracion: 366
--- next_x
1410.19
1410.52
1410.85
1411.18
1411.5
1411.83
1412.15
1412.48
1412.81
1413.13
1413.45
1413.77
1414.1
1414.42
1414.74
1415.06
1415.38
1415.7
1416.02
1416.34
1416.65
1416.97
1417.29
1417.61
1417.92
1418.24
1418.55
1418.87
1419.18
1419.49
1419.81
1420.12
1420.43
1420.75
1421.06
1421.37
1421.68
1421.99
1422.29
1422.6
1422.91
1423.21
1423.52
1423.83
1424.13
1424.43
1424.74
1425.04
1425.35
1425.65
--- next_y
1175.21
1175.17
1175.13
1175.09
1175.05
1175.01
1174.97
1174.93
1174.89
1174.85
1174.81
1174.77
1174.73
1174.69
1174.65
1174.61
1174.57
1174.53
1174.49
1174.45
1174.42
1174.38
1174.34
1174.3
1174.26
1174.22
1174.18
1174.14
1174.11
1174.07
1174.03
1173.99
1173.95
1173.91
1173.87
1173.84
1173.8
1173.76
1173.72
1173.69
1173.65
1173.61
1173.58
1173.54
1173.5
1173.46
1173.43
1173.39
1173.35
1173.32
iteracion: 366
--- next_x
1410.19
1410.52
1410.85
1411.18
1411.5
1411.83
1412.15
1412.48
1412.81
1413.13
1413.45
1413.77
1414.1
1414.42
1414.74
1415.06
1415.38
1415.7
1416.02
1416.34
1416.65
1416.97
1417.29
1417.61
1417.92
1418.24
1418.55
1418.87
1419.18
1419.49
1419.81
1420.12
1420.43
1420.75
1421.06
1421.37
1421.68
1421.99
1422.29
1422.6
1422.91
1423.21
1423.52
1423.83
1424.13
1424.43
1424.74
1425.04
1425.34
1425.64
--- next_y
1175.21
1175.17
1175.13
1175.09
1175.05
1175.01
1174.97
1174.93
1174.89
1174.85
1174.81
1174.77
1174.73
1174.69
1174.65
1174.61
1174.57
1174.53
1174.49
1174.45
1174.42
1174.38
1174.34
1174.3
1174.26
1174.22
1174.18
1174.14
1174.11
1174.07
1174.03
1173.99
1173.95
1173.91
1173.87
1173.84
1173.8
1173.76
1173.72
1173.69
1173.65
1173.61
1173.58
1173.54
1173.5
1173.46
1173.43
1173.39
1173.35
1173.3
iteracion: 366
--- next_x
1410.19
1410.52
1410.85
1411.18
1411.5
1411.83
1412.15
1412.48
1412.81
1413.13
1413.45
1413.77
1414.1
1414.42
1414.74
1415.06
1415.38
1415.7
1416.02
1416.34
1416.65
1416.97
1417.29
1417.61
1417.92
1418.24
1418.55
1418.87
1419.18
1419.49
1419.81
1420.12
1420.43
1420.75
1421.06
1421.37
1421.68
1421.99
1422.29
1422.6
1422.91
1423.21
1423.52
1423.83
1424.13
1424.43
1424.74
1425.04
1425.34
1425.65
--- next_y
1175.21
1175.17
1175.13
1175.09
1175.05
1175.01
1174.97
1174.93
1174.89
1174.85
1174.81
1174.77
1174.73
1174.69
1174.65
1174.61
1174.57
1174.53
1174.49
1174.45
1174.42
1174.38
1174.34
1174.3
1174.26
1174.22
1174.18
1174.14
1174.11
1174.07
1174.03
1173.99
1173.95
1173.91
1173.87
1173.84
1173.8
1173.76
1173.72
1173.69
1173.65
1173.61
1173.58
1173.54
1173.5
1173.46
1173.43
1173.4
1173.36
1173.33
