iteracion: 937
--- next_x
2056.89
2056.99
2057.09
2057.2
2057.3
2057.4
2057.5
2057.6
2057.7
2057.81
2057.91
2058.01
2058.11
2058.21
2058.31
2058.41
2058.51
2058.61
2058.7
2058.8
2058.9
2059
2059.09
2059.19
2059.29
2059.38
2059.48
2059.57
2059.67
2059.76
2059.86
2059.95
2060.04
2060.14
2060.23
2060.32
2060.41
2060.51
2060.6
2060.69
2060.78
2060.87
2060.97
2061.06
2061.15
2061.24
2061.33
2061.42
2061.51
2061.6
--- next_y
1278.81
1279.05
1279.3
1279.54
1279.78
1280.02
1280.27
1280.51
1280.75
1280.99
1281.23
1281.47
1281.71
1281.94
1282.18
1282.42
1282.65
1282.89
1283.13
1283.36
1283.6
1283.83
1284.07
1284.3
1284.54
1284.77
1285
1285.23
1285.46
1285.69
1285.92
1286.15
1286.38
1286.61
1286.84
1287.07
1287.3
1287.52
1287.75
1287.98
1288.2
1288.43
1288.65
1288.88
1289.1
1289.33
1289.55
1289.78
1290
1290.23
iteracion: 937
--- next_x
2056.89
2056.99
2057.09
2057.2
2057.3
2057.4
2057.5
2057.6
2057.7
2057.81
2057.91
2058.01
2058.11
2058.21
2058.31
2058.41
2058.51
2058.61
2058.7
2058.8
2058.9
2059
2059.09
2059.19
2059.29
2059.38
2059.48
2059.57
2059.67
2059.76
2059.86
2059.95
2060.04
2060.14
2060.23
2060.32
2060.41
2060.51
2060.6
2060.69
2060.78
2060.87
2060.97
2061.06
2061.15
2061.24
2061.33
2061.42
2061.52
2061.61
--- next_y
1278.81
1279.05
1279.3
1279.54
1279.78
1280.02
1280.27
1280.51
1280.75
1280.99
1281.23
1281.47
1281.71
1281.94
1282.18
1282.42
1282.65
1282.89
1283.13
1283.36
1283.6
1283.83
1284.07
1284.3
1284.54
1284.77
1285
1285.23
1285.46
1285.69
1285.92
1286.15
1286.38
1286.61
1286.84
1287.07
1287.3
1287.52
1287.75
1287.98
1288.2
1288.43
1288.65
1288.88
1289.1
1289.33
1289.55
1289.77
1289.99
1290.22
iteracion: 937
--- next_x
2056.89
2056.99
2057.09
2057.2
2057.3
2057.4
2057.5
2057.6
2057.7
2057.81
2057.91
2058.01
2058.11
2058.21
2058.31
2058.41
2058.51
2058.61
2058.7
2058.8
2058.9
2059
2059.09
2059.19
2059.29
2059.38
2059.48
2059.57
2059.67
2059.76
2059.86
2059.95
2060.04
2060.14
2060.23
2060.32
2060.41
2060.51
2060.6
2060.69
2060.78
2060.87
2060.97
2061.06
2061.15
2061.24
2061.33
2061.41
2061.5
2061.59
--- next_y
1278.81
1279.05
1279.3
1279.54
1279.78
1280.02
1280.27
1280.51
1280.75
1280.99
1281.23
1281.47
1281.71
1281.94
1282.18
1282.42
1282.65
1282.89
1283.13
1283.36
1283.6
1283.83
1284.07
1284.3
1284.54
1284.77
1285
1285.23
1285.46
1285.69
1285.92
1286.15
1286.38
1286.61
1286.84
1287.07
1287.3
1287.52
1287.75
1287.98
1288.2
1288.43
1288.65
1288.88
1289.1
1289.33
1289.55
1289.77
1290
1290.22
