iteracion: 1150
--- next_x
2124.73
2124.79
2124.86
2124.92
2124.99
2125.05
2125.11
2125.18
2125.25
2125.31
2125.38
2125.44
2125.51
2125.58
2125.64
2125.71
2125.78
2125.85
2125.91
2125.98
2126.05
2126.12
2126.19
2126.26
2126.33
2126.4
2126.47
2126.54
2126.61
2126.68
2126.75
2126.82
2126.89
2126.97
2127.04
2127.11
2127.18
2127.25
2127.32
2127.39
2127.46
2127.53
2127.6
2127.67
2127.74
2127.81
2127.88
2127.95
2128.02
2128.09
--- next_y
1541.46
1541.8
1542.14
1542.48
1542.83
1543.17
1543.51
1543.86
1544.21
1544.56
1544.9
1545.25
1545.6
1545.96
1546.31
1546.66
1547.02
1547.38
1547.73
1548.09
1548.45
1548.82
1549.18
1549.54
1549.91
1550.28
1550.65
1551.01
1551.39
1551.76
1552.13
1552.51
1552.88
1553.25
1553.62
1553.99
1554.36
1554.73
1555.1
1555.46
1555.83
1556.2
1556.57
1556.93
1557.3
1557.66
1558.03
1558.4
1558.76
1559.13
iteracion: 1150
--- next_x
2124.73
2124.79
2124.86
2124.92
2124.99
2125.05
2125.11
2125.18
2125.25
2125.31
2125.38
2125.44
2125.51
2125.58
2125.64
2125.71
2125.78
2125.85
2125.91
2125.98
2126.05
2126.12
2126.19
2126.26
2126.33
2126.4
2126.47
2126.54
2126.61
2126.68
2126.75
2126.82
2126.89
2126.97
2127.04
2127.11
2127.18
2127.25
2127.32
2127.39
2127.46
2127.53
2127.6
2127.67
2127.74
2127.81
2127.89
2127.96
2128.04
2128.12
--- next_y
1541.46
1541.8
1542.14
1542.48
1542.83
1543.17
1543.51
1543.86
1544.21
1544.56
1544.9
1545.25
1545.6
1545.96
1546.31
1546.66
1547.02
1547.38
1547.73
1548.09
1548.45
1548.82
1549.18
1549.54
1549.91
1550.28
1550.65
1551.01
1551.39
1551.76
1552.13
1552.51
1552.88
1553.25
1553.62
1553.99
1554.36
1554.73
1555.1
1555.46
1555.83
1556.2
1556.57
1556.93
1557.3
1557.66
1558.02
1558.38
1558.74
1559.1
iteracion: 1150
--- next_x
2124.73
2124.79
2124.86
2124.92
2124.99
2125.05
2125.11
2125.18
2125.25
2125.31
2125.38
2125.44
2125.51
2125.58
2125.64
2125.71
2125.78
2125.85
2125.91
2125.98
2126.05
2126.12
2126.19
2126.26
2126.33
2126.4
2126.47
2126.54
2126.61
2126.68
2126.75
2126.82
2126.89
2126.97
2127.04
2127.11
2127.18
2127.25
2127.32
2127.39
2127.46
2127.53
2127.6
2127.67
2127.74
2127.81
2127.87
2127.93
2127.99
2128.05
--- next_y
1541.46
1541.8
1542.14
1542.48
1542.83
1543.17
1543.51
1543.86
1544.21
1544.56
1544.9
1545.25
1545.6
1545.96
1546.31
1546.66
1547.02
1547.38
1547.73
1548.09
1548.45
1548.82
1549.18
1549.54
1549.91
1550.28
1550.65
1551.01
1551.39
1551.76
1552.13
1552.51
1552.88
1553.25
1553.62
1553.99
1554.36
1554.73
1555.1
1555.46
1555.83
1556.2
1556.57
1556.93
1557.3
1557.66
1558.02
1558.39
1558.75
1559.12
