iteracion: 1784
--- next_x
2280.67
2280.78
2280.89
2281
2281.11
2281.22
2281.33
2281.44
2281.55
2281.66
2281.77
2281.88
2281.98
2282.09
2282.2
2282.31
2282.42
2282.53
2282.63
2282.74
2282.85
2282.96
2283.07
2283.17
2283.28
2283.39
2283.49
2283.6
2283.71
2283.82
2283.92
2284.03
2284.14
2284.24
2284.34
2284.45
2284.56
2284.66
2284.76
2284.87
2284.97
2285.08
2285.18
2285.28
2285.39
2285.49
2285.59
2285.7
2285.8
2285.91
--- next_y
2323.2
2323.53
2323.86
2324.2
2324.53
2324.86
2325.2
2325.53
2325.86
2326.19
2326.51
2326.84
2327.17
2327.5
2327.82
2328.15
2328.48
2328.8
2329.13
2329.45
2329.77
2330.09
2330.42
2330.74
2331.06
2331.38
2331.7
2332.02
2332.33
2332.65
2332.97
2333.28
2333.6
2333.91
2334.23
2334.54
2334.85
2335.17
2335.48
2335.79
2336.1
2336.41
2336.72
2337.03
2337.34
2337.65
2337.96
2338.27
2338.58
2338.88
iteracion: 1784
--- next_x
2280.67
2280.78
2280.89
2281
2281.11
2281.22
2281.33
2281.44
2281.55
2281.66
2281.77
2281.88
2281.98
2282.09
2282.2
2282.31
2282.42
2282.53
2282.63
2282.74
2282.85
2282.96
2283.07
2283.17
2283.28
2283.39
2283.49
2283.6
2283.71
2283.82
2283.92
2284.03
2284.14
2284.24
2284.34
2284.45
2284.56
2284.66
2284.76
2284.87
2284.97
2285.08
2285.18
2285.28
2285.39
2285.49
2285.6
2285.71
2285.81
2285.93
--- next_y
2323.2
2323.53
2323.86
2324.2
2324.53
2324.86
2325.2
2325.53
2325.86
2326.19
2326.51
2326.84
2327.17
2327.5
2327.82
2328.15
2328.48
2328.8
2329.13
2329.45
2329.77
2330.09
2330.42
2330.74
2331.06
2331.38
2331.7
2332.02
2332.33
2332.65
2332.97
2333.28
2333.6
2333.91
2334.23
2334.54
2334.85
2335.17
2335.48
2335.79
2336.1
2336.41
2336.72
2337.03
2337.34
2337.64
2337.95
2338.25
2338.56
2338.86
iteracion: 1784
--- next_x
2280.67
2280.78
2280.89
2281
2281.11
2281.22
2281.33
2281.44
2281.55
2281.66
2281.77
2281.88
2281.98
2282.09
2282.2
2282.31
2282.42
2282.53
2282.63
2282.74
2282.85
2282.96
2283.07
2283.17
2283.28
2283.39
2283.49
2283.6
2283.71
2283.82
2283.92
2284.03
2284.14
2284.24
2284.34
2284.45
2284.56
2284.66
2284.76
2284.87
2284.97
2285.08
2285.18
2285.28
2285.39
2285.49
2285.59
2285.69
2285.78
2285.88
--- next_y
2323.2
2323.53
2323.86
2324.2
2324.53
2324.86
2325.2
2325.53
2325.86
2326.19
2326.51
2326.84
2327.17
2327.5
2327.82
2328.15
2328.48
2328.8
2329.13
2329.45
2329.77
2330.09
2330.42
2330.74
2331.06
2331.38
2331.7
2332.02
2332.33
2332.65
2332.97
2333.28
2333.6
2333.91
2334.23
2334.54
2334.85
2335.17
2335.48
2335.79
2336.1
2336.41
2336.72
2337.03
2337.34
2337.65
2337.95
2338.26
2338.57
2338.88
