iteracion: 851
--- next_x
1985.67
1986.04
1986.41
1986.77
1987.14
1987.51
1987.87
1988.24
1988.6
1988.96
1989.33
1989.69
1990.05
1990.42
1990.78
1991.14
1991.5
1991.86
1992.21
1992.57
1992.93
1993.29
1993.64
1993.99
1994.35
1994.7
1995.05
1995.4
1995.75
1996.1
1996.45
1996.8
1997.15
1997.49
1997.83
1998.18
1998.52
1998.86
1999.19
1999.53
1999.87
2000.2
2000.54
2000.87
2001.2
2001.53
2001.86
2002.18
2002.51
2002.84
--- next_y
1185.04
1185.29
1185.54
1185.79
1186.04
1186.29
1186.54
1186.79
1187.04
1187.3
1187.55
1187.8
1188.06
1188.31
1188.57
1188.83
1189.08
1189.34
1189.6
1189.86
1190.12
1190.39
1190.65
1190.92
1191.18
1191.45
1191.72
1191.99
1192.26
1192.53
1192.8
1193.07
1193.35
1193.62
1193.9
1194.18
1194.46
1194.74
1195.02
1195.3
1195.58
1195.86
1196.14
1196.42
1196.71
1196.99
1197.28
1197.56
1197.85
1198.14
iteracion: 851
--- next_x
1985.67
1986.04
1986.41
1986.77
1987.14
1987.51
1987.87
1988.24
1988.6
1988.96
1989.33
1989.69
1990.05
1990.42
1990.78
1991.14
1991.5
1991.86
1992.21
1992.57
1992.93
1993.29
1993.64
1993.99
1994.35
1994.7
1995.05
1995.4
1995.75
1996.1
1996.45
1996.8
1997.15
1997.49
1997.83
1998.18
1998.52
1998.86
1999.19
1999.53
1999.87
2000.2
2000.54
2000.87
2001.2
2001.53
2001.87
2002.2
2002.54
2002.88
--- next_y
1185.04
1185.29
1185.54
1185.79
1186.04
1186.29
1186.54
1186.79
1187.04
1187.3
1187.55
1187.8
1188.06
1188.31
1188.57
1188.83
1189.08
1189.34
1189.6
1189.86
1190.12
1190.39
1190.65
1190.92
1191.18
1191.45
1191.72
1191.99
1192.26
1192.53
1192.8
1193.07
1193.35
1193.62
1193.9
1194.18
1194.46
1194.74
1195.02
1195.3
1195.58
1195.86
1196.14
1196.42
1196.71
1196.99
1197.27
1197.55
1197.83
1198.1
iteracion: 851
--- next_x
1985.67
1986.04
1986.41
1986.77
1987.14
1987.51
1987.87
1988.24
1988.6
1988.96
1989.33
1989.69
1990.05
1990.42
1990.78
1991.14
1991.5
1991.86
1992.21
1992.57
1992.93
1993.29
1993.64
1993.99
1994.35
1994.7
1995.05
1995.4
1995.75
1996.1
1996.45
1996.8
1997.15
1997.49
1997.83
1998.18
1998.52
1998.86
1999.19
1999.53
1999.87
2000.2
2000.54
2000.87
2001.2
2001.52
2001.83
2002.14
2002.45
2002.76
--- next_y
1185.04
1185.29
1185.54
1185.79
1186.04
1186.29
1186.54
1186.79
1187.04
1187.3
1187.55
1187.8
1188.06
1188.31
1188.57
1188.83
1189.08
1189.34
1189.6
1189.86
1190.12
1190.39
1190.65
1190.92
1191.18
1191.45
1191.72
1191.99
1192.26
1192.53
1192.8
1193.07
1193.35
1193.62
1193.9
1194.18
1194.46
1194.74
1195.02
1195.3
1195.58
1195.86
1196.14
1196.42
1196.71
1196.99
1197.27
1197.56
1197.85
1198.15
