iteracion: 1978
--- next_x
2336.2
2336.23
2336.26
2336.29
2336.32
2336.35
2336.38
2336.41
2336.44
2336.47
2336.5
2336.53
2336.56
2336.58
2336.61
2336.64
2336.67
2336.69
2336.72
2336.75
2336.77
2336.8
2336.82
2336.85
2336.88
2336.9
2336.93
2336.95
2336.97
2337
2337.02
2337.05
2337.07
2337.09
2337.11
2337.13
2337.15
2337.17
2337.19
2337.21
2337.23
2337.25
2337.27
2337.29
2337.3
2337.32
2337.34
2337.35
2337.37
2337.39
--- next_y
2552.38
2552.7
2553.01
2553.33
2553.64
2553.96
2554.27
2554.58
2554.89
2555.2
2555.51
2555.82
2556.13
2556.44
2556.75
2557.06
2557.36
2557.67
2557.98
2558.28
2558.59
2558.89
2559.2
2559.5
2559.81
2560.11
2560.41
2560.71
2561.01
2561.32
2561.61
2561.91
2562.21
2562.51
2562.81
2563.1
2563.4
2563.7
2563.99
2564.29
2564.58
2564.88
2565.17
2565.47
2565.76
2566.05
2566.34
2566.63
2566.92
2567.22
iteracion: 1978
--- next_x
2336.2
2336.23
2336.26
2336.29
2336.32
2336.35
2336.38
2336.41
2336.44
2336.47
2336.5
2336.53
2336.56
2336.58
2336.61
2336.64
2336.67
2336.69
2336.72
2336.75
2336.77
2336.8
2336.82
2336.85
2336.88
2336.9
2336.93
2336.95
2336.97
2337
2337.02
2337.05
2337.07
2337.09
2337.11
2337.13
2337.15
2337.17
2337.19
2337.21
2337.23
2337.25
2337.27
2337.29
2337.3
2337.32
2337.34
2337.36
2337.37
2337.39
--- next_y
2552.38
2552.7
2553.01
2553.33
2553.64
2553.96
2554.27
2554.58
2554.89
2555.2
2555.51
2555.82
2556.13
2556.44
2556.75
2557.06
2557.36
2557.67
2557.98
2558.28
2558.59
2558.89
2559.2
2559.5
2559.81
2560.11
2560.41
2560.71
2561.01
2561.32
2561.61
2561.91
2562.21
2562.51
2562.81
2563.1
2563.4
2563.7
2563.99
2564.29
2564.58
2564.88
2565.17
2565.47
2565.76
2566.05
2566.34
2566.63
2566.92
2567.21
iteracion: 1978
--- next_x
2336.2
2336.23
2336.26
2336.29
2336.32
2336.35
2336.38
2336.41
2336.44
2336.47
2336.5
2336.53
2336.56
2336.58
2336.61
2336.64
2336.67
2336.69
2336.72
2336.75
2336.77
2336.8
2336.82
2336.85
2336.88
2336.9
2336.93
2336.95
2336.97
2337
2337.02
2337.05
2337.07
2337.09
2337.11
2337.13
2337.15
2337.17
2337.19
2337.21
2337.23
2337.25
2337.27
2337.29
2337.3
2337.32
2337.34
2337.35
2337.37
2337.38
--- next_y
2552.38
2552.7
2553.01
2553.33
2553.64
2553.96
2554.27
2554.58
2554.89
2555.2
2555.51
2555.82
2556.13
2556.44
2556.75
2557.06
2557.36
2557.67
2557.98
2558.28
2558.59
2558.89
2559.2
2559.5
2559.81
2560.11
2560.41
2560.71
2561.01
2561.32
2561.61
2561.91
2562.21
2562.51
2562.81
2563.1
2563.4
2563.7
2563.99
2564.29
2564.58
2564.88
2565.17
2565.47
2565.76
2566.05
2566.34
2566.63
2566.92
2567.2
