iteracion: 946
--- next_x
2060.41
2060.51
2060.6
2060.69
2060.78
2060.87
2060.97
2061.06
2061.15
2061.24
2061.33
2061.42
2061.51
2061.6
2061.69
2061.78
2061.86
2061.95
2062.04
2062.13
2062.22
2062.31
2062.39
2062.48
2062.57
2062.66
2062.74
2062.83
2062.91
2063
2063.08
2063.17
2063.25
2063.34
2063.42
2063.5
2063.59
2063.67
2063.75
2063.83
2063.92
2064
2064.08
2064.16
2064.24
2064.32
2064.4
2064.48
2064.57
2064.65
--- next_y
1287.3
1287.52
1287.75
1287.98
1288.2
1288.43
1288.65
1288.88
1289.1
1289.33
1289.55
1289.77
1289.99
1290.22
1290.44
1290.66
1290.88
1291.1
1291.32
1291.54
1291.75
1291.97
1292.19
1292.4
1292.62
1292.84
1293.05
1293.27
1293.48
1293.7
1293.91
1294.12
1294.34
1294.55
1294.76
1294.97
1295.18
1295.39
1295.61
1295.81
1296.02
1296.23
1296.44
1296.65
1296.85
1297.06
1297.27
1297.47
1297.68
1297.89
iteracion: 946
--- next_x
2060.41
2060.51
2060.6
2060.69
2060.78
2060.87
2060.97
2061.06
2061.15
2061.24
2061.33
2061.42
2061.51
2061.6
2061.69
2061.78
2061.86
2061.95
2062.04
2062.13
2062.22
2062.31
2062.39
2062.48
2062.57
2062.66
2062.74
2062.83
2062.91
2063
2063.08
2063.17
2063.25
2063.34
2063.42
2063.5
2063.59
2063.67
2063.75
2063.83
2063.92
2064
2064.08
2064.16
2064.24
2064.32
2064.4
2064.49
2064.57
2064.65
--- next_y
1287.3
1287.52
1287.75
1287.98
1288.2
1288.43
1288.65
1288.88
1289.1
1289.33
1289.55
1289.77
1289.99
1290.22
1290.44
1290.66
1290.88
1291.1
1291.32
1291.54
1291.75
1291.97
1292.19
1292.4
1292.62
1292.84
1293.05
1293.27
1293.48
1293.7
1293.91
1294.12
1294.34
1294.55
1294.76
1294.97
1295.18
1295.39
1295.61
1295.81
1296.02
1296.23
1296.44
1296.65
1296.85
1297.06
1297.27
1297.47
1297.68
1297.88
iteracion: 946
--- next_x
2060.41
2060.51
2060.6
2060.69
2060.78
2060.87
2060.97
2061.06
2061.15
2061.24
2061.33
2061.42
2061.51
2061.6
2061.69
2061.78
2061.86
2061.95
2062.04
2062.13
2062.22
2062.31
2062.39
2062.48
2062.57
2062.66
2062.74
2062.83
2062.91
2063
2063.08
2063.17
2063.25
2063.34
2063.42
2063.5
2063.59
2063.67
2063.75
2063.83
2063.92
2064
2064.08
2064.16
2064.24
2064.32
2064.4
2064.48
2064.56
2064.64
--- next_y
1287.3
1287.52
1287.75
1287.98
1288.2
1288.43
1288.65
1288.88
1289.1
1289.33
1289.55
1289.77
1289.99
1290.22
1290.44
1290.66
1290.88
1291.1
1291.32
1291.54
1291.75
1291.97
1292.19
1292.4
1292.62
1292.84
1293.05
1293.27
1293.48
1293.7
1293.91
1294.12
1294.34
1294.55
1294.76
1294.97
1295.18
1295.39
1295.61
1295.81
1296.02
1296.23
1296.44
1296.65
1296.85
1297.06
1297.27
1297.47
1297.68
1297.88
