iteracion: 1054
--- next_x
2104.91
2104.99
2105.07
2105.16
2105.24
2105.32
2105.4
2105.48
2105.56
2105.64
2105.72
2105.8
2105.88
2105.95
2106.03
2106.11
2106.18
2106.26
2106.33
2106.41
2106.48
2106.55
2106.63
2106.7
2106.77
2106.84
2106.91
2106.98
2107.05
2107.12
2107.19
2107.26
2107.33
2107.39
2107.46
2107.53
2107.59
2107.66
2107.72
2107.79
2107.86
2107.92
2107.98
2108.05
2108.11
2108.17
2108.24
2108.3
2108.36
2108.42
--- next_y
1421.68
1422.03
1422.38
1422.73
1423.08
1423.42
1423.77
1424.12
1424.47
1424.82
1425.17
1425.51
1425.86
1426.21
1426.55
1426.9
1427.25
1427.59
1427.93
1428.28
1428.62
1428.96
1429.31
1429.65
1429.99
1430.33
1430.67
1431.01
1431.35
1431.69
1432.04
1432.37
1432.71
1433.05
1433.39
1433.73
1434.07
1434.4
1434.74
1435.08
1435.41
1435.75
1436.08
1436.42
1436.75
1437.09
1437.42
1437.76
1438.09
1438.43
iteracion: 1054
--- next_x
2104.91
2104.99
2105.07
2105.16
2105.24
2105.32
2105.4
2105.48
2105.56
2105.64
2105.72
2105.8
2105.88
2105.95
2106.03
2106.11
2106.18
2106.26
2106.33
2106.41
2106.48
2106.55
2106.63
2106.7
2106.77
2106.84
2106.91
2106.98
2107.05
2107.12
2107.19
2107.26
2107.33
2107.39
2107.46
2107.53
2107.59
2107.66
2107.72
2107.79
2107.86
2107.92
2107.98
2108.05
2108.11
2108.18
2108.24
2108.31
2108.38
2108.45
--- next_y
1421.68
1422.03
1422.38
1422.73
1423.08
1423.42
1423.77
1424.12
1424.47
1424.82
1425.17
1425.51
1425.86
1426.21
1426.55
1426.9
1427.25
1427.59
1427.93
1428.28
1428.62
1428.96
1429.31
1429.65
1429.99
1430.33
1430.67
1431.01
1431.35
1431.69
1432.04
1432.37
1432.71
1433.05
1433.39
1433.73
1434.07
1434.4
1434.74
1435.08
1435.41
1435.75
1436.08
1436.42
1436.75
1437.08
1437.42
1437.75
1438.08
1438.41
iteracion: 1054
--- next_x
2104.91
2104.99
2105.07
2105.16
2105.24
2105.32
2105.4
2105.48
2105.56
2105.64
2105.72
2105.8
2105.88
2105.95
2106.03
2106.11
2106.18
2106.26
2106.33
2106.41
2106.48
2106.55
2106.63
2106.7
2106.77
2106.84
2106.91
2106.98
2107.05
2107.12
2107.19
2107.26
2107.33
2107.39
2107.46
2107.53
2107.59
2107.66
2107.72
2107.79
2107.86
2107.92
2107.98
2108.05
2108.11
2108.17
2108.23
2108.29
2108.34
2108.39
--- next_y
1421.68
1422.03
1422.38
1422.73
1423.08
1423.42
1423.77
1424.12
1424.47
1424.82
1425.17
1425.51
1425.86
1426.21
1426.55
1426.9
1427.25
1427.59
1427.93
1428.28
1428.62
1428.96
1429.31
1429.65
1429.99
1430.33
1430.67
1431.01
1431.35
1431.69
1432.04
1432.37
1432.71
1433.05
1433.39
1433.73
1434.07
1434.4
1434.74
1435.08
1435.41
1435.75
1436.08
1436.42
1436.75
1437.08
1437.41
1437.75
1438.08
1438.41
