iteracion: 1698
--- next_x
2259.68
2259.74
2259.79
2259.84
2259.89
2259.95
2260
2260.05
2260.1
2260.15
2260.2
2260.25
2260.3
2260.35
2260.4
2260.45
2260.5
2260.55
2260.6
2260.66
2260.7
2260.76
2260.81
2260.86
2260.91
2260.96
2261.01
2261.06
2261.11
2261.16
2261.21
2261.26
2261.31
2261.36
2261.41
2261.47
2261.52
2261.57
2261.62
2261.67
2261.72
2261.77
2261.82
2261.87
2261.92
2261.97
2262.02
2262.07
2262.12
2262.17
--- next_y
2225.23
2225.53
2225.83
2226.13
2226.43
2226.73
2227.03
2227.33
2227.62
2227.92
2228.21
2228.51
2228.8
2229.1
2229.39
2229.68
2229.97
2230.26
2230.55
2230.84
2231.13
2231.42
2231.7
2231.99
2232.28
2232.56
2232.85
2233.13
2233.41
2233.7
2233.98
2234.26
2234.54
2234.82
2235.1
2235.38
2235.66
2235.94
2236.22
2236.49
2236.77
2237.04
2237.32
2237.59
2237.87
2238.14
2238.42
2238.69
2238.97
2239.24
iteracion: 1698
--- next_x
2259.68
2259.74
2259.79
2259.84
2259.89
2259.95
2260
2260.05
2260.1
2260.15
2260.2
2260.25
2260.3
2260.35
2260.4
2260.45
2260.5
2260.55
2260.6
2260.66
2260.7
2260.76
2260.81
2260.86
2260.91
2260.96
2261.01
2261.06
2261.11
2261.16
2261.21
2261.26
2261.31
2261.36
2261.41
2261.47
2261.52
2261.57
2261.62
2261.67
2261.72
2261.77
2261.82
2261.87
2261.92
2261.97
2262.02
2262.07
2262.13
2262.18
--- next_y
2225.23
2225.53
2225.83
2226.13
2226.43
2226.73
2227.03
2227.33
2227.62
2227.92
2228.21
2228.51
2228.8
2229.1
2229.39
2229.68
2229.97
2230.26
2230.55
2230.84
2231.13
2231.42
2231.7
2231.99
2232.28
2232.56
2232.85
2233.13
2233.41
2233.7
2233.98
2234.26
2234.54
2234.82
2235.1
2235.38
2235.66
2235.94
2236.22
2236.49
2236.77
2237.04
2237.32
2237.59
2237.87
2238.14
2238.42
2238.69
2238.96
2239.23
iteracion: 1698
--- next_x
2259.68
2259.74
2259.79
2259.84
2259.89
2259.95
2260
2260.05
2260.1
2260.15
2260.2
2260.25
2260.3
2260.35
2260.4
2260.45
2260.5
2260.55
2260.6
2260.66
2260.7
2260.76
2260.81
2260.86
2260.91
2260.96
2261.01
2261.06
2261.11
2261.16
2261.21
2261.26
2261.31
2261.36
2261.41
2261.47
2261.52
2261.57
2261.62
2261.67
2261.72
2261.77
2261.82
2261.87
2261.92
2261.97
2262.02
2262.07
2262.12
2262.17
--- next_y
2225.23
2225.53
2225.83
2226.13
2226.43
2226.73
2227.03
2227.33
2227.62
2227.92
2228.21
2228.51
2228.8
2229.1
2229.39
2229.68
2229.97
2230.26
2230.55
2230.84
2231.13
2231.42
2231.7
2231.99
2232.28
2232.56
2232.85
2233.13
2233.41
2233.7
2233.98
2234.26
2234.54
2234.82
2235.1
2235.38
2235.66
2235.94
2236.22
2236.49
2236.77
2237.04
2237.32
2237.59
2237.87
2238.14
2238.42
2238.69
2238.96
2239.23
