iteracion: 1549
--- next_x
2213.85
2213.93
2214.02
2214.1
2214.19
2214.27
2214.35
2214.44
2214.52
2214.61
2214.69
2214.77
2214.86
2214.94
2215.03
2215.11
2215.19
2215.28
2215.36
2215.45
2215.53
2215.61
2215.7
2215.78
2215.86
2215.95
2216.03
2216.12
2216.2
2216.28
2216.37
2216.45
2216.54
2216.62
2216.7
2216.79
2216.87
2216.96
2217.04
2217.12
2217.21
2217.3
2217.38
2217.47
2217.55
2217.64
2217.72
2217.81
2217.9
2217.99
--- next_y
2041.04
2041.44
2041.85
2042.26
2042.66
2043.06
2043.46
2043.87
2044.27
2044.67
2045.07
2045.47
2045.87
2046.26
2046.66
2047.06
2047.45
2047.85
2048.24
2048.64
2049.03
2049.42
2049.82
2050.21
2050.6
2050.99
2051.38
2051.77
2052.16
2052.55
2052.94
2053.32
2053.71
2054.1
2054.48
2054.87
2055.25
2055.64
2056.02
2056.4
2056.78
2057.16
2057.54
2057.92
2058.3
2058.68
2059.06
2059.44
2059.82
2060.19
iteracion: 1549
--- next_x
2213.85
2213.93
2214.02
2214.1
2214.19
2214.27
2214.35
2214.44
2214.52
2214.61
2214.69
2214.77
2214.86
2214.94
2215.03
2215.11
2215.19
2215.28
2215.36
2215.45
2215.53
2215.61
2215.7
2215.78
2215.86
2215.95
2216.03
2216.12
2216.2
2216.28
2216.37
2216.45
2216.54
2216.62
2216.7
2216.79
2216.87
2216.96
2217.04
2217.12
2217.21
2217.3
2217.38
2217.47
2217.55
2217.64
2217.73
2217.82
2217.92
2218.02
--- next_y
2041.04
2041.44
2041.85
2042.26
2042.66
2043.06
2043.46
2043.87
2044.27
2044.67
2045.07
2045.47
2045.87
2046.26
2046.66
2047.06
2047.45
2047.85
2048.24
2048.64
2049.03
2049.42
2049.82
2050.21
2050.6
2050.99
2051.38
2051.77
2052.16
2052.55
2052.94
2053.32
2053.71
2054.1
2054.48
2054.87
2055.25
2055.64
2056.02
2056.4
2056.78
2057.16
2057.54
2057.92
2058.3
2058.67
2059.04
2059.42
2059.79
2060.15
iteracion: 1549
--- next_x
2213.85
2213.93
2214.02
2214.1
2214.19
2214.27
2214.35
2214.44
2214.52
2214.61
2214.69
2214.77
2214.86
2214.94
2215.03
2215.11
2215.19
2215.28
2215.36
2215.45
2215.53
2215.61
2215.7
2215.78
2215.86
2215.95
2216.03
2216.12
2216.2
2216.28
2216.37
2216.45
2216.54
2216.62
2216.7
2216.79
2216.87
2216.96
2217.04
2217.12
2217.21
2217.3
2217.38
2217.47
2217.55
2217.63
2217.71
2217.79
2217.87
2217.94
--- next_y
2041.04
2041.44
2041.85
2042.26
2042.66
2043.06
2043.46
2043.87
2044.27
2044.67
2045.07
2045.47
2045.87
2046.26
2046.66
2047.06
2047.45
2047.85
2048.24
2048.64
2049.03
2049.42
2049.82
2050.21
2050.6
2050.99
2051.38
2051.77
2052.16
2052.55
2052.94
2053.32
2053.71
2054.1
2054.48
2054.87
2055.25
2055.64
2056.02
2056.4
2056.78
2057.16
2057.54
2057.92
2058.3
2058.68
2059.06
2059.43
2059.81
2060.19
