iteracion: 1952
--- next_x
2331.38
2331.45
2331.51
2331.58
2331.65
2331.72
2331.79
2331.85
2331.92
2331.99
2332.05
2332.12
2332.18
2332.25
2332.31
2332.38
2332.44
2332.5
2332.56
2332.62
2332.69
2332.75
2332.81
2332.87
2332.93
2332.99
2333.05
2333.11
2333.16
2333.22
2333.28
2333.33
2333.39
2333.44
2333.5
2333.55
2333.61
2333.66
2333.72
2333.77
2333.82
2333.87
2333.93
2333.98
2334.03
2334.08
2334.13
2334.18
2334.23
2334.28
--- next_y
2519.29
2519.67
2520.04
2520.41
2520.78
2521.15
2521.52
2521.89
2522.26
2522.62
2522.99
2523.36
2523.72
2524.09
2524.45
2524.82
2525.18
2525.55
2525.91
2526.27
2526.63
2526.99
2527.35
2527.71
2528.07
2528.43
2528.79
2529.15
2529.5
2529.86
2530.22
2530.57
2530.93
2531.28
2531.63
2531.99
2532.34
2532.69
2533.04
2533.39
2533.74
2534.09
2534.44
2534.79
2535.13
2535.48
2535.83
2536.18
2536.53
2536.87
iteracion: 1952
--- next_x
2331.38
2331.45
2331.51
2331.58
2331.65
2331.72
2331.79
2331.85
2331.92
2331.99
2332.05
2332.12
2332.18
2332.25
2332.31
2332.38
2332.44
2332.5
2332.56
2332.62
2332.69
2332.75
2332.81
2332.87
2332.93
2332.99
2333.05
2333.11
2333.16
2333.22
2333.28
2333.33
2333.39
2333.44
2333.5
2333.55
2333.61
2333.66
2333.72
2333.77
2333.82
2333.87
2333.93
2333.98
2334.03
2334.08
2334.13
2334.18
2334.24
2334.3
--- next_y
2519.29
2519.67
2520.04
2520.41
2520.78
2521.15
2521.52
2521.89
2522.26
2522.62
2522.99
2523.36
2523.72
2524.09
2524.45
2524.82
2525.18
2525.55
2525.91
2526.27
2526.63
2526.99
2527.35
2527.71
2528.07
2528.43
2528.79
2529.15
2529.5
2529.86
2530.22
2530.57
2530.93
2531.28
2531.63
2531.99
2532.34
2532.69
2533.04
2533.39
2533.74
2534.09
2534.44
2534.79
2535.13
2535.48
2535.83
2536.17
2536.52
2536.86
iteracion: 1952
--- next_x
2331.38
2331.45
2331.51
2331.58
2331.65
2331.72
2331.79
2331.85
2331.92
2331.99
2332.05
2332.12
2332.18
2332.25
2332.31
2332.38
2332.44
2332.5
2332.56
2332.62
2332.69
2332.75
2332.81
2332.87
2332.93
2332.99
2333.05
2333.11
2333.16
2333.22
2333.28
2333.33
2333.39
2333.44
2333.5
2333.55
2333.61
2333.66
2333.72
2333.77
2333.82
2333.87
2333.93
2333.98
2334.03
2334.08
2334.13
2334.17
2334.21
2334.25
--- next_y
2519.29
2519.67
2520.04
2520.41
2520.78
2521.15
2521.52
2521.89
2522.26
2522.62
2522.99
2523.36
2523.72
2524.09
2524.45
2524.82
2525.18
2525.55
2525.91
2526.27
2526.63
2526.99
2527.35
2527.71
2528.07
2528.43
2528.79
2529.15
2529.5
2529.86
2530.22
2530.57
2530.93
2531.28
2531.63
2531.99
2532.34
2532.69
2533.04
2533.39
2533.74
2534.09
2534.44
2534.79
2535.13
2535.48
2535.83
2536.17
2536.51
2536.86
