iteracion: 1323
--- next_x
2220.41
2220.51
2220.62
2220.72
2220.82
2220.92
2221.03
2221.13
2221.23
2221.34
2221.44
2221.54
2221.65
2221.75
2221.85
2221.96
2222.06
2222.16
2222.27
2222.37
2222.48
2222.58
2222.68
2222.79
2222.89
2222.99
2223.1
2223.2
2223.3
2223.41
2223.51
2223.61
2223.72
2223.82
2223.93
2224.03
2224.13
2224.24
2224.34
2224.44
2224.54
2224.65
2224.75
2224.85
2224.95
2225.06
2225.16
2225.26
2225.37
2225.47
--- next_y
2070.24
2070.63
2071.02
2071.41
2071.8
2072.19
2072.57
2072.96
2073.35
2073.73
2074.11
2074.49
2074.87
2075.25
2075.63
2076
2076.38
2076.76
2077.13
2077.5
2077.87
2078.24
2078.61
2078.98
2079.36
2079.72
2080.09
2080.45
2080.82
2081.18
2081.55
2081.91
2082.27
2082.63
2082.99
2083.34
2083.7
2084.06
2084.41
2084.76
2085.11
2085.46
2085.82
2086.17
2086.52
2086.87
2087.22
2087.57
2087.92
2088.27
iteracion: 1323
--- next_x
2220.41
2220.51
2220.62
2220.72
2220.82
2220.92
2221.03
2221.13
2221.23
2221.34
2221.44
2221.54
2221.65
2221.75
2221.85
2221.96
2222.06
2222.16
2222.27
2222.37
2222.48
2222.58
2222.68
2222.79
2222.89
2222.99
2223.1
2223.2
2223.3
2223.41
2223.51
2223.61
2223.72
2223.82
2223.93
2224.03
2224.13
2224.24
2224.34
2224.44
2224.54
2224.65
2224.75
2224.85
2224.95
2225.06
2225.17
2225.27
2225.39
2225.5
--- next_y
2070.24
2070.63
2071.02
2071.41
2071.8
2072.19
2072.57
2072.96
2073.35
2073.73
2074.11
2074.49
2074.87
2075.25
2075.63
2076
2076.38
2076.76
2077.13
2077.5
2077.87
2078.24
2078.61
2078.98
2079.36
2079.72
2080.09
2080.45
2080.82
2081.18
2081.55
2081.91
2082.27
2082.63
2082.99
2083.34
2083.7
2084.06
2084.41
2084.76
2085.11
2085.46
2085.82
2086.17
2086.52
2086.86
2087.21
2087.55
2087.9
2088.24
iteracion: 1323
--- next_x
2220.41
2220.51
2220.62
2220.72
2220.82
2220.92
2221.03
2221.13
2221.23
2221.34
2221.44
2221.54
2221.65
2221.75
2221.85
2221.96
2222.06
2222.16
2222.27
2222.37
2222.48
2222.58
2222.68
2222.79
2222.89
2222.99
2223.1
2223.2
2223.3
2223.41
2223.51
2223.61
2223.72
2223.82
2223.93
2224.03
2224.13
2224.24
2224.34
2224.44
2224.54
2224.65
2224.75
2224.85
2224.95
2225.05
2225.15
2225.25
2225.34
2225.43
--- next_y
2070.24
2070.63
2071.02
2071.41
2071.8
2072.19
2072.57
2072.96
2073.35
2073.73
2074.11
2074.49
2074.87
2075.25
2075.63
2076
2076.38
2076.76
2077.13
2077.5
2077.87
2078.24
2078.61
2078.98
2079.36
2079.72
2080.09
2080.45
2080.82
2081.18
2081.55
2081.91
2082.27
2082.63
2082.99
2083.34
2083.7
2084.06
2084.41
2084.76
2085.11
2085.46
2085.82
2086.17
2086.52
2086.87
2087.21
2087.56
2087.91
2088.27
