iteracion: 1959
--- next_x
2332.99
2333.05
2333.11
2333.16
2333.22
2333.28
2333.33
2333.39
2333.44
2333.5
2333.55
2333.61
2333.66
2333.72
2333.77
2333.82
2333.87
2333.93
2333.98
2334.03
2334.08
2334.13
2334.18
2334.23
2334.27
2334.32
2334.37
2334.42
2334.46
2334.51
2334.55
2334.6
2334.65
2334.69
2334.74
2334.78
2334.83
2334.87
2334.92
2334.96
2335.01
2335.05
2335.09
2335.14
2335.18
2335.22
2335.27
2335.31
2335.35
2335.39
--- next_y
2528.43
2528.79
2529.15
2529.5
2529.86
2530.22
2530.57
2530.93
2531.28
2531.63
2531.99
2532.34
2532.69
2533.04
2533.39
2533.74
2534.09
2534.44
2534.79
2535.13
2535.48
2535.83
2536.17
2536.52
2536.86
2537.21
2537.55
2537.9
2538.24
2538.58
2538.92
2539.26
2539.6
2539.94
2540.28
2540.61
2540.95
2541.29
2541.62
2541.96
2542.29
2542.63
2542.96
2543.29
2543.62
2543.96
2544.29
2544.62
2544.96
2545.29
iteracion: 1959
--- next_x
2332.99
2333.05
2333.11
2333.16
2333.22
2333.28
2333.33
2333.39
2333.44
2333.5
2333.55
2333.61
2333.66
2333.72
2333.77
2333.82
2333.87
2333.93
2333.98
2334.03
2334.08
2334.13
2334.18
2334.23
2334.27
2334.32
2334.37
2334.42
2334.46
2334.51
2334.55
2334.6
2334.65
2334.69
2334.74
2334.78
2334.83
2334.87
2334.92
2334.96
2335.01
2335.05
2335.09
2335.14
2335.18
2335.22
2335.27
2335.31
2335.36
2335.41
--- next_y
2528.43
2528.79
2529.15
2529.5
2529.86
2530.22
2530.57
2530.93
2531.28
2531.63
2531.99
2532.34
2532.69
2533.04
2533.39
2533.74
2534.09
2534.44
2534.79
2535.13
2535.48
2535.83
2536.17
2536.52
2536.86
2537.21
2537.55
2537.9
2538.24
2538.58
2538.92
2539.26
2539.6
2539.94
2540.28
2540.61
2540.95
2541.29
2541.62
2541.96
2542.29
2542.63
2542.96
2543.29
2543.62
2543.96
2544.29
2544.62
2544.95
2545.28
iteracion: 1959
--- next_x
2332.99
2333.05
2333.11
2333.16
2333.22
2333.28
2333.33
2333.39
2333.44
2333.5
2333.55
2333.61
2333.66
2333.72
2333.77
2333.82
2333.87
2333.93
2333.98
2334.03
2334.08
2334.13
2334.18
2334.23
2334.27
2334.32
2334.37
2334.42
2334.46
2334.51
2334.55
2334.6
2334.65
2334.69
2334.74
2334.78
2334.83
2334.87
2334.92
2334.96
2335.01
2335.05
2335.09
2335.14
2335.18
2335.22
2335.26
2335.3
2335.34
2335.37
--- next_y
2528.43
2528.79
2529.15
2529.5
2529.86
2530.22
2530.57
2530.93
2531.28
2531.63
2531.99
2532.34
2532.69
2533.04
2533.39
2533.74
2534.09
2534.44
2534.79
2535.13
2535.48
2535.83
2536.17
2536.52
2536.86
2537.21
2537.55
2537.9
2538.24
2538.58
2538.92
2539.26
2539.6
2539.94
2540.28
2540.61
2540.95
2541.29
2541.62
2541.96
2542.29
2542.63
2542.96
2543.29
2543.62
2543.96
2544.29
2544.61
2544.94
2545.27
