iteracion: 1319
--- next_x
2168.65
2168.69
2168.72
2168.76
2168.8
2168.83
2168.87
2168.91
2168.94
2168.98
2169.02
2169.05
2169.09
2169.12
2169.16
2169.2
2169.23
2169.27
2169.3
2169.34
2169.37
2169.41
2169.44
2169.48
2169.51
2169.55
2169.58
2169.61
2169.65
2169.68
2169.72
2169.75
2169.78
2169.82
2169.85
2169.89
2169.92
2169.95
2169.99
2170.02
2170.05
2170.09
2170.12
2170.15
2170.18
2170.22
2170.25
2170.28
2170.32
2170.35
--- next_y
1754.02
1754.25
1754.47
1754.7
1754.92
1755.15
1755.37
1755.59
1755.82
1756.04
1756.26
1756.48
1756.7
1756.92
1757.14
1757.36
1757.57
1757.79
1758.01
1758.22
1758.44
1758.65
1758.87
1759.08
1759.29
1759.5
1759.71
1759.93
1760.13
1760.34
1760.55
1760.76
1760.97
1761.17
1761.38
1761.58
1761.79
1761.99
1762.19
1762.4
1762.6
1762.8
1763
1763.2
1763.4
1763.6
1763.8
1764
1764.2
1764.4
iteracion: 1319
--- next_x
2168.65
2168.69
2168.72
2168.76
2168.8
2168.83
2168.87
2168.91
2168.94
2168.98
2169.02
2169.05
2169.09
2169.12
2169.16
2169.2
2169.23
2169.27
2169.3
2169.34
2169.37
2169.41
2169.44
2169.48
2169.51
2169.55
2169.58
2169.61
2169.65
2169.68
2169.72
2169.75
2169.78
2169.82
2169.85
2169.89
2169.92
2169.95
2169.99
2170.02
2170.05
2170.09
2170.12
2170.15
2170.18
2170.22
2170.25
2170.29
2170.32
2170.35
--- next_y
1754.02
1754.25
1754.47
1754.7
1754.92
1755.15
1755.37
1755.59
1755.82
1756.04
1756.26
1756.48
1756.7
1756.92
1757.14
1757.36
1757.57
1757.79
1758.01
1758.22
1758.44
1758.65
1758.87
1759.08
1759.29
1759.5
1759.71
1759.93
1760.13
1760.34
1760.55
1760.76
1760.97
1761.17
1761.38
1761.58
1761.79
1761.99
1762.19
1762.4
1762.6
1762.8
1763
1763.2
1763.4
1763.6
1763.8
1764
1764.2
1764.4
iteracion: 1319
--- next_x
2168.65
2168.69
2168.72
2168.76
2168.8
2168.83
2168.87
2168.91
2168.94
2168.98
2169.02
2169.05
2169.09
2169.12
2169.16
2169.2
2169.23
2169.27
2169.3
2169.34
2169.37
2169.41
2169.44
2169.48
2169.51
2169.55
2169.58
2169.61
2169.65
2169.68
2169.72
2169.75
2169.78
2169.82
2169.85
2169.89
2169.92
2169.95
2169.99
2170.02
2170.05
2170.09
2170.12
2170.15
2170.18
2170.22
2170.25
2170.28
2170.31
2170.34
--- next_y
1754.02
1754.25
1754.47
1754.7
1754.92
1755.15
1755.37
1755.59
1755.82
1756.04
1756.26
1756.48
1756.7
1756.92
1757.14
1757.36
1757.57
1757.79
1758.01
1758.22
1758.44
1758.65
1758.87
1759.08
1759.29
1759.5
1759.71
1759.93
1760.13
1760.34
1760.55
1760.76
1760.97
1761.17
1761.38
1761.58
1761.79
1761.99
1762.19
1762.4
1762.6
1762.8
1763
1763.2
1763.4
1763.6
1763.8
1764
1764.2
1764.39
