iteracion: 1154
--- next_x
2125.78
2125.85
2125.91
2125.98
2126.05
2126.12
2126.19
2126.26
2126.33
2126.4
2126.47
2126.54
2126.61
2126.68
2126.75
2126.82
2126.89
2126.97
2127.04
2127.11
2127.18
2127.25
2127.32
2127.39
2127.46
2127.53
2127.6
2127.67
2127.74
2127.81
2127.88
2127.95
2128.02
2128.09
2128.16
2128.23
2128.29
2128.36
2128.43
2128.5
2128.57
2128.64
2128.71
2128.78
2128.85
2128.91
2128.98
2129.05
2129.12
2129.19
--- next_y
1547.02
1547.38
1547.73
1548.09
1548.45
1548.82
1549.18
1549.54
1549.91
1550.28
1550.65
1551.01
1551.39
1551.76
1552.13
1552.51
1552.88
1553.25
1553.62
1553.99
1554.36
1554.73
1555.1
1555.46
1555.83
1556.2
1556.57
1556.93
1557.3
1557.66
1558.03
1558.39
1558.75
1559.12
1559.48
1559.84
1560.2
1560.56
1560.92
1561.28
1561.64
1562
1562.36
1562.71
1563.07
1563.43
1563.79
1564.14
1564.5
1564.86
iteracion: 1154
--- next_x
2125.78
2125.85
2125.91
2125.98
2126.05
2126.12
2126.19
2126.26
2126.33
2126.4
2126.47
2126.54
2126.61
2126.68
2126.75
2126.82
2126.89
2126.97
2127.04
2127.11
2127.18
2127.25
2127.32
2127.39
2127.46
2127.53
2127.6
2127.67
2127.74
2127.81
2127.88
2127.95
2128.02
2128.09
2128.16
2128.23
2128.29
2128.36
2128.43
2128.5
2128.57
2128.64
2128.71
2128.78
2128.85
2128.91
2128.98
2129.06
2129.13
2129.21
--- next_y
1547.02
1547.38
1547.73
1548.09
1548.45
1548.82
1549.18
1549.54
1549.91
1550.28
1550.65
1551.01
1551.39
1551.76
1552.13
1552.51
1552.88
1553.25
1553.62
1553.99
1554.36
1554.73
1555.1
1555.46
1555.83
1556.2
1556.57
1556.93
1557.3
1557.66
1558.03
1558.39
1558.75
1559.12
1559.48
1559.84
1560.2
1560.56
1560.92
1561.28
1561.64
1562
1562.36
1562.71
1563.07
1563.43
1563.78
1564.13
1564.49
1564.84
iteracion: 1154
--- next_x
2125.78
2125.85
2125.91
2125.98
2126.05
2126.12
2126.19
2126.26
2126.33
2126.4
2126.47
2126.54
2126.61
2126.68
2126.75
2126.82
2126.89
2126.97
2127.04
2127.11
2127.18
2127.25
2127.32
2127.39
2127.46
2127.53
2127.6
2127.67
2127.74
2127.81
2127.88
2127.95
2128.02
2128.09
2128.16
2128.23
2128.29
2128.36
2128.43
2128.5
2128.57
2128.64
2128.71
2128.78
2128.85
2128.91
2128.98
2129.04
2129.1
2129.16
--- next_y
1547.02
1547.38
1547.73
1548.09
1548.45
1548.82
1549.18
1549.54
1549.91
1550.28
1550.65
1551.01
1551.39
1551.76
1552.13
1552.51
1552.88
1553.25
1553.62
1553.99
1554.36
1554.73
1555.1
1555.46
1555.83
1556.2
1556.57
1556.93
1557.3
1557.66
1558.03
1558.39
1558.75
1559.12
1559.48
1559.84
1560.2
1560.56
1560.92
1561.28
1561.64
1562
1562.36
1562.71
1563.07
1563.43
1563.78
1564.14
1564.49
1564.85
