iteracion: 666
--- next_x
1774.09
1774.51
1774.93
1775.35
1775.77
1776.19
1776.61
1777.03
1777.45
1777.87
1778.29
1778.7
1779.12
1779.53
1779.95
1780.36
1780.78
1781.19
1781.6
1782.01
1782.42
1782.84
1783.25
1783.66
1784.07
1784.47
1784.88
1785.29
1785.7
1786.1
1786.51
1786.91
1787.32
1787.72
1788.13
1788.53
1788.93
1789.34
1789.74
1790.14
1790.54
1790.94
1791.34
1791.74
1792.14
1792.53
1792.93
1793.33
1793.73
1794.13
--- next_y
1141.67
1141.64
1141.61
1141.58
1141.56
1141.53
1141.5
1141.47
1141.44
1141.42
1141.39
1141.36
1141.34
1141.31
1141.29
1141.26
1141.23
1141.21
1141.18
1141.16
1141.13
1141.11
1141.09
1141.06
1141.04
1141.02
1140.99
1140.97
1140.95
1140.92
1140.9
1140.88
1140.86
1140.84
1140.82
1140.8
1140.78
1140.76
1140.73
1140.71
1140.69
1140.67
1140.65
1140.63
1140.61
1140.59
1140.57
1140.55
1140.53
1140.51
iteracion: 666
--- next_x
1774.09
1774.51
1774.93
1775.35
1775.77
1776.19
1776.61
1777.03
1777.45
1777.87
1778.29
1778.7
1779.12
1779.53
1779.95
1780.36
1780.78
1781.19
1781.6
1782.01
1782.42
1782.84
1783.25
1783.66
1784.07
1784.47
1784.88
1785.29
1785.7
1786.1
1786.51
1786.91
1787.32
1787.72
1788.13
1788.53
1788.93
1789.34
1789.74
1790.14
1790.54
1790.94
1791.34
1791.74
1792.14
1792.53
1792.93
1793.33
1793.72
1794.12
--- next_y
1141.67
1141.64
1141.61
1141.58
1141.56
1141.53
1141.5
1141.47
1141.44
1141.42
1141.39
1141.36
1141.34
1141.31
1141.29
1141.26
1141.23
1141.21
1141.18
1141.16
1141.13
1141.11
1141.09
1141.06
1141.04
1141.02
1140.99
1140.97
1140.95
1140.92
1140.9
1140.88
1140.86
1140.84
1140.82
1140.8
1140.78
1140.76
1140.73
1140.71
1140.69
1140.67
1140.65
1140.63
1140.61
1140.59
1140.57
1140.55
1140.52
1140.49
iteracion: 666
--- next_x
1774.09
1774.51
1774.93
1775.35
1775.77
1776.19
1776.61
1777.03
1777.45
1777.87
1778.29
1778.7
1779.12
1779.53
1779.95
1780.36
1780.78
1781.19
1781.6
1782.01
1782.42
1782.84
1783.25
1783.66
1784.07
1784.47
1784.88
1785.29
1785.7
1786.1
1786.51
1786.91
1787.32
1787.72
1788.13
1788.53
1788.93
1789.34
1789.74
1790.14
1790.54
1790.94
1791.34
1791.74
1792.14
1792.53
1792.93
1793.32
1793.71
1794.11
--- next_y
1141.67
1141.64
1141.61
1141.58
1141.56
1141.53
1141.5
1141.47
1141.44
1141.42
1141.39
1141.36
1141.34
1141.31
1141.29
1141.26
1141.23
1141.21
1141.18
1141.16
1141.13
1141.11
1141.09
1141.06
1141.04
1141.02
1140.99
1140.97
1140.95
1140.92
1140.9
1140.88
1140.86
1140.84
1140.82
1140.8
1140.78
1140.76
1140.73
1140.71
1140.69
1140.67
1140.65
1140.63
1140.61
1140.59
1140.57
1140.56
1140.54
1140.53
