iteracion: 1378
--- next_x
2177.79
2177.85
2177.91
2177.96
2178.02
2178.08
2178.14
2178.2
2178.26
2178.32
2178.38
2178.44
2178.5
2178.56
2178.62
2178.68
2178.74
2178.8
2178.87
2178.93
2178.99
2179.05
2179.11
2179.18
2179.24
2179.3
2179.37
2179.43
2179.5
2179.56
2179.62
2179.69
2179.75
2179.81
2179.88
2179.94
2180
2180.06
2180.12
2180.18
2180.24
2180.3
2180.37
2180.43
2180.49
2180.55
2180.61
2180.66
2180.72
2180.78
--- next_y
1814.48
1814.89
1815.29
1815.69
1816.1
1816.51
1816.92
1817.33
1817.73
1818.15
1818.56
1818.97
1819.39
1819.81
1820.23
1820.65
1821.07
1821.49
1821.92
1822.34
1822.76
1823.19
1823.62
1824.05
1824.48
1824.91
1825.35
1825.78
1826.21
1826.64
1827.07
1827.5
1827.93
1828.36
1828.78
1829.21
1829.63
1830.06
1830.48
1830.91
1831.33
1831.76
1832.18
1832.6
1833.02
1833.44
1833.86
1834.29
1834.71
1835.13
iteracion: 1378
--- next_x
2177.79
2177.85
2177.91
2177.96
2178.02
2178.08
2178.14
2178.2
2178.26
2178.32
2178.38
2178.44
2178.5
2178.56
2178.62
2178.68
2178.74
2178.8
2178.87
2178.93
2178.99
2179.05
2179.11
2179.18
2179.24
2179.3
2179.37
2179.43
2179.5
2179.56
2179.62
2179.69
2179.75
2179.81
2179.88
2179.94
2180
2180.06
2180.12
2180.18
2180.24
2180.3
2180.37
2180.43
2180.49
2180.55
2180.61
2180.68
2180.76
2180.83
--- next_y
1814.48
1814.89
1815.29
1815.69
1816.1
1816.51
1816.92
1817.33
1817.73
1818.15
1818.56
1818.97
1819.39
1819.81
1820.23
1820.65
1821.07
1821.49
1821.92
1822.34
1822.76
1823.19
1823.62
1824.05
1824.48
1824.91
1825.35
1825.78
1826.21
1826.64
1827.07
1827.5
1827.93
1828.36
1828.78
1829.21
1829.63
1830.06
1830.48
1830.91
1831.33
1831.76
1832.18
1832.6
1833.02
1833.44
1833.86
1834.27
1834.69
1835.11
iteracion: 1378
--- next_x
2177.79
2177.85
2177.91
2177.96
2178.02
2178.08
2178.14
2178.2
2178.26
2178.32
2178.38
2178.44
2178.5
2178.56
2178.62
2178.68
2178.74
2178.8
2178.87
2178.93
2178.99
2179.05
2179.11
2179.18
2179.24
2179.3
2179.37
2179.43
2179.5
2179.56
2179.62
2179.69
2179.75
2179.81
2179.88
2179.94
2180
2180.06
2180.12
2180.18
2180.24
2180.3
2180.37
2180.43
2180.49
2180.54
2180.59
2180.64
2180.68
2180.72
--- next_y
1814.48
1814.89
1815.29
1815.69
1816.1
1816.51
1816.92
1817.33
1817.73
1818.15
1818.56
1818.97
1819.39
1819.81
1820.23
1820.65
1821.07
1821.49
1821.92
1822.34
1822.76
1823.19
1823.62
1824.05
1824.48
1824.91
1825.35
1825.78
1826.21
1826.64
1827.07
1827.5
1827.93
1828.36
1828.78
1829.21
1829.63
1830.06
1830.48
1830.91
1831.33
1831.76
1832.18
1832.6
1833.02
1833.44
1833.85
1834.27
1834.69
1835.11
