iteracion: 884
--- next_x
2022.82
2023.06
2023.29
2023.53
2023.76
2023.99
2024.23
2024.46
2024.69
2024.92
2025.15
2025.38
2025.61
2025.83
2026.06
2026.28
2026.5
2026.72
2026.95
2027.17
2027.39
2027.61
2027.82
2028.04
2028.25
2028.47
2028.68
2028.89
2029.11
2029.32
2029.53
2029.74
2029.95
2030.16
2030.37
2030.57
2030.78
2030.98
2031.19
2031.39
2031.6
2031.8
2032
2032.2
2032.4
2032.6
2032.79
2032.99
2033.19
2033.39
--- next_y
1219.33
1219.64
1219.95
1220.26
1220.57
1220.88
1221.19
1221.5
1221.81
1222.12
1222.43
1222.74
1223.05
1223.36
1223.67
1223.97
1224.28
1224.59
1224.9
1225.21
1225.52
1225.83
1226.13
1226.44
1226.75
1227.05
1227.36
1227.67
1227.97
1228.28
1228.59
1228.89
1229.19
1229.5
1229.81
1230.11
1230.41
1230.72
1231.02
1231.32
1231.63
1231.93
1232.23
1232.54
1232.84
1233.14
1233.44
1233.75
1234.05
1234.36
iteracion: 884
--- next_x
2022.82
2023.06
2023.29
2023.53
2023.76
2023.99
2024.23
2024.46
2024.69
2024.92
2025.15
2025.38
2025.61
2025.83
2026.06
2026.28
2026.5
2026.72
2026.95
2027.17
2027.39
2027.61
2027.82
2028.04
2028.25
2028.47
2028.68
2028.89
2029.11
2029.32
2029.53
2029.74
2029.95
2030.16
2030.37
2030.57
2030.78
2030.98
2031.19
2031.39
2031.6
2031.8
2032
2032.2
2032.4
2032.6
2032.8
2033
2033.21
2033.41
--- next_y
1219.33
1219.64
1219.95
1220.26
1220.57
1220.88
1221.19
1221.5
1221.81
1222.12
1222.43
1222.74
1223.05
1223.36
1223.67
1223.97
1224.28
1224.59
1224.9
1225.21
1225.52
1225.83
1226.13
1226.44
1226.75
1227.05
1227.36
1227.67
1227.97
1228.28
1228.59
1228.89
1229.19
1229.5
1229.81
1230.11
1230.41
1230.72
1231.02
1231.32
1231.63
1231.93
1232.23
1232.54
1232.84
1233.14
1233.44
1233.74
1234.04
1234.34
iteracion: 884
--- next_x
2022.82
2023.06
2023.29
2023.53
2023.76
2023.99
2024.23
2024.46
2024.69
2024.92
2025.15
2025.38
2025.61
2025.83
2026.06
2026.28
2026.5
2026.72
2026.95
2027.17
2027.39
2027.61
2027.82
2028.04
2028.25
2028.47
2028.68
2028.89
2029.11
2029.32
2029.53
2029.74
2029.95
2030.16
2030.37
2030.57
2030.78
2030.98
2031.19
2031.39
2031.6
2031.8
2032
2032.2
2032.4
2032.59
2032.78
2032.97
2033.16
2033.34
--- next_y
1219.33
1219.64
1219.95
1220.26
1220.57
1220.88
1221.19
1221.5
1221.81
1222.12
1222.43
1222.74
1223.05
1223.36
1223.67
1223.97
1224.28
1224.59
1224.9
1225.21
1225.52
1225.83
1226.13
1226.44
1226.75
1227.05
1227.36
1227.67
1227.97
1228.28
1228.59
1228.89
1229.19
1229.5
1229.81
1230.11
1230.41
1230.72
1231.02
1231.32
1231.63
1231.93
1232.23
1232.54
1232.84
1233.14
1233.44
1233.74
1234.04
1234.35
