iteracion: 1916
--- next_x
2323.43
2323.49
2323.54
2323.6
2323.65
2323.71
2323.77
2323.82
2323.88
2323.93
2323.99
2324.05
2324.1
2324.16
2324.22
2324.27
2324.33
2324.39
2324.45
2324.51
2324.56
2324.62
2324.68
2324.74
2324.79
2324.85
2324.91
2324.97
2325.03
2325.08
2325.14
2325.2
2325.26
2325.31
2325.37
2325.43
2325.48
2325.54
2325.6
2325.65
2325.71
2325.77
2325.82
2325.88
2325.93
2325.99
2326.05
2326.1
2326.16
2326.21
--- next_y
2476.33
2476.64
2476.94
2477.24
2477.55
2477.86
2478.16
2478.47
2478.78
2479.1
2479.41
2479.73
2480.05
2480.37
2480.68
2481.01
2481.33
2481.65
2481.97
2482.29
2482.61
2482.93
2483.25
2483.57
2483.89
2484.21
2484.53
2484.84
2485.16
2485.47
2485.79
2486.1
2486.42
2486.73
2487.05
2487.36
2487.67
2487.98
2488.29
2488.6
2488.91
2489.22
2489.53
2489.84
2490.14
2490.45
2490.76
2491.06
2491.37
2491.68
iteracion: 1916
--- next_x
2323.43
2323.49
2323.54
2323.6
2323.65
2323.71
2323.77
2323.82
2323.88
2323.93
2323.99
2324.05
2324.1
2324.16
2324.22
2324.27
2324.33
2324.39
2324.45
2324.51
2324.56
2324.62
2324.68
2324.74
2324.79
2324.85
2324.91
2324.97
2325.03
2325.08
2325.14
2325.2
2325.26
2325.31
2325.37
2325.43
2325.48
2325.54
2325.6
2325.65
2325.71
2325.77
2325.82
2325.88
2325.93
2325.99
2326.05
2326.11
2326.17
2326.23
--- next_y
2476.33
2476.64
2476.94
2477.24
2477.55
2477.86
2478.16
2478.47
2478.78
2479.1
2479.41
2479.73
2480.05
2480.37
2480.68
2481.01
2481.33
2481.65
2481.97
2482.29
2482.61
2482.93
2483.25
2483.57
2483.89
2484.21
2484.53
2484.84
2485.16
2485.47
2485.79
2486.1
2486.42
2486.73
2487.05
2487.36
2487.67
2487.98
2488.29
2488.6
2488.91
2489.22
2489.53
2489.84
2490.14
2490.45
2490.76
2491.06
2491.36
2491.67
iteracion: 1916
--- next_x
2323.43
2323.49
2323.54
2323.6
2323.65
2323.71
2323.77
2323.82
2323.88
2323.93
2323.99
2324.05
2324.1
2324.16
2324.22
2324.27
2324.33
2324.39
2324.45
2324.51
2324.56
2324.62
2324.68
2324.74
2324.79
2324.85
2324.91
2324.97
2325.03
2325.08
2325.14
2325.2
2325.26
2325.31
2325.37
2325.43
2325.48
2325.54
2325.6
2325.65
2325.71
2325.77
2325.82
2325.88
2325.93
2325.99
2326.04
2326.1
2326.15
2326.2
--- next_y
2476.33
2476.64
2476.94
2477.24
2477.55
2477.86
2478.16
2478.47
2478.78
2479.1
2479.41
2479.73
2480.05
2480.37
2480.68
2481.01
2481.33
2481.65
2481.97
2482.29
2482.61
2482.93
2483.25
2483.57
2483.89
2484.21
2484.53
2484.84
2485.16
2485.47
2485.79
2486.1
2486.42
2486.73
2487.05
2487.36
2487.67
2487.98
2488.29
2488.6
2488.91
2489.22
2489.53
2489.84
2490.14
2490.45
2490.76
2491.06
2491.37
2491.67
