iteracion: 560
--- next_x
1641.37
1641.64
1641.91
1642.18
1642.44
1642.71
1642.98
1643.24
1643.51
1643.77
1644.03
1644.3
1644.56
1644.82
1645.08
1645.34
1645.6
1645.86
1646.12
1646.38
1646.64
1646.89
1647.15
1647.41
1647.66
1647.92
1648.17
1648.42
1648.67
1648.93
1649.18
1649.43
1649.68
1649.93
1650.18
1650.43
1650.68
1650.93
1651.17
1651.42
1651.67
1651.91
1652.16
1652.4
1652.64
1652.89
1653.13
1653.37
1653.62
1653.86
--- next_y
1151.57
1151.55
1151.52
1151.5
1151.47
1151.45
1151.42
1151.4
1151.37
1151.35
1151.32
1151.3
1151.27
1151.25
1151.22
1151.2
1151.18
1151.15
1151.13
1151.11
1151.08
1151.06
1151.04
1151.01
1150.99
1150.97
1150.94
1150.92
1150.9
1150.88
1150.86
1150.83
1150.81
1150.79
1150.77
1150.74
1150.72
1150.7
1150.68
1150.66
1150.63
1150.61
1150.59
1150.57
1150.55
1150.53
1150.51
1150.48
1150.46
1150.44
iteracion: 560
--- next_x
1641.37
1641.64
1641.91
1642.18
1642.44
1642.71
1642.98
1643.24
1643.51
1643.77
1644.03
1644.3
1644.56
1644.82
1645.08
1645.34
1645.6
1645.86
1646.12
1646.38
1646.64
1646.89
1647.15
1647.41
1647.66
1647.92
1648.17
1648.42
1648.67
1648.93
1649.18
1649.43
1649.68
1649.93
1650.18
1650.43
1650.68
1650.93
1651.17
1651.42
1651.67
1651.91
1652.16
1652.4
1652.64
1652.89
1653.13
1653.37
1653.62
1653.86
--- next_y
1151.57
1151.55
1151.52
1151.5
1151.47
1151.45
1151.42
1151.4
1151.37
1151.35
1151.32
1151.3
1151.27
1151.25
1151.22
1151.2
1151.18
1151.15
1151.13
1151.11
1151.08
1151.06
1151.04
1151.01
1150.99
1150.97
1150.94
1150.92
1150.9
1150.88
1150.86
1150.83
1150.81
1150.79
1150.77
1150.74
1150.72
1150.7
1150.68
1150.66
1150.63
1150.61
1150.59
1150.57
1150.55
1150.53
1150.51
1150.48
1150.46
1150.44
iteracion: 560
--- next_x
1641.37
1641.64
1641.91
1642.18
1642.44
1642.71
1642.98
1643.24
1643.51
1643.77
1644.03
1644.3
1644.56
1644.82
1645.08
1645.34
1645.6
1645.86
1646.12
1646.38
1646.64
1646.89
1647.15
1647.41
1647.66
1647.92
1648.17
1648.42
1648.67
1648.93
1649.18
1649.43
1649.68
1649.93
1650.18
1650.43
1650.68
1650.93
1651.17
1651.42
1651.67
1651.91
1652.16
1652.4
1652.64
1652.89
1653.13
1653.37
1653.61
1653.86
--- next_y
1151.57
1151.55
1151.52
1151.5
1151.47
1151.45
1151.42
1151.4
1151.37
1151.35
1151.32
1151.3
1151.27
1151.25
1151.22
1151.2
1151.18
1151.15
1151.13
1151.11
1151.08
1151.06
1151.04
1151.01
1150.99
1150.97
1150.94
1150.92
1150.9
1150.88
1150.86
1150.83
1150.81
1150.79
1150.77
1150.74
1150.72
1150.7
1150.68
1150.66
1150.63
1150.61
1150.59
1150.57
1150.55
1150.53
1150.51
1150.48
1150.47
1150.45
