iteracion: 967
--- next_x
2134.21
2134.28
2134.36
2134.43
2134.5
2134.58
2134.65
2134.72
2134.79
2134.86
2134.94
2135.01
2135.08
2135.15
2135.22
2135.29
2135.36
2135.43
2135.5
2135.57
2135.64
2135.7
2135.77
2135.84
2135.91
2135.98
2136.05
2136.11
2136.18
2136.25
2136.32
2136.38
2136.45
2136.52
2136.58
2136.65
2136.71
2136.78
2136.84
2136.91
2136.97
2137.04
2137.1
2137.17
2137.23
2137.29
2137.36
2137.42
2137.48
2137.55
--- next_y
1591.66
1592.07
1592.47
1592.88
1593.28
1593.68
1594.09
1594.48
1594.88
1595.28
1595.67
1596.07
1596.46
1596.85
1597.24
1597.63
1598.02
1598.4
1598.79
1599.17
1599.56
1599.94
1600.32
1600.7
1601.08
1601.45
1601.83
1602.2
1602.58
1602.95
1603.32
1603.69
1604.06
1604.43
1604.8
1605.16
1605.52
1605.89
1606.25
1606.61
1606.97
1607.33
1607.68
1608.04
1608.39
1608.75
1609.1
1609.46
1609.81
1610.17
iteracion: 967
--- next_x
2134.21
2134.28
2134.36
2134.43
2134.5
2134.58
2134.65
2134.72
2134.79
2134.86
2134.94
2135.01
2135.08
2135.15
2135.22
2135.29
2135.36
2135.43
2135.5
2135.57
2135.64
2135.7
2135.77
2135.84
2135.91
2135.98
2136.05
2136.11
2136.18
2136.25
2136.32
2136.38
2136.45
2136.52
2136.58
2136.65
2136.71
2136.78
2136.84
2136.91
2136.97
2137.04
2137.1
2137.17
2137.23
2137.29
2137.36
2137.43
2137.5
2137.57
--- next_y
1591.66
1592.07
1592.47
1592.88
1593.28
1593.68
1594.09
1594.48
1594.88
1595.28
1595.67
1596.07
1596.46
1596.85
1597.24
1597.63
1598.02
1598.4
1598.79
1599.17
1599.56
1599.94
1600.32
1600.7
1601.08
1601.45
1601.83
1602.2
1602.58
1602.95
1603.32
1603.69
1604.06
1604.43
1604.8
1605.16
1605.52
1605.89
1606.25
1606.61
1606.97
1607.33
1607.68
1608.04
1608.39
1608.75
1609.1
1609.45
1609.8
1610.15
iteracion: 967
--- next_x
2134.21
2134.28
2134.36
2134.43
2134.5
2134.58
2134.65
2134.72
2134.79
2134.86
2134.94
2135.01
2135.08
2135.15
2135.22
2135.29
2135.36
2135.43
2135.5
2135.57
2135.64
2135.7
2135.77
2135.84
2135.91
2135.98
2136.05
2136.11
2136.18
2136.25
2136.32
2136.38
2136.45
2136.52
2136.58
2136.65
2136.71
2136.78
2136.84
2136.91
2136.97
2137.04
2137.1
2137.17
2137.23
2137.29
2137.35
2137.41
2137.47
2137.52
--- next_y
1591.66
1592.07
1592.47
1592.88
1593.28
1593.68
1594.09
1594.48
1594.88
1595.28
1595.67
1596.07
1596.46
1596.85
1597.24
1597.63
1598.02
1598.4
1598.79
1599.17
1599.56
1599.94
1600.32
1600.7
1601.08
1601.45
1601.83
1602.2
1602.58
1602.95
1603.32
1603.69
1604.06
1604.43
1604.8
1605.16
1605.52
1605.89
1606.25
1606.61
1606.97
1607.33
1607.68
1608.04
1608.39
1608.75
1609.1
1609.45
1609.81
1610.16
