iteracion: 642
--- next_x
1758.1
1758.54
1758.98
1759.43
1759.87
1760.31
1760.76
1761.2
1761.64
1762.08
1762.53
1762.97
1763.41
1763.85
1764.3
1764.74
1765.18
1765.62
1766.07
1766.51
1766.95
1767.38
1767.82
1768.26
1768.69
1769.12
1769.55
1769.98
1770.41
1770.84
1771.26
1771.69
1772.11
1772.53
1772.95
1773.37
1773.79
1774.2
1774.62
1775.03
1775.44
1775.86
1776.27
1776.67
1777.08
1777.49
1777.9
1778.31
1778.72
1779.13
--- next_y
1142.8
1142.77
1142.74
1142.71
1142.68
1142.65
1142.62
1142.59
1142.56
1142.53
1142.5
1142.47
1142.44
1142.41
1142.38
1142.35
1142.32
1142.29
1142.26
1142.23
1142.19
1142.16
1142.13
1142.1
1142.07
1142.04
1142.01
1141.98
1141.95
1141.92
1141.89
1141.86
1141.83
1141.8
1141.77
1141.74
1141.71
1141.68
1141.65
1141.62
1141.6
1141.57
1141.54
1141.51
1141.48
1141.46
1141.43
1141.4
1141.38
1141.35
iteracion: 642
--- next_x
1758.1
1758.54
1758.98
1759.43
1759.87
1760.31
1760.76
1761.2
1761.64
1762.08
1762.53
1762.97
1763.41
1763.85
1764.3
1764.74
1765.18
1765.62
1766.07
1766.51
1766.95
1767.38
1767.82
1768.26
1768.69
1769.12
1769.55
1769.98
1770.41
1770.84
1771.26
1771.69
1772.11
1772.53
1772.95
1773.37
1773.79
1774.2
1774.62
1775.03
1775.44
1775.86
1776.27
1776.67
1777.08
1777.49
1777.9
1778.31
1778.71
1779.11
--- next_y
1142.8
1142.77
1142.74
1142.71
1142.68
1142.65
1142.62
1142.59
1142.56
1142.53
1142.5
1142.47
1142.44
1142.41
1142.38
1142.35
1142.32
1142.29
1142.26
1142.23
1142.19
1142.16
1142.13
1142.1
1142.07
1142.04
1142.01
1141.98
1141.95
1141.92
1141.89
1141.86
1141.83
1141.8
1141.77
1141.74
1141.71
1141.68
1141.65
1141.62
1141.6
1141.57
1141.54
1141.51
1141.48
1141.46
1141.43
1141.4
1141.37
1141.33
iteracion: 642
--- next_x
1758.1
1758.54
1758.98
1759.43
1759.87
1760.31
1760.76
1761.2
1761.64
1762.08
1762.53
1762.97
1763.41
1763.85
1764.3
1764.74
1765.18
1765.62
1766.07
1766.51
1766.95
1767.38
1767.82
1768.26
1768.69
1769.12
1769.55
1769.98
1770.41
1770.84
1771.26
1771.69
1772.11
1772.53
1772.95
1773.37
1773.79
1774.2
1774.62
1775.03
1775.44
1775.86
1776.27
1776.67
1777.08
1777.49
1777.9
1778.3
1778.7
1779.11
--- next_y
1142.8
1142.77
1142.74
1142.71
1142.68
1142.65
1142.62
1142.59
1142.56
1142.53
1142.5
1142.47
1142.44
1142.41
1142.38
1142.35
1142.32
1142.29
1142.26
1142.23
1142.19
1142.16
1142.13
1142.1
1142.07
1142.04
1142.01
1141.98
1141.95
1141.92
1141.89
1141.86
1141.83
1141.8
1141.77
1141.74
1141.71
1141.68
1141.65
1141.62
1141.6
1141.57
1141.54
1141.51
1141.48
1141.46
1141.43
1141.41
1141.39
1141.37
