iteracion: 2692
--- next_x
1500.52
1500.08
1499.63
1499.19
1498.74
1498.3
1497.86
1497.41
1496.97
1496.53
1496.08
1495.64
1495.2
1494.75
1494.31
1493.87
1493.42
1492.98
1492.54
1492.09
1491.65
1491.2
1490.76
1490.32
1489.88
1489.43
1488.99
1488.54
1488.1
1487.66
1487.21
1486.77
1486.33
1485.88
1485.44
1485
1484.55
1484.11
1483.66
1483.22
1482.78
1482.33
1481.89
1481.45
1481
1480.56
1480.12
1479.67
1479.23
1478.79
--- next_y
2947.68
2947.67
2947.66
2947.64
2947.63
2947.62
2947.61
2947.6
2947.59
2947.57
2947.56
2947.55
2947.54
2947.53
2947.52
2947.51
2947.49
2947.48
2947.47
2947.46
2947.45
2947.44
2947.43
2947.42
2947.41
2947.4
2947.39
2947.39
2947.38
2947.37
2947.36
2947.35
2947.34
2947.34
2947.33
2947.32
2947.31
2947.3
2947.3
2947.29
2947.28
2947.27
2947.26
2947.26
2947.25
2947.24
2947.24
2947.23
2947.22
2947.22
iteracion: 2692
--- next_x
1500.52
1500.08
1499.63
1499.19
1498.74
1498.3
1497.86
1497.41
1496.97
1496.53
1496.08
1495.64
1495.2
1494.75
1494.31
1493.87
1493.42
1492.98
1492.54
1492.09
1491.65
1491.2
1490.76
1490.32
1489.88
1489.43
1488.99
1488.54
1488.1
1487.66
1487.21
1486.77
1486.33
1485.88
1485.44
1485
1484.55
1484.11
1483.66
1483.22
1482.78
1482.33
1481.89
1481.45
1481
1480.57
1480.13
1479.69
1479.25
1478.81
--- next_y
2947.68
2947.67
2947.66
2947.64
2947.63
2947.62
2947.61
2947.6
2947.59
2947.57
2947.56
2947.55
2947.54
2947.53
2947.52
2947.51
2947.49
2947.48
2947.47
2947.46
2947.45
2947.44
2947.43
2947.42
2947.41
2947.4
2947.39
2947.39
2947.38
2947.37
2947.36
2947.35
2947.34
2947.34
2947.33
2947.32
2947.31
2947.3
2947.3
2947.29
2947.28
2947.27
2947.26
2947.26
2947.25
2947.25
2947.25
2947.26
2947.27
2947.28
iteracion: 2692
--- next_x
1500.52
1500.08
1499.63
1499.19
1498.74
1498.3
1497.86
1497.41
1496.97
1496.53
1496.08
1495.64
1495.2
1494.75
1494.31
1493.87
1493.42
1492.98
1492.54
1492.09
1491.65
1491.2
1490.76
1490.32
1489.88
1489.43
1488.99
1488.54
1488.1
1487.66
1487.21
1486.77
1486.33
1485.88
1485.44
1485
1484.55
1484.11
1483.66
1483.22
1482.78
1482.33
1481.89
1481.45
1481
1480.57
1480.13
1479.69
1479.25
1478.81
--- next_y
2947.68
2947.67
2947.66
2947.64
2947.63
2947.62
2947.61
2947.6
2947.59
2947.57
2947.56
2947.55
2947.54
2947.53
2947.52
2947.51
2947.49
2947.48
2947.47
2947.46
2947.45
2947.44
2947.43
2947.42
2947.41
2947.4
2947.39
2947.39
2947.38
2947.37
2947.36
2947.35
2947.34
2947.34
2947.33
2947.32
2947.31
2947.3
2947.3
2947.29
2947.28
2947.27
2947.26
2947.26
2947.25
2947.24
2947.22
2947.2
2947.18
2947.15
