iteracion: 304
--- next_x
1317.02
1317.36
1317.7
1318.04
1318.37
1318.71
1319.04
1319.38
1319.71
1320.04
1320.37
1320.7
1321.03
1321.35
1321.68
1322
1322.33
1322.65
1322.97
1323.29
1323.61
1323.93
1324.25
1324.57
1324.88
1325.19
1325.51
1325.82
1326.13
1326.44
1326.75
1327.06
1327.36
1327.67
1327.97
1328.28
1328.58
1328.88
1329.18
1329.48
1329.78
1330.07
1330.37
1330.66
1330.96
1331.25
1331.55
1331.85
1332.14
1332.44
--- next_y
1184.79
1184.75
1184.71
1184.68
1184.64
1184.61
1184.57
1184.54
1184.5
1184.46
1184.43
1184.39
1184.36
1184.32
1184.29
1184.25
1184.22
1184.18
1184.15
1184.11
1184.08
1184.04
1184.01
1183.97
1183.94
1183.91
1183.88
1183.84
1183.81
1183.78
1183.74
1183.71
1183.68
1183.65
1183.62
1183.58
1183.55
1183.52
1183.49
1183.45
1183.42
1183.39
1183.36
1183.33
1183.3
1183.27
1183.24
1183.21
1183.17
1183.14
iteracion: 304
--- next_x
1317.02
1317.36
1317.7
1318.04
1318.37
1318.71
1319.04
1319.38
1319.71
1320.04
1320.37
1320.7
1321.03
1321.35
1321.68
1322
1322.33
1322.65
1322.97
1323.29
1323.61
1323.93
1324.25
1324.57
1324.88
1325.19
1325.51
1325.82
1326.13
1326.44
1326.75
1327.06
1327.36
1327.67
1327.97
1328.28
1328.58
1328.88
1329.18
1329.48
1329.78
1330.07
1330.37
1330.66
1330.96
1331.25
1331.55
1331.84
1332.13
1332.42
--- next_y
1184.79
1184.75
1184.71
1184.68
1184.64
1184.61
1184.57
1184.54
1184.5
1184.46
1184.43
1184.39
1184.36
1184.32
1184.29
1184.25
1184.22
1184.18
1184.15
1184.11
1184.08
1184.04
1184.01
1183.97
1183.94
1183.91
1183.88
1183.84
1183.81
1183.78
1183.74
1183.71
1183.68
1183.65
1183.62
1183.58
1183.55
1183.52
1183.49
1183.45
1183.42
1183.39
1183.36
1183.33
1183.3
1183.27
1183.23
1183.2
1183.16
1183.12
iteracion: 304
--- next_x
1317.02
1317.36
1317.7
1318.04
1318.37
1318.71
1319.04
1319.38
1319.71
1320.04
1320.37
1320.7
1321.03
1321.35
1321.68
1322
1322.33
1322.65
1322.97
1323.29
1323.61
1323.93
1324.25
1324.57
1324.88
1325.19
1325.51
1325.82
1326.13
1326.44
1326.75
1327.06
1327.36
1327.67
1327.97
1328.28
1328.58
1328.88
1329.18
1329.48
1329.78
1330.07
1330.37
1330.66
1330.96
1331.25
1331.55
1331.84
1332.13
1332.43
--- next_y
1184.79
1184.75
1184.71
1184.68
1184.64
1184.61
1184.57
1184.54
1184.5
1184.46
1184.43
1184.39
1184.36
1184.32
1184.29
1184.25
1184.22
1184.18
1184.15
1184.11
1184.08
1184.04
1184.01
1183.97
1183.94
1183.91
1183.88
1183.84
1183.81
1183.78
1183.74
1183.71
1183.68
1183.65
1183.62
1183.58
1183.55
1183.52
1183.49
1183.45
1183.42
1183.39
1183.36
1183.33
1183.3
1183.27
1183.24
1183.21
1183.19
1183.17
