iteracion: 1178
--- next_x
2131.66
2131.72
2131.78
2131.84
2131.9
2131.97
2132.03
2132.09
2132.15
2132.21
2132.27
2132.33
2132.39
2132.45
2132.51
2132.57
2132.63
2132.69
2132.75
2132.81
2132.87
2132.93
2132.99
2133.05
2133.1
2133.16
2133.22
2133.28
2133.33
2133.39
2133.45
2133.5
2133.56
2133.62
2133.67
2133.73
2133.78
2133.84
2133.89
2133.95
2134.01
2134.06
2134.12
2134.17
2134.23
2134.28
2134.34
2134.39
2134.45
2134.51
--- next_y
1577.85
1578.18
1578.51
1578.84
1579.17
1579.5
1579.83
1580.15
1580.48
1580.8
1581.12
1581.45
1581.77
1582.1
1582.42
1582.74
1583.06
1583.38
1583.7
1584.02
1584.34
1584.66
1584.98
1585.3
1585.61
1585.93
1586.25
1586.56
1586.88
1587.19
1587.5
1587.82
1588.13
1588.44
1588.75
1589.06
1589.37
1589.68
1589.99
1590.3
1590.6
1590.91
1591.21
1591.52
1591.82
1592.13
1592.43
1592.73
1593.04
1593.34
iteracion: 1178
--- next_x
2131.66
2131.72
2131.78
2131.84
2131.9
2131.97
2132.03
2132.09
2132.15
2132.21
2132.27
2132.33
2132.39
2132.45
2132.51
2132.57
2132.63
2132.69
2132.75
2132.81
2132.87
2132.93
2132.99
2133.05
2133.1
2133.16
2133.22
2133.28
2133.33
2133.39
2133.45
2133.5
2133.56
2133.62
2133.67
2133.73
2133.78
2133.84
2133.89
2133.95
2134.01
2134.06
2134.12
2134.17
2134.23
2134.28
2134.34
2134.39
2134.45
2134.51
--- next_y
1577.85
1578.18
1578.51
1578.84
1579.17
1579.5
1579.83
1580.15
1580.48
1580.8
1581.12
1581.45
1581.77
1582.1
1582.42
1582.74
1583.06
1583.38
1583.7
1584.02
1584.34
1584.66
1584.98
1585.3
1585.61
1585.93
1586.25
1586.56
1586.88
1587.19
1587.5
1587.82
1588.13
1588.44
1588.75
1589.06
1589.37
1589.68
1589.99
1590.3
1590.6
1590.91
1591.21
1591.52
1591.82
1592.13
1592.43
1592.73
1593.03
1593.33
iteracion: 1178
--- next_x
2131.66
2131.72
2131.78
2131.84
2131.9
2131.97
2132.03
2132.09
2132.15
2132.21
2132.27
2132.33
2132.39
2132.45
2132.51
2132.57
2132.63
2132.69
2132.75
2132.81
2132.87
2132.93
2132.99
2133.05
2133.1
2133.16
2133.22
2133.28
2133.33
2133.39
2133.45
2133.5
2133.56
2133.62
2133.67
2133.73
2133.78
2133.84
2133.89
2133.95
2134.01
2134.06
2134.12
2134.17
2134.23
2134.28
2134.34
2134.39
2134.44
2134.49
--- next_y
1577.85
1578.18
1578.51
1578.84
1579.17
1579.5
1579.83
1580.15
1580.48
1580.8
1581.12
1581.45
1581.77
1582.1
1582.42
1582.74
1583.06
1583.38
1583.7
1584.02
1584.34
1584.66
1584.98
1585.3
1585.61
1585.93
1586.25
1586.56
1586.88
1587.19
1587.5
1587.82
1588.13
1588.44
1588.75
1589.06
1589.37
1589.68
1589.99
1590.3
1590.6
1590.91
1591.21
1591.52
1591.82
1592.13
1592.43
1592.73
1593.03
1593.34
