iteracion: 382
--- next_x
1429.22
1429.52
1429.81
1430.11
1430.4
1430.69
1430.98
1431.28
1431.57
1431.86
1432.15
1432.44
1432.73
1433.02
1433.3
1433.59
1433.88
1434.16
1434.45
1434.73
1435.02
1435.3
1435.58
1435.87
1436.15
1436.43
1436.71
1436.99
1437.27
1437.55
1437.82
1438.1
1438.38
1438.65
1438.93
1439.2
1439.48
1439.75
1440.03
1440.3
1440.57
1440.84
1441.11
1441.38
1441.65
1441.91
1442.18
1442.45
1442.72
1442.99
--- next_y
1172.87
1172.84
1172.8
1172.76
1172.73
1172.69
1172.65
1172.62
1172.58
1172.54
1172.51
1172.47
1172.43
1172.4
1172.36
1172.32
1172.29
1172.25
1172.21
1172.17
1172.14
1172.1
1172.06
1172.03
1171.99
1171.95
1171.92
1171.88
1171.84
1171.81
1171.77
1171.73
1171.7
1171.66
1171.62
1171.59
1171.55
1171.52
1171.48
1171.44
1171.41
1171.37
1171.34
1171.3
1171.27
1171.23
1171.19
1171.16
1171.12
1171.09
iteracion: 382
--- next_x
1429.22
1429.52
1429.81
1430.11
1430.4
1430.69
1430.98
1431.28
1431.57
1431.86
1432.15
1432.44
1432.73
1433.02
1433.3
1433.59
1433.88
1434.16
1434.45
1434.73
1435.02
1435.3
1435.58
1435.87
1436.15
1436.43
1436.71
1436.99
1437.27
1437.55
1437.82
1438.1
1438.38
1438.65
1438.93
1439.2
1439.48
1439.75
1440.03
1440.3
1440.57
1440.84
1441.11
1441.38
1441.65
1441.91
1442.18
1442.45
1442.72
1442.98
--- next_y
1172.87
1172.84
1172.8
1172.76
1172.73
1172.69
1172.65
1172.62
1172.58
1172.54
1172.51
1172.47
1172.43
1172.4
1172.36
1172.32
1172.29
1172.25
1172.21
1172.17
1172.14
1172.1
1172.06
1172.03
1171.99
1171.95
1171.92
1171.88
1171.84
1171.81
1171.77
1171.73
1171.7
1171.66
1171.62
1171.59
1171.55
1171.52
1171.48
1171.44
1171.41
1171.37
1171.34
1171.3
1171.27
1171.23
1171.19
1171.16
1171.12
1171.08
iteracion: 382
--- next_x
1429.22
1429.52
1429.81
1430.11
1430.4
1430.69
1430.98
1431.28
1431.57
1431.86
1432.15
1432.44
1432.73
1433.02
1433.3
1433.59
1433.88
1434.16
1434.45
1434.73
1435.02
1435.3
1435.58
1435.87
1436.15
1436.43
1436.71
1436.99
1437.27
1437.55
1437.82
1438.1
1438.38
1438.65
1438.93
1439.2
1439.48
1439.75
1440.03
1440.3
1440.57
1440.84
1441.11
1441.38
1441.65
1441.91
1442.18
1442.45
1442.72
1442.98
--- next_y
1172.87
1172.84
1172.8
1172.76
1172.73
1172.69
1172.65
1172.62
1172.58
1172.54
1172.51
1172.47
1172.43
1172.4
1172.36
1172.32
1172.29
1172.25
1172.21
1172.17
1172.14
1172.1
1172.06
1172.03
1171.99
1171.95
1171.92
1171.88
1171.84
1171.81
1171.77
1171.73
1171.7
1171.66
1171.62
1171.59
1171.55
1171.52
1171.48
1171.44
1171.41
1171.37
1171.34
1171.3
1171.27
1171.23
1171.19
1171.16
1171.13
1171.09
