iteracion: 1238
--- next_x
2146.51
2146.6
2146.7
2146.79
2146.89
2146.98
2147.08
2147.17
2147.27
2147.36
2147.46
2147.55
2147.64
2147.74
2147.83
2147.93
2148.02
2148.11
2148.21
2148.3
2148.39
2148.49
2148.58
2148.68
2148.77
2148.86
2148.95
2149.05
2149.14
2149.23
2149.32
2149.42
2149.51
2149.6
2149.69
2149.79
2149.88
2149.97
2150.06
2150.16
2150.25
2150.34
2150.43
2150.53
2150.62
2150.71
2150.8
2150.89
2150.99
2151.08
--- next_y
1653.72
1654.12
1654.51
1654.91
1655.3
1655.7
1656.09
1656.49
1656.88
1657.28
1657.67
1658.06
1658.45
1658.84
1659.23
1659.62
1660.01
1660.4
1660.79
1661.17
1661.56
1661.95
1662.33
1662.72
1663.1
1663.48
1663.87
1664.25
1664.63
1665.02
1665.4
1665.78
1666.16
1666.54
1666.92
1667.3
1667.67
1668.05
1668.43
1668.81
1669.18
1669.56
1669.94
1670.31
1670.69
1671.06
1671.44
1671.82
1672.19
1672.57
iteracion: 1238
--- next_x
2146.51
2146.6
2146.7
2146.79
2146.89
2146.98
2147.08
2147.17
2147.27
2147.36
2147.46
2147.55
2147.64
2147.74
2147.83
2147.93
2148.02
2148.11
2148.21
2148.3
2148.39
2148.49
2148.58
2148.68
2148.77
2148.86
2148.95
2149.05
2149.14
2149.23
2149.32
2149.42
2149.51
2149.6
2149.69
2149.79
2149.88
2149.97
2150.06
2150.16
2150.25
2150.34
2150.43
2150.53
2150.62
2150.71
2150.81
2150.91
2151.01
2151.12
--- next_y
1653.72
1654.12
1654.51
1654.91
1655.3
1655.7
1656.09
1656.49
1656.88
1657.28
1657.67
1658.06
1658.45
1658.84
1659.23
1659.62
1660.01
1660.4
1660.79
1661.17
1661.56
1661.95
1662.33
1662.72
1663.1
1663.48
1663.87
1664.25
1664.63
1665.02
1665.4
1665.78
1666.16
1666.54
1666.92
1667.3
1667.67
1668.05
1668.43
1668.81
1669.18
1669.56
1669.94
1670.31
1670.69
1671.06
1671.43
1671.8
1672.17
1672.54
iteracion: 1238
--- next_x
2146.51
2146.6
2146.7
2146.79
2146.89
2146.98
2147.08
2147.17
2147.27
2147.36
2147.46
2147.55
2147.64
2147.74
2147.83
2147.93
2148.02
2148.11
2148.21
2148.3
2148.39
2148.49
2148.58
2148.68
2148.77
2148.86
2148.95
2149.05
2149.14
2149.23
2149.32
2149.42
2149.51
2149.6
2149.69
2149.79
2149.88
2149.97
2150.06
2150.16
2150.25
2150.34
2150.43
2150.53
2150.62
2150.71
2150.79
2150.88
2150.95
2151.03
--- next_y
1653.72
1654.12
1654.51
1654.91
1655.3
1655.7
1656.09
1656.49
1656.88
1657.28
1657.67
1658.06
1658.45
1658.84
1659.23
1659.62
1660.01
1660.4
1660.79
1661.17
1661.56
1661.95
1662.33
1662.72
1663.1
1663.48
1663.87
1664.25
1664.63
1665.02
1665.4
1665.78
1666.16
1666.54
1666.92
1667.3
1667.67
1668.05
1668.43
1668.81
1669.18
1669.56
1669.94
1670.31
1670.69
1671.06
1671.43
1671.81
1672.18
1672.56
