iteracion: 3866
--- next_x
174.122
174.219
174.316
174.413
174.511
174.608
174.706
174.803
174.901
174.999
175.096
175.194
175.292
175.39
175.488
175.585
175.683
175.781
175.879
175.977
176.075
176.173
176.271
176.369
176.466
176.564
176.662
176.759
176.856
176.954
177.051
177.148
177.245
177.342
177.44
177.536
177.633
177.73
177.827
177.924
178.021
178.118
178.215
178.311
178.407
178.504
178.6
178.696
178.793
178.889
--- next_y
1990.61
1990.2
1989.79
1989.38
1988.97
1988.57
1988.16
1987.76
1987.35
1986.95
1986.55
1986.15
1985.74
1985.34
1984.94
1984.54
1984.14
1983.74
1983.34
1982.94
1982.55
1982.15
1981.75
1981.36
1980.96
1980.57
1980.17
1979.78
1979.38
1978.99
1978.6
1978.21
1977.82
1977.43
1977.04
1976.65
1976.26
1975.87
1975.49
1975.1
1974.71
1974.33
1973.94
1973.56
1973.17
1972.79
1972.41
1972.02
1971.64
1971.25
iteracion: 3866
--- next_x
174.122
174.219
174.316
174.413
174.511
174.608
174.706
174.803
174.901
174.999
175.096
175.194
175.292
175.39
175.488
175.585
175.683
175.781
175.879
175.977
176.075
176.173
176.271
176.369
176.466
176.564
176.662
176.759
176.856
176.954
177.051
177.148
177.245
177.342
177.44
177.536
177.633
177.73
177.827
177.924
178.021
178.118
178.215
178.311
178.407
178.504
178.597
178.686
178.773
178.856
--- next_y
1990.61
1990.2
1989.79
1989.38
1988.97
1988.57
1988.16
1987.76
1987.35
1986.95
1986.55
1986.15
1985.74
1985.34
1984.94
1984.54
1984.14
1983.74
1983.34
1982.94
1982.55
1982.15
1981.75
1981.36
1980.96
1980.57
1980.17
1979.78
1979.38
1978.99
1978.6
1978.21
1977.82
1977.43
1977.04
1976.65
1976.26
1975.87
1975.49
1975.1
1974.71
1974.33
1973.94
1973.56
1973.17
1972.79
1972.41
1972.02
1971.64
1971.26
iteracion: 3866
--- next_x
174.122
174.219
174.316
174.413
174.511
174.608
174.706
174.803
174.901
174.999
175.096
175.194
175.292
175.39
175.488
175.585
175.683
175.781
175.879
175.977
176.075
176.173
176.271
176.369
176.466
176.564
176.662
176.759
176.856
176.954
177.051
177.148
177.245
177.342
177.44
177.536
177.633
177.73
177.827
177.924
178.021
178.118
178.215
178.311
178.407
178.504
178.601
178.702
178.806
178.914
--- next_y
1990.61
1990.2
1989.79
1989.38
1988.97
1988.57
1988.16
1987.76
1987.35
1986.95
1986.55
1986.15
1985.74
1985.34
1984.94
1984.54
1984.14
1983.74
1983.34
1982.94
1982.55
1982.15
1981.75
1981.36
1980.96
1980.57
1980.17
1979.78
1979.38
1978.99
1978.6
1978.21
1977.82
1977.43
1977.04
1976.65
1976.26
1975.87
1975.49
1975.1
1974.71
1974.33
1973.94
1973.56
1973.17
1972.79
1972.41
1972.04
1971.66
1971.29
