iteracion: 1330
--- next_x
2223.93
2224.03
2224.13
2224.24
2224.34
2224.44
2224.54
2224.65
2224.75
2224.85
2224.95
2225.06
2225.16
2225.26
2225.36
2225.46
2225.57
2225.67
2225.77
2225.87
2225.97
2226.07
2226.17
2226.27
2226.37
2226.47
2226.57
2226.66
2226.76
2226.86
2226.96
2227.06
2227.16
2227.26
2227.36
2227.46
2227.55
2227.65
2227.75
2227.85
2227.95
2228.05
2228.14
2228.24
2228.34
2228.43
2228.53
2228.63
2228.73
2228.82
--- next_y
2082.99
2083.34
2083.7
2084.06
2084.41
2084.76
2085.11
2085.46
2085.82
2086.17
2086.52
2086.86
2087.21
2087.55
2087.9
2088.25
2088.59
2088.93
2089.27
2089.61
2089.95
2090.29
2090.63
2090.96
2091.3
2091.63
2091.96
2092.29
2092.63
2092.96
2093.28
2093.61
2093.94
2094.26
2094.59
2094.92
2095.24
2095.56
2095.88
2096.2
2096.53
2096.84
2097.16
2097.48
2097.79
2098.11
2098.43
2098.74
2099.06
2099.38
iteracion: 1330
--- next_x
2223.93
2224.03
2224.13
2224.24
2224.34
2224.44
2224.54
2224.65
2224.75
2224.85
2224.95
2225.06
2225.16
2225.26
2225.36
2225.46
2225.57
2225.67
2225.77
2225.87
2225.97
2226.07
2226.17
2226.27
2226.37
2226.47
2226.57
2226.66
2226.76
2226.86
2226.96
2227.06
2227.16
2227.26
2227.36
2227.46
2227.55
2227.65
2227.75
2227.85
2227.95
2228.05
2228.14
2228.24
2228.34
2228.43
2228.53
2228.63
2228.73
2228.84
--- next_y
2082.99
2083.34
2083.7
2084.06
2084.41
2084.76
2085.11
2085.46
2085.82
2086.17
2086.52
2086.86
2087.21
2087.55
2087.9
2088.25
2088.59
2088.93
2089.27
2089.61
2089.95
2090.29
2090.63
2090.96
2091.3
2091.63
2091.96
2092.29
2092.63
2092.96
2093.28
2093.61
2093.94
2094.26
2094.59
2094.92
2095.24
2095.56
2095.88
2096.2
2096.53
2096.84
2097.16
2097.48
2097.79
2098.11
2098.42
2098.74
2099.05
2099.36
iteracion: 1330
--- next_x
2223.93
2224.03
2224.13
2224.24
2224.34
2224.44
2224.54
2224.65
2224.75
2224.85
2224.95
2225.06
2225.16
2225.26
2225.36
2225.46
2225.57
2225.67
2225.77
2225.87
2225.97
2226.07
2226.17
2226.27
2226.37
2226.47
2226.57
2226.66
2226.76
2226.86
2226.96
2227.06
2227.16
2227.26
2227.36
2227.46
2227.55
2227.65
2227.75
2227.85
2227.95
2228.05
2228.14
2228.24
2228.34
2228.43
2228.53
2228.62
2228.71
2228.8
--- next_y
2082.99
2083.34
2083.7
2084.06
2084.41
2084.76
2085.11
2085.46
2085.82
2086.17
2086.52
2086.86
2087.21
2087.55
2087.9
2088.25
2088.59
2088.93
2089.27
2089.61
2089.95
2090.29
2090.63
2090.96
2091.3
2091.63
2091.96
2092.29
2092.63
2092.96
2093.28
2093.61
2093.94
2094.26
2094.59
2094.92
2095.24
2095.56
2095.88
2096.2
2096.53
2096.84
2097.16
2097.48
2097.79
2098.11
2098.43
2098.74
2099.06
2099.37
