iteracion: 777
--- next_x
1934.29
1934.6
1934.9
1935.21
1935.51
1935.81
1936.11
1936.41
1936.72
1937.02
1937.33
1937.63
1937.94
1938.24
1938.55
1938.86
1939.17
1939.48
1939.79
1940.1
1940.41
1940.72
1941.04
1941.36
1941.67
1941.99
1942.31
1942.63
1942.95
1943.27
1943.6
1943.92
1944.24
1944.57
1944.9
1945.23
1945.56
1945.89
1946.22
1946.55
1946.89
1947.22
1947.56
1947.89
1948.22
1948.55
1948.88
1949.21
1949.54
1949.87
--- next_y
1160.57
1160.67
1160.77
1160.86
1160.96
1161.05
1161.15
1161.25
1161.35
1161.44
1161.54
1161.64
1161.74
1161.84
1161.94
1162.05
1162.15
1162.26
1162.36
1162.47
1162.58
1162.69
1162.8
1162.91
1163.02
1163.13
1163.24
1163.36
1163.47
1163.59
1163.7
1163.82
1163.94
1164.06
1164.18
1164.31
1164.43
1164.56
1164.69
1164.81
1164.94
1165.07
1165.2
1165.33
1165.46
1165.59
1165.72
1165.85
1165.99
1166.12
iteracion: 777
--- next_x
1934.29
1934.6
1934.9
1935.21
1935.51
1935.81
1936.11
1936.41
1936.72
1937.02
1937.33
1937.63
1937.94
1938.24
1938.55
1938.86
1939.17
1939.48
1939.79
1940.1
1940.41
1940.72
1941.04
1941.36
1941.67
1941.99
1942.31
1942.63
1942.95
1943.27
1943.6
1943.92
1944.24
1944.57
1944.9
1945.23
1945.56
1945.89
1946.22
1946.55
1946.89
1947.22
1947.56
1947.89
1948.22
1948.55
1948.88
1949.21
1949.54
1949.87
--- next_y
1160.57
1160.67
1160.77
1160.86
1160.96
1161.05
1161.15
1161.25
1161.35
1161.44
1161.54
1161.64
1161.74
1161.84
1161.94
1162.05
1162.15
1162.26
1162.36
1162.47
1162.58
1162.69
1162.8
1162.91
1163.02
1163.13
1163.24
1163.36
1163.47
1163.59
1163.7
1163.82
1163.94
1164.06
1164.18
1164.31
1164.43
1164.56
1164.69
1164.81
1164.94
1165.07
1165.2
1165.33
1165.46
1165.59
1165.72
1165.85
1165.98
1166.11
iteracion: 777
--- next_x
1934.29
1934.6
1934.9
1935.21
1935.51
1935.81
1936.11
1936.41
1936.72
1937.02
1937.33
1937.63
1937.94
1938.24
1938.55
1938.86
1939.17
1939.48
1939.79
1940.1
1940.41
1940.72
1941.04
1941.36
1941.67
1941.99
1942.31
1942.63
1942.95
1943.27
1943.6
1943.92
1944.24
1944.57
1944.9
1945.23
1945.56
1945.89
1946.22
1946.55
1946.89
1947.22
1947.56
1947.89
1948.22
1948.55
1948.88
1949.2
1949.52
1949.84
--- next_y
1160.57
1160.67
1160.77
1160.86
1160.96
1161.05
1161.15
1161.25
1161.35
1161.44
1161.54
1161.64
1161.74
1161.84
1161.94
1162.05
1162.15
1162.26
1162.36
1162.47
1162.58
1162.69
1162.8
1162.91
1163.02
1163.13
1163.24
1163.36
1163.47
1163.59
1163.7
1163.82
1163.94
1164.06
1164.18
1164.31
1164.43
1164.56
1164.69
1164.81
1164.94
1165.07
1165.2
1165.33
1165.46
1165.59
1165.72
1165.85
1165.99
1166.12
