iteracion: 1789
--- next_x
2282.74
2282.85
2282.96
2283.07
2283.17
2283.28
2283.39
2283.49
2283.6
2283.71
2283.82
2283.92
2284.03
2284.14
2284.24
2284.34
2284.45
2284.56
2284.66
2284.76
2284.87
2284.97
2285.08
2285.18
2285.28
2285.39
2285.49
2285.59
2285.7
2285.8
2285.9
2286
2286.11
2286.21
2286.31
2286.41
2286.51
2286.61
2286.72
2286.82
2286.92
2287.02
2287.12
2287.22
2287.32
2287.42
2287.52
2287.62
2287.72
2287.82
--- next_y
2329.45
2329.77
2330.09
2330.42
2330.74
2331.06
2331.38
2331.7
2332.02
2332.33
2332.65
2332.97
2333.28
2333.6
2333.91
2334.23
2334.54
2334.85
2335.17
2335.48
2335.79
2336.1
2336.41
2336.72
2337.03
2337.34
2337.64
2337.95
2338.26
2338.57
2338.87
2339.18
2339.48
2339.79
2340.09
2340.39
2340.7
2341
2341.3
2341.61
2341.91
2342.21
2342.51
2342.81
2343.1
2343.4
2343.7
2344
2344.3
2344.6
iteracion: 1789
--- next_x
2282.74
2282.85
2282.96
2283.07
2283.17
2283.28
2283.39
2283.49
2283.6
2283.71
2283.82
2283.92
2284.03
2284.14
2284.24
2284.34
2284.45
2284.56
2284.66
2284.76
2284.87
2284.97
2285.08
2285.18
2285.28
2285.39
2285.49
2285.59
2285.7
2285.8
2285.9
2286
2286.11
2286.21
2286.31
2286.41
2286.51
2286.61
2286.72
2286.82
2286.92
2287.02
2287.12
2287.22
2287.32
2287.42
2287.52
2287.63
2287.73
2287.84
--- next_y
2329.45
2329.77
2330.09
2330.42
2330.74
2331.06
2331.38
2331.7
2332.02
2332.33
2332.65
2332.97
2333.28
2333.6
2333.91
2334.23
2334.54
2334.85
2335.17
2335.48
2335.79
2336.1
2336.41
2336.72
2337.03
2337.34
2337.64
2337.95
2338.26
2338.57
2338.87
2339.18
2339.48
2339.79
2340.09
2340.39
2340.7
2341
2341.3
2341.61
2341.91
2342.21
2342.51
2342.81
2343.1
2343.4
2343.7
2343.99
2344.29
2344.58
iteracion: 1789
--- next_x
2282.74
2282.85
2282.96
2283.07
2283.17
2283.28
2283.39
2283.49
2283.6
2283.71
2283.82
2283.92
2284.03
2284.14
2284.24
2284.34
2284.45
2284.56
2284.66
2284.76
2284.87
2284.97
2285.08
2285.18
2285.28
2285.39
2285.49
2285.59
2285.7
2285.8
2285.9
2286
2286.11
2286.21
2286.31
2286.41
2286.51
2286.61
2286.72
2286.82
2286.92
2287.02
2287.12
2287.22
2287.32
2287.42
2287.52
2287.62
2287.71
2287.81
--- next_y
2329.45
2329.77
2330.09
2330.42
2330.74
2331.06
2331.38
2331.7
2332.02
2332.33
2332.65
2332.97
2333.28
2333.6
2333.91
2334.23
2334.54
2334.85
2335.17
2335.48
2335.79
2336.1
2336.41
2336.72
2337.03
2337.34
2337.64
2337.95
2338.26
2338.57
2338.87
2339.18
2339.48
2339.79
2340.09
2340.39
2340.7
2341
2341.3
2341.61
2341.91
2342.21
2342.51
2342.81
2343.1
2343.4
2343.7
2344
2344.29
2344.59
