iteracion: 1571
--- next_x
2220.77
2220.86
2220.96
2221.05
2221.14
2221.24
2221.33
2221.42
2221.52
2221.61
2221.7
2221.8
2221.89
2221.99
2222.08
2222.18
2222.27
2222.37
2222.46
2222.56
2222.66
2222.75
2222.85
2222.94
2223.04
2223.13
2223.23
2223.32
2223.42
2223.52
2223.61
2223.71
2223.81
2223.91
2224
2224.1
2224.2
2224.29
2224.39
2224.49
2224.58
2224.68
2224.78
2224.87
2224.97
2225.07
2225.16
2225.26
2225.35
2225.45
--- next_y
2071.48
2071.84
2072.19
2072.54
2072.89
2073.24
2073.59
2073.94
2074.29
2074.64
2074.99
2075.33
2075.68
2076.02
2076.37
2076.71
2077.06
2077.4
2077.74
2078.08
2078.43
2078.77
2079.11
2079.45
2079.79
2080.12
2080.46
2080.8
2081.13
2081.47
2081.8
2082.14
2082.47
2082.8
2083.14
2083.47
2083.8
2084.13
2084.46
2084.78
2085.11
2085.44
2085.76
2086.09
2086.41
2086.74
2087.07
2087.39
2087.72
2088.04
iteracion: 1571
--- next_x
2220.77
2220.86
2220.96
2221.05
2221.14
2221.24
2221.33
2221.42
2221.52
2221.61
2221.7
2221.8
2221.89
2221.99
2222.08
2222.18
2222.27
2222.37
2222.46
2222.56
2222.66
2222.75
2222.85
2222.94
2223.04
2223.13
2223.23
2223.32
2223.42
2223.52
2223.61
2223.71
2223.81
2223.91
2224
2224.1
2224.2
2224.29
2224.39
2224.49
2224.58
2224.68
2224.78
2224.87
2224.97
2225.07
2225.16
2225.26
2225.36
2225.46
--- next_y
2071.48
2071.84
2072.19
2072.54
2072.89
2073.24
2073.59
2073.94
2074.29
2074.64
2074.99
2075.33
2075.68
2076.02
2076.37
2076.71
2077.06
2077.4
2077.74
2078.08
2078.43
2078.77
2079.11
2079.45
2079.79
2080.12
2080.46
2080.8
2081.13
2081.47
2081.8
2082.14
2082.47
2082.8
2083.14
2083.47
2083.8
2084.13
2084.46
2084.78
2085.11
2085.44
2085.76
2086.09
2086.41
2086.74
2087.07
2087.39
2087.71
2088.03
iteracion: 1571
--- next_x
2220.77
2220.86
2220.96
2221.05
2221.14
2221.24
2221.33
2221.42
2221.52
2221.61
2221.7
2221.8
2221.89
2221.99
2222.08
2222.18
2222.27
2222.37
2222.46
2222.56
2222.66
2222.75
2222.85
2222.94
2223.04
2223.13
2223.23
2223.32
2223.42
2223.52
2223.61
2223.71
2223.81
2223.91
2224
2224.1
2224.2
2224.29
2224.39
2224.49
2224.58
2224.68
2224.78
2224.87
2224.97
2225.07
2225.16
2225.25
2225.35
2225.44
--- next_y
2071.48
2071.84
2072.19
2072.54
2072.89
2073.24
2073.59
2073.94
2074.29
2074.64
2074.99
2075.33
2075.68
2076.02
2076.37
2076.71
2077.06
2077.4
2077.74
2078.08
2078.43
2078.77
2079.11
2079.45
2079.79
2080.12
2080.46
2080.8
2081.13
2081.47
2081.8
2082.14
2082.47
2082.8
2083.14
2083.47
2083.8
2084.13
2084.46
2084.78
2085.11
2085.44
2085.76
2086.09
2086.41
2086.74
2087.07
2087.39
2087.71
2088.03
