iteracion: 1234
--- next_x
2144.66
2144.74
2144.84
2144.93
2145.01
2145.11
2145.2
2145.29
2145.38
2145.48
2145.57
2145.66
2145.76
2145.85
2145.95
2146.04
2146.13
2146.23
2146.32
2146.41
2146.51
2146.6
2146.7
2146.79
2146.89
2146.98
2147.08
2147.17
2147.27
2147.36
2147.46
2147.55
2147.64
2147.74
2147.83
2147.93
2148.02
2148.11
2148.21
2148.3
2148.39
2148.49
2148.58
2148.68
2148.77
2148.86
2148.95
2149.05
2149.14
2149.23
--- next_y
1645.73
1646.12
1646.52
1646.91
1647.3
1647.7
1648.1
1648.5
1648.9
1649.31
1649.71
1650.12
1650.52
1650.92
1651.32
1651.72
1652.12
1652.52
1652.92
1653.32
1653.72
1654.12
1654.51
1654.91
1655.3
1655.7
1656.09
1656.49
1656.88
1657.28
1657.67
1658.06
1658.45
1658.84
1659.23
1659.62
1660.01
1660.4
1660.79
1661.17
1661.56
1661.95
1662.33
1662.72
1663.1
1663.49
1663.87
1664.26
1664.64
1665.03
iteracion: 1234
--- next_x
2144.66
2144.74
2144.84
2144.93
2145.01
2145.11
2145.2
2145.29
2145.38
2145.48
2145.57
2145.66
2145.76
2145.85
2145.95
2146.04
2146.13
2146.23
2146.32
2146.41
2146.51
2146.6
2146.7
2146.79
2146.89
2146.98
2147.08
2147.17
2147.27
2147.36
2147.46
2147.55
2147.64
2147.74
2147.83
2147.93
2148.02
2148.11
2148.21
2148.3
2148.39
2148.49
2148.58
2148.68
2148.77
2148.86
2148.96
2149.06
2149.17
2149.27
--- next_y
1645.73
1646.12
1646.52
1646.91
1647.3
1647.7
1648.1
1648.5
1648.9
1649.31
1649.71
1650.12
1650.52
1650.92
1651.32
1651.72
1652.12
1652.52
1652.92
1653.32
1653.72
1654.12
1654.51
1654.91
1655.3
1655.7
1656.09
1656.49
1656.88
1657.28
1657.67
1658.06
1658.45
1658.84
1659.23
1659.62
1660.01
1660.4
1660.79
1661.17
1661.56
1661.95
1662.33
1662.72
1663.1
1663.48
1663.86
1664.24
1664.62
1664.99
iteracion: 1234
--- next_x
2144.66
2144.74
2144.84
2144.93
2145.01
2145.11
2145.2
2145.29
2145.38
2145.48
2145.57
2145.66
2145.76
2145.85
2145.95
2146.04
2146.13
2146.23
2146.32
2146.41
2146.51
2146.6
2146.7
2146.79
2146.89
2146.98
2147.08
2147.17
2147.27
2147.36
2147.46
2147.55
2147.64
2147.74
2147.83
2147.93
2148.02
2148.11
2148.21
2148.3
2148.39
2148.49
2148.58
2148.68
2148.77
2148.86
2148.94
2149.03
2149.11
2149.18
--- next_y
1645.73
1646.12
1646.52
1646.91
1647.3
1647.7
1648.1
1648.5
1648.9
1649.31
1649.71
1650.12
1650.52
1650.92
1651.32
1651.72
1652.12
1652.52
1652.92
1653.32
1653.72
1654.12
1654.51
1654.91
1655.3
1655.7
1656.09
1656.49
1656.88
1657.28
1657.67
1658.06
1658.45
1658.84
1659.23
1659.62
1660.01
1660.4
1660.79
1661.17
1661.56
1661.95
1662.33
1662.72
1663.1
1663.48
1663.87
1664.25
1664.63
1665.02
