iteracion: 1568
--- next_x
2219.76
2219.85
2219.94
2220.03
2220.13
2220.22
2220.31
2220.4
2220.49
2220.59
2220.68
2220.77
2220.86
2220.96
2221.05
2221.14
2221.24
2221.33
2221.42
2221.52
2221.61
2221.7
2221.8
2221.89
2221.99
2222.08
2222.18
2222.27
2222.37
2222.46
2222.56
2222.66
2222.75
2222.85
2222.94
2223.04
2223.13
2223.23
2223.32
2223.42
2223.52
2223.61
2223.71
2223.81
2223.91
2224
2224.1
2224.2
2224.29
2224.39
--- next_y
2067.55
2067.91
2068.27
2068.63
2068.99
2069.35
2069.71
2070.06
2070.42
2070.77
2071.13
2071.48
2071.84
2072.19
2072.54
2072.89
2073.24
2073.59
2073.94
2074.29
2074.64
2074.99
2075.33
2075.68
2076.02
2076.37
2076.71
2077.06
2077.4
2077.74
2078.08
2078.43
2078.77
2079.11
2079.45
2079.79
2080.12
2080.46
2080.8
2081.13
2081.47
2081.8
2082.14
2082.47
2082.8
2083.14
2083.47
2083.8
2084.13
2084.46
iteracion: 1568
--- next_x
2219.76
2219.85
2219.94
2220.03
2220.13
2220.22
2220.31
2220.4
2220.49
2220.59
2220.68
2220.77
2220.86
2220.96
2221.05
2221.14
2221.24
2221.33
2221.42
2221.52
2221.61
2221.7
2221.8
2221.89
2221.99
2222.08
2222.18
2222.27
2222.37
2222.46
2222.56
2222.66
2222.75
2222.85
2222.94
2223.04
2223.13
2223.23
2223.32
2223.42
2223.52
2223.61
2223.71
2223.81
2223.91
2224
2224.1
2224.2
2224.3
2224.4
--- next_y
2067.55
2067.91
2068.27
2068.63
2068.99
2069.35
2069.71
2070.06
2070.42
2070.77
2071.13
2071.48
2071.84
2072.19
2072.54
2072.89
2073.24
2073.59
2073.94
2074.29
2074.64
2074.99
2075.33
2075.68
2076.02
2076.37
2076.71
2077.06
2077.4
2077.74
2078.08
2078.43
2078.77
2079.11
2079.45
2079.79
2080.12
2080.46
2080.8
2081.13
2081.47
2081.8
2082.14
2082.47
2082.8
2083.14
2083.47
2083.79
2084.12
2084.45
iteracion: 1568
--- next_x
2219.76
2219.85
2219.94
2220.03
2220.13
2220.22
2220.31
2220.4
2220.49
2220.59
2220.68
2220.77
2220.86
2220.96
2221.05
2221.14
2221.24
2221.33
2221.42
2221.52
2221.61
2221.7
2221.8
2221.89
2221.99
2222.08
2222.18
2222.27
2222.37
2222.46
2222.56
2222.66
2222.75
2222.85
2222.94
2223.04
2223.13
2223.23
2223.32
2223.42
2223.52
2223.61
2223.71
2223.81
2223.91
2224
2224.1
2224.19
2224.29
2224.38
--- next_y
2067.55
2067.91
2068.27
2068.63
2068.99
2069.35
2069.71
2070.06
2070.42
2070.77
2071.13
2071.48
2071.84
2072.19
2072.54
2072.89
2073.24
2073.59
2073.94
2074.29
2074.64
2074.99
2075.33
2075.68
2076.02
2076.37
2076.71
2077.06
2077.4
2077.74
2078.08
2078.43
2078.77
2079.11
2079.45
2079.79
2080.12
2080.46
2080.8
2081.13
2081.47
2081.8
2082.14
2082.47
2082.8
2083.14
2083.47
2083.8
2084.13
2084.46
