iteracion: 654
--- next_x
1753.67
1754.12
1754.57
1755.01
1755.46
1755.9
1756.35
1756.79
1757.23
1757.68
1758.12
1758.56
1759
1759.44
1759.88
1760.32
1760.76
1761.2
1761.64
1762.07
1762.51
1762.95
1763.38
1763.82
1764.25
1764.68
1765.12
1765.55
1765.98
1766.41
1766.84
1767.27
1767.7
1768.13
1768.56
1768.99
1769.42
1769.85
1770.27
1770.7
1771.12
1771.55
1771.97
1772.4
1772.82
1773.25
1773.67
1774.09
1774.52
1774.94
--- next_y
1143.06
1143.04
1143.01
1142.98
1142.95
1142.93
1142.9
1142.87
1142.84
1142.81
1142.79
1142.76
1142.73
1142.7
1142.67
1142.64
1142.61
1142.59
1142.56
1142.53
1142.49
1142.46
1142.43
1142.4
1142.38
1142.35
1142.31
1142.28
1142.25
1142.22
1142.19
1142.16
1142.13
1142.1
1142.07
1142.04
1142
1141.97
1141.94
1141.91
1141.88
1141.85
1141.82
1141.79
1141.76
1141.73
1141.7
1141.67
1141.64
1141.61
iteracion: 654
--- next_x
1753.67
1754.12
1754.57
1755.01
1755.46
1755.9
1756.35
1756.79
1757.23
1757.68
1758.12
1758.56
1759
1759.44
1759.88
1760.32
1760.76
1761.2
1761.64
1762.07
1762.51
1762.95
1763.38
1763.82
1764.25
1764.68
1765.12
1765.55
1765.98
1766.41
1766.84
1767.27
1767.7
1768.13
1768.56
1768.99
1769.42
1769.85
1770.27
1770.7
1771.12
1771.55
1771.97
1772.4
1772.82
1773.24
1773.66
1774.08
1774.5
1774.92
--- next_y
1143.06
1143.04
1143.01
1142.98
1142.95
1142.93
1142.9
1142.87
1142.84
1142.81
1142.79
1142.76
1142.73
1142.7
1142.67
1142.64
1142.61
1142.59
1142.56
1142.53
1142.49
1142.46
1142.43
1142.4
1142.38
1142.35
1142.31
1142.28
1142.25
1142.22
1142.19
1142.16
1142.13
1142.1
1142.07
1142.04
1142
1141.97
1141.94
1141.91
1141.88
1141.85
1141.82
1141.79
1141.76
1141.73
1141.69
1141.65
1141.6
1141.56
iteracion: 654
--- next_x
1753.67
1754.12
1754.57
1755.01
1755.46
1755.9
1756.35
1756.79
1757.23
1757.68
1758.12
1758.56
1759
1759.44
1759.88
1760.32
1760.76
1761.2
1761.64
1762.07
1762.51
1762.95
1763.38
1763.82
1764.25
1764.68
1765.12
1765.55
1765.98
1766.41
1766.84
1767.27
1767.7
1768.13
1768.56
1768.99
1769.42
1769.85
1770.27
1770.7
1771.12
1771.55
1771.97
1772.4
1772.82
1773.24
1773.66
1774.08
1774.5
1774.92
--- next_y
1143.06
1143.04
1143.01
1142.98
1142.95
1142.93
1142.9
1142.87
1142.84
1142.81
1142.79
1142.76
1142.73
1142.7
1142.67
1142.64
1142.61
1142.59
1142.56
1142.53
1142.49
1142.46
1142.43
1142.4
1142.38
1142.35
1142.31
1142.28
1142.25
1142.22
1142.19
1142.16
1142.13
1142.1
1142.07
1142.04
1142
1141.97
1141.94
1141.91
1141.88
1141.85
1141.82
1141.79
1141.76
1141.73
1141.71
1141.69
1141.68
1141.67
