iteracion: 1585
--- next_x
2225.93
2226.02
2226.12
2226.21
2226.31
2226.4
2226.5
2226.59
2226.68
2226.78
2226.87
2226.97
2227.06
2227.15
2227.25
2227.34
2227.43
2227.53
2227.62
2227.71
2227.8
2227.9
2227.99
2228.08
2228.17
2228.26
2228.36
2228.45
2228.54
2228.63
2228.72
2228.81
2228.9
2228.99
2229.08
2229.17
2229.26
2229.35
2229.44
2229.53
2229.62
2229.71
2229.8
2229.89
2229.98
2230.07
2230.16
2230.25
2230.34
2230.43
--- next_y
2089.63
2089.95
2090.27
2090.59
2090.9
2091.22
2091.54
2091.85
2092.16
2092.48
2092.79
2093.1
2093.41
2093.72
2094.03
2094.34
2094.65
2094.96
2095.27
2095.57
2095.88
2096.19
2096.49
2096.8
2097.1
2097.4
2097.7
2098.01
2098.31
2098.61
2098.91
2099.2
2099.5
2099.8
2100.1
2100.4
2100.69
2100.99
2101.28
2101.58
2101.87
2102.16
2102.46
2102.75
2103.05
2103.34
2103.63
2103.93
2104.22
2104.51
iteracion: 1585
--- next_x
2225.93
2226.02
2226.12
2226.21
2226.31
2226.4
2226.5
2226.59
2226.68
2226.78
2226.87
2226.97
2227.06
2227.15
2227.25
2227.34
2227.43
2227.53
2227.62
2227.71
2227.8
2227.9
2227.99
2228.08
2228.17
2228.26
2228.36
2228.45
2228.54
2228.63
2228.72
2228.81
2228.9
2228.99
2229.08
2229.17
2229.26
2229.35
2229.44
2229.53
2229.62
2229.71
2229.8
2229.89
2229.98
2230.08
2230.17
2230.26
2230.36
2230.46
--- next_y
2089.63
2089.95
2090.27
2090.59
2090.9
2091.22
2091.54
2091.85
2092.16
2092.48
2092.79
2093.1
2093.41
2093.72
2094.03
2094.34
2094.65
2094.96
2095.27
2095.57
2095.88
2096.19
2096.49
2096.8
2097.1
2097.4
2097.7
2098.01
2098.31
2098.61
2098.91
2099.2
2099.5
2099.8
2100.1
2100.4
2100.69
2100.99
2101.28
2101.58
2101.87
2102.16
2102.46
2102.75
2103.04
2103.33
2103.62
2103.91
2104.2
2104.49
iteracion: 1585
--- next_x
2225.93
2226.02
2226.12
2226.21
2226.31
2226.4
2226.5
2226.59
2226.68
2226.78
2226.87
2226.97
2227.06
2227.15
2227.25
2227.34
2227.43
2227.53
2227.62
2227.71
2227.8
2227.9
2227.99
2228.08
2228.17
2228.26
2228.36
2228.45
2228.54
2228.63
2228.72
2228.81
2228.9
2228.99
2229.08
2229.17
2229.26
2229.35
2229.44
2229.53
2229.62
2229.71
2229.8
2229.89
2229.98
2230.07
2230.15
2230.24
2230.32
2230.4
--- next_y
2089.63
2089.95
2090.27
2090.59
2090.9
2091.22
2091.54
2091.85
2092.16
2092.48
2092.79
2093.1
2093.41
2093.72
2094.03
2094.34
2094.65
2094.96
2095.27
2095.57
2095.88
2096.19
2096.49
2096.8
2097.1
2097.4
2097.7
2098.01
2098.31
2098.61
2098.91
2099.2
2099.5
2099.8
2100.1
2100.4
2100.69
2100.99
2101.28
2101.58
2101.87
2102.16
2102.46
2102.75
2103.04
2103.34
2103.63
2103.92
2104.21
2104.51
