iteracion: 402
--- next_x
1449.65
1449.9
1450.15
1450.4
1450.64
1450.89
1451.14
1451.38
1451.63
1451.87
1452.12
1452.36
1452.6
1452.84
1453.08
1453.32
1453.56
1453.8
1454.04
1454.28
1454.52
1454.75
1454.99
1455.23
1455.46
1455.7
1455.93
1456.16
1456.4
1456.63
1456.86
1457.09
1457.32
1457.55
1457.78
1458.01
1458.24
1458.47
1458.7
1458.92
1459.15
1459.37
1459.6
1459.82
1460.04
1460.27
1460.49
1460.71
1460.94
1461.16
--- next_y
1170.17
1170.13
1170.1
1170.07
1170.04
1170
1169.97
1169.94
1169.9
1169.87
1169.84
1169.81
1169.77
1169.74
1169.71
1169.68
1169.64
1169.61
1169.58
1169.55
1169.52
1169.49
1169.45
1169.42
1169.39
1169.36
1169.33
1169.3
1169.27
1169.23
1169.2
1169.17
1169.14
1169.11
1169.08
1169.05
1169.02
1168.99
1168.96
1168.93
1168.9
1168.87
1168.84
1168.81
1168.77
1168.74
1168.71
1168.68
1168.65
1168.62
iteracion: 402
--- next_x
1449.65
1449.9
1450.15
1450.4
1450.64
1450.89
1451.14
1451.38
1451.63
1451.87
1452.12
1452.36
1452.6
1452.84
1453.08
1453.32
1453.56
1453.8
1454.04
1454.28
1454.52
1454.75
1454.99
1455.23
1455.46
1455.7
1455.93
1456.16
1456.4
1456.63
1456.86
1457.09
1457.32
1457.55
1457.78
1458.01
1458.24
1458.47
1458.7
1458.92
1459.15
1459.37
1459.6
1459.82
1460.04
1460.27
1460.49
1460.71
1460.93
1461.15
--- next_y
1170.17
1170.13
1170.1
1170.07
1170.04
1170
1169.97
1169.94
1169.9
1169.87
1169.84
1169.81
1169.77
1169.74
1169.71
1169.68
1169.64
1169.61
1169.58
1169.55
1169.52
1169.49
1169.45
1169.42
1169.39
1169.36
1169.33
1169.3
1169.27
1169.23
1169.2
1169.17
1169.14
1169.11
1169.08
1169.05
1169.02
1168.99
1168.96
1168.93
1168.9
1168.87
1168.84
1168.81
1168.77
1168.74
1168.71
1168.68
1168.65
1168.61
iteracion: 402
--- next_x
1449.65
1449.9
1450.15
1450.4
1450.64
1450.89
1451.14
1451.38
1451.63
1451.87
1452.12
1452.36
1452.6
1452.84
1453.08
1453.32
1453.56
1453.8
1454.04
1454.28
1454.52
1454.75
1454.99
1455.23
1455.46
1455.7
1455.93
1456.16
1456.4
1456.63
1456.86
1457.09
1457.32
1457.55
1457.78
1458.01
1458.24
1458.47
1458.7
1458.92
1459.15
1459.37
1459.6
1459.82
1460.04
1460.27
1460.49
1460.71
1460.93
1461.15
--- next_y
1170.17
1170.13
1170.1
1170.07
1170.04
1170
1169.97
1169.94
1169.9
1169.87
1169.84
1169.81
1169.77
1169.74
1169.71
1169.68
1169.64
1169.61
1169.58
1169.55
1169.52
1169.49
1169.45
1169.42
1169.39
1169.36
1169.33
1169.3
1169.27
1169.23
1169.2
1169.17
1169.14
1169.11
1169.08
1169.05
1169.02
1168.99
1168.96
1168.93
1168.9
1168.87
1168.84
1168.81
1168.77
1168.74
1168.71
1168.68
1168.66
1168.63
