iteracion: 495
--- next_x
1555.31
1555.73
1556.15
1556.57
1556.98
1557.4
1557.81
1558.23
1558.64
1559.06
1559.47
1559.88
1560.29
1560.7
1561.11
1561.52
1561.93
1562.34
1562.75
1563.16
1563.56
1563.97
1564.38
1564.78
1565.18
1565.59
1565.99
1566.39
1566.8
1567.19
1567.6
1568
1568.39
1568.79
1569.19
1569.59
1569.99
1570.38
1570.78
1571.17
1571.57
1571.96
1572.36
1572.75
1573.14
1573.53
1573.92
1574.31
1574.71
1575.1
--- next_y
1159.01
1158.97
1158.94
1158.9
1158.87
1158.83
1158.8
1158.76
1158.73
1158.69
1158.66
1158.63
1158.59
1158.56
1158.53
1158.49
1158.46
1158.43
1158.4
1158.37
1158.34
1158.31
1158.28
1158.24
1158.21
1158.18
1158.16
1158.13
1158.1
1158.07
1158.04
1158.01
1157.98
1157.95
1157.92
1157.89
1157.87
1157.84
1157.81
1157.79
1157.76
1157.73
1157.71
1157.68
1157.65
1157.63
1157.6
1157.58
1157.55
1157.52
iteracion: 495
--- next_x
1555.31
1555.73
1556.15
1556.57
1556.98
1557.4
1557.81
1558.23
1558.64
1559.06
1559.47
1559.88
1560.29
1560.7
1561.11
1561.52
1561.93
1562.34
1562.75
1563.16
1563.56
1563.97
1564.38
1564.78
1565.18
1565.59
1565.99
1566.39
1566.8
1567.19
1567.6
1568
1568.39
1568.79
1569.19
1569.59
1569.99
1570.38
1570.78
1571.17
1571.57
1571.96
1572.36
1572.75
1573.14
1573.53
1573.92
1574.31
1574.7
1575.08
--- next_y
1159.01
1158.97
1158.94
1158.9
1158.87
1158.83
1158.8
1158.76
1158.73
1158.69
1158.66
1158.63
1158.59
1158.56
1158.53
1158.49
1158.46
1158.43
1158.4
1158.37
1158.34
1158.31
1158.28
1158.24
1158.21
1158.18
1158.16
1158.13
1158.1
1158.07
1158.04
1158.01
1157.98
1157.95
1157.92
1157.89
1157.87
1157.84
1157.81
1157.79
1157.76
1157.73
1157.71
1157.68
1157.65
1157.63
1157.6
1157.57
1157.54
1157.51
iteracion: 495
--- next_x
1555.31
1555.73
1556.15
1556.57
1556.98
1557.4
1557.81
1558.23
1558.64
1559.06
1559.47
1559.88
1560.29
1560.7
1561.11
1561.52
1561.93
1562.34
1562.75
1563.16
1563.56
1563.97
1564.38
1564.78
1565.18
1565.59
1565.99
1566.39
1566.8
1567.19
1567.6
1568
1568.39
1568.79
1569.19
1569.59
1569.99
1570.38
1570.78
1571.17
1571.57
1571.96
1572.36
1572.75
1573.14
1573.53
1573.92
1574.31
1574.7
1575.09
--- next_y
1159.01
1158.97
1158.94
1158.9
1158.87
1158.83
1158.8
1158.76
1158.73
1158.69
1158.66
1158.63
1158.59
1158.56
1158.53
1158.49
1158.46
1158.43
1158.4
1158.37
1158.34
1158.31
1158.28
1158.24
1158.21
1158.18
1158.16
1158.13
1158.1
1158.07
1158.04
1158.01
1157.98
1157.95
1157.92
1157.89
1157.87
1157.84
1157.81
1157.79
1157.76
1157.73
1157.71
1157.68
1157.65
1157.63
1157.6
1157.58
1157.56
1157.54
