iteracion: 655
--- next_x
1755.46
1755.9
1756.35
1756.79
1757.23
1757.68
1758.12
1758.56
1759
1759.44
1759.88
1760.32
1760.76
1761.2
1761.64
1762.07
1762.51
1762.95
1763.38
1763.82
1764.25
1764.68
1765.12
1765.55
1765.98
1766.41
1766.84
1767.27
1767.7
1768.13
1768.56
1768.99
1769.42
1769.85
1770.27
1770.7
1771.12
1771.55
1771.97
1772.4
1772.82
1773.24
1773.67
1774.09
1774.51
1774.93
1775.36
1775.78
1776.2
1776.62
--- next_y
1142.95
1142.93
1142.9
1142.87
1142.84
1142.81
1142.79
1142.76
1142.73
1142.7
1142.67
1142.64
1142.61
1142.59
1142.56
1142.53
1142.49
1142.46
1142.43
1142.4
1142.38
1142.35
1142.31
1142.28
1142.25
1142.22
1142.19
1142.16
1142.13
1142.1
1142.07
1142.04
1142
1141.97
1141.94
1141.91
1141.88
1141.85
1141.82
1141.79
1141.76
1141.73
1141.7
1141.67
1141.64
1141.61
1141.58
1141.55
1141.53
1141.5
iteracion: 655
--- next_x
1755.46
1755.9
1756.35
1756.79
1757.23
1757.68
1758.12
1758.56
1759
1759.44
1759.88
1760.32
1760.76
1761.2
1761.64
1762.07
1762.51
1762.95
1763.38
1763.82
1764.25
1764.68
1765.12
1765.55
1765.98
1766.41
1766.84
1767.27
1767.7
1768.13
1768.56
1768.99
1769.42
1769.85
1770.27
1770.7
1771.12
1771.55
1771.97
1772.4
1772.82
1773.24
1773.67
1774.09
1774.51
1774.93
1775.35
1775.77
1776.19
1776.61
--- next_y
1142.95
1142.93
1142.9
1142.87
1142.84
1142.81
1142.79
1142.76
1142.73
1142.7
1142.67
1142.64
1142.61
1142.59
1142.56
1142.53
1142.49
1142.46
1142.43
1142.4
1142.38
1142.35
1142.31
1142.28
1142.25
1142.22
1142.19
1142.16
1142.13
1142.1
1142.07
1142.04
1142
1141.97
1141.94
1141.91
1141.88
1141.85
1141.82
1141.79
1141.76
1141.73
1141.7
1141.67
1141.64
1141.61
1141.58
1141.54
1141.5
1141.46
iteracion: 655
--- next_x
1755.46
1755.9
1756.35
1756.79
1757.23
1757.68
1758.12
1758.56
1759
1759.44
1759.88
1760.32
1760.76
1761.2
1761.64
1762.07
1762.51
1762.95
1763.38
1763.82
1764.25
1764.68
1765.12
1765.55
1765.98
1766.41
1766.84
1767.27
1767.7
1768.13
1768.56
1768.99
1769.42
1769.85
1770.27
1770.7
1771.12
1771.55
1771.97
1772.4
1772.82
1773.24
1773.67
1774.09
1774.51
1774.93
1775.35
1775.77
1776.18
1776.6
--- next_y
1142.95
1142.93
1142.9
1142.87
1142.84
1142.81
1142.79
1142.76
1142.73
1142.7
1142.67
1142.64
1142.61
1142.59
1142.56
1142.53
1142.49
1142.46
1142.43
1142.4
1142.38
1142.35
1142.31
1142.28
1142.25
1142.22
1142.19
1142.16
1142.13
1142.1
1142.07
1142.04
1142
1141.97
1141.94
1141.91
1141.88
1141.85
1141.82
1141.79
1141.76
1141.73
1141.7
1141.67
1141.64
1141.61
1141.59
1141.57
1141.55
1141.54
