iteracion: 1642
--- next_x
2243.67
2243.76
2243.85
2243.93
2244.02
2244.11
2244.2
2244.28
2244.37
2244.46
2244.55
2244.64
2244.73
2244.82
2244.91
2245
2245.09
2245.18
2245.27
2245.36
2245.44
2245.53
2245.62
2245.71
2245.8
2245.89
2245.98
2246.07
2246.16
2246.26
2246.35
2246.44
2246.53
2246.62
2246.72
2246.81
2246.9
2246.99
2247.08
2247.17
2247.26
2247.36
2247.45
2247.54
2247.63
2247.72
2247.81
2247.9
2247.99
2248.08
--- next_y
2150.39
2150.73
2151.08
2151.43
2151.77
2152.12
2152.47
2152.83
2153.18
2153.53
2153.89
2154.25
2154.61
2154.97
2155.33
2155.69
2156.06
2156.42
2156.79
2157.16
2157.52
2157.89
2158.26
2158.64
2159.01
2159.38
2159.76
2160.14
2160.51
2160.89
2161.27
2161.65
2162.04
2162.43
2162.81
2163.2
2163.58
2163.97
2164.36
2164.76
2165.15
2165.55
2165.94
2166.34
2166.73
2167.13
2167.53
2167.92
2168.32
2168.71
iteracion: 1642
--- next_x
2243.67
2243.76
2243.85
2243.93
2244.02
2244.11
2244.2
2244.28
2244.37
2244.46
2244.55
2244.64
2244.73
2244.82
2244.91
2245
2245.09
2245.18
2245.27
2245.36
2245.44
2245.53
2245.62
2245.71
2245.8
2245.89
2245.98
2246.07
2246.16
2246.26
2246.35
2246.44
2246.53
2246.62
2246.72
2246.81
2246.9
2246.99
2247.08
2247.17
2247.26
2247.36
2247.45
2247.54
2247.63
2247.72
2247.82
2247.92
2248.02
2248.12
--- next_y
2150.39
2150.73
2151.08
2151.43
2151.77
2152.12
2152.47
2152.83
2153.18
2153.53
2153.89
2154.25
2154.61
2154.97
2155.33
2155.69
2156.06
2156.42
2156.79
2157.16
2157.52
2157.89
2158.26
2158.64
2159.01
2159.38
2159.76
2160.14
2160.51
2160.89
2161.27
2161.65
2162.04
2162.43
2162.81
2163.2
2163.58
2163.97
2164.36
2164.76
2165.15
2165.55
2165.94
2166.34
2166.73
2167.13
2167.52
2167.91
2168.3
2168.69
iteracion: 1642
--- next_x
2243.67
2243.76
2243.85
2243.93
2244.02
2244.11
2244.2
2244.28
2244.37
2244.46
2244.55
2244.64
2244.73
2244.82
2244.91
2245
2245.09
2245.18
2245.27
2245.36
2245.44
2245.53
2245.62
2245.71
2245.8
2245.89
2245.98
2246.07
2246.16
2246.26
2246.35
2246.44
2246.53
2246.62
2246.72
2246.81
2246.9
2246.99
2247.08
2247.17
2247.26
2247.36
2247.45
2247.54
2247.63
2247.72
2247.8
2247.88
2247.96
2248.03
--- next_y
2150.39
2150.73
2151.08
2151.43
2151.77
2152.12
2152.47
2152.83
2153.18
2153.53
2153.89
2154.25
2154.61
2154.97
2155.33
2155.69
2156.06
2156.42
2156.79
2157.16
2157.52
2157.89
2158.26
2158.64
2159.01
2159.38
2159.76
2160.14
2160.51
2160.89
2161.27
2161.65
2162.04
2162.43
2162.81
2163.2
2163.58
2163.97
2164.36
2164.76
2165.15
2165.55
2165.94
2166.34
2166.73
2167.13
2167.52
2167.91
2168.31
2168.7
