iteracion: 1012
--- next_x
2085.12
2085.24
2085.36
2085.48
2085.6
2085.72
2085.84
2085.97
2086.09
2086.21
2086.33
2086.45
2086.57
2086.69
2086.82
2086.94
2087.06
2087.18
2087.31
2087.43
2087.55
2087.68
2087.8
2087.93
2088.05
2088.18
2088.3
2088.43
2088.55
2088.68
2088.8
2088.93
2089.05
2089.18
2089.31
2089.43
2089.56
2089.69
2089.81
2089.94
2090.07
2090.19
2090.32
2090.45
2090.57
2090.7
2090.82
2090.95
2091.07
2091.19
--- next_y
1354.22
1354.6
1354.98
1355.36
1355.74
1356.12
1356.5
1356.89
1357.27
1357.66
1358.05
1358.44
1358.83
1359.22
1359.62
1360.01
1360.41
1360.81
1361.2
1361.6
1362
1362.41
1362.81
1363.21
1363.62
1364.03
1364.44
1364.84
1365.26
1365.67
1366.08
1366.49
1366.91
1367.33
1367.75
1368.16
1368.59
1369.01
1369.43
1369.85
1370.27
1370.69
1371.11
1371.53
1371.95
1372.37
1372.79
1373.21
1373.62
1374.04
iteracion: 1012
--- next_x
2085.12
2085.24
2085.36
2085.48
2085.6
2085.72
2085.84
2085.97
2086.09
2086.21
2086.33
2086.45
2086.57
2086.69
2086.82
2086.94
2087.06
2087.18
2087.31
2087.43
2087.55
2087.68
2087.8
2087.93
2088.05
2088.18
2088.3
2088.43
2088.55
2088.68
2088.8
2088.93
2089.05
2089.18
2089.31
2089.43
2089.56
2089.69
2089.81
2089.94
2090.07
2090.19
2090.32
2090.45
2090.57
2090.7
2090.82
2090.95
2091.08
2091.21
--- next_y
1354.22
1354.6
1354.98
1355.36
1355.74
1356.12
1356.5
1356.89
1357.27
1357.66
1358.05
1358.44
1358.83
1359.22
1359.62
1360.01
1360.41
1360.81
1361.2
1361.6
1362
1362.41
1362.81
1363.21
1363.62
1364.03
1364.44
1364.84
1365.26
1365.67
1366.08
1366.49
1366.91
1367.33
1367.75
1368.16
1368.59
1369.01
1369.43
1369.85
1370.27
1370.69
1371.11
1371.53
1371.95
1372.37
1372.79
1373.2
1373.61
1374.02
iteracion: 1012
--- next_x
2085.12
2085.24
2085.36
2085.48
2085.6
2085.72
2085.84
2085.97
2086.09
2086.21
2086.33
2086.45
2086.57
2086.69
2086.82
2086.94
2087.06
2087.18
2087.31
2087.43
2087.55
2087.68
2087.8
2087.93
2088.05
2088.18
2088.3
2088.43
2088.55
2088.68
2088.8
2088.93
2089.05
2089.18
2089.31
2089.43
2089.56
2089.69
2089.81
2089.94
2090.07
2090.19
2090.32
2090.45
2090.57
2090.7
2090.82
2090.94
2091.06
2091.17
--- next_y
1354.22
1354.6
1354.98
1355.36
1355.74
1356.12
1356.5
1356.89
1357.27
1357.66
1358.05
1358.44
1358.83
1359.22
1359.62
1360.01
1360.41
1360.81
1361.2
1361.6
1362
1362.41
1362.81
1363.21
1363.62
1364.03
1364.44
1364.84
1365.26
1365.67
1366.08
1366.49
1366.91
1367.33
1367.75
1368.16
1368.59
1369.01
1369.43
1369.85
1370.27
1370.69
1371.11
1371.53
1371.95
1372.37
1372.79
1373.2
1373.62
1374.03
