iteracion: 856
--- next_x
1991.86
1992.21
1992.57
1992.93
1993.29
1993.64
1993.99
1994.35
1994.7
1995.05
1995.4
1995.75
1996.1
1996.45
1996.8
1997.15
1997.49
1997.83
1998.18
1998.52
1998.86
1999.19
1999.53
1999.87
2000.2
2000.54
2000.87
2001.2
2001.53
2001.85
2002.18
2002.51
2002.83
2003.15
2003.47
2003.79
2004.11
2004.43
2004.74
2005.06
2005.37
2005.68
2005.99
2006.3
2006.61
2006.92
2007.23
2007.53
2007.84
2008.14
--- next_y
1189.34
1189.6
1189.86
1190.12
1190.39
1190.65
1190.92
1191.18
1191.45
1191.72
1191.99
1192.26
1192.53
1192.8
1193.07
1193.35
1193.62
1193.9
1194.18
1194.46
1194.74
1195.02
1195.3
1195.58
1195.86
1196.14
1196.42
1196.71
1196.99
1197.27
1197.56
1197.85
1198.13
1198.42
1198.71
1199
1199.29
1199.58
1199.87
1200.16
1200.45
1200.74
1201.04
1201.33
1201.62
1201.92
1202.21
1202.51
1202.8
1203.1
iteracion: 856
--- next_x
1991.86
1992.21
1992.57
1992.93
1993.29
1993.64
1993.99
1994.35
1994.7
1995.05
1995.4
1995.75
1996.1
1996.45
1996.8
1997.15
1997.49
1997.83
1998.18
1998.52
1998.86
1999.19
1999.53
1999.87
2000.2
2000.54
2000.87
2001.2
2001.53
2001.85
2002.18
2002.51
2002.83
2003.15
2003.47
2003.79
2004.11
2004.43
2004.74
2005.06
2005.37
2005.68
2005.99
2006.3
2006.61
2006.92
2007.23
2007.54
2007.85
2008.16
--- next_y
1189.34
1189.6
1189.86
1190.12
1190.39
1190.65
1190.92
1191.18
1191.45
1191.72
1191.99
1192.26
1192.53
1192.8
1193.07
1193.35
1193.62
1193.9
1194.18
1194.46
1194.74
1195.02
1195.3
1195.58
1195.86
1196.14
1196.42
1196.71
1196.99
1197.27
1197.56
1197.85
1198.13
1198.42
1198.71
1199
1199.29
1199.58
1199.87
1200.16
1200.45
1200.74
1201.04
1201.33
1201.62
1201.92
1202.21
1202.5
1202.79
1203.08
iteracion: 856
--- next_x
1991.86
1992.21
1992.57
1992.93
1993.29
1993.64
1993.99
1994.35
1994.7
1995.05
1995.4
1995.75
1996.1
1996.45
1996.8
1997.15
1997.49
1997.83
1998.18
1998.52
1998.86
1999.19
1999.53
1999.87
2000.2
2000.54
2000.87
2001.2
2001.53
2001.85
2002.18
2002.51
2002.83
2003.15
2003.47
2003.79
2004.11
2004.43
2004.74
2005.06
2005.37
2005.68
2005.99
2006.3
2006.61
2006.92
2007.23
2007.52
2007.82
2008.11
--- next_y
1189.34
1189.6
1189.86
1190.12
1190.39
1190.65
1190.92
1191.18
1191.45
1191.72
1191.99
1192.26
1192.53
1192.8
1193.07
1193.35
1193.62
1193.9
1194.18
1194.46
1194.74
1195.02
1195.3
1195.58
1195.86
1196.14
1196.42
1196.71
1196.99
1197.27
1197.56
1197.85
1198.13
1198.42
1198.71
1199
1199.29
1199.58
1199.87
1200.16
1200.45
1200.74
1201.04
1201.33
1201.62
1201.92
1202.21
1202.5
1202.8
1203.09
