iteracion: 1847
--- next_x
2303.49
2303.59
2303.69
2303.78
2303.88
2303.97
2304.07
2304.17
2304.26
2304.36
2304.46
2304.55
2304.65
2304.74
2304.84
2304.94
2305.04
2305.13
2305.23
2305.33
2305.43
2305.53
2305.62
2305.72
2305.82
2305.92
2306.02
2306.12
2306.21
2306.31
2306.41
2306.51
2306.61
2306.71
2306.8
2306.9
2307
2307.1
2307.2
2307.3
2307.4
2307.49
2307.59
2307.69
2307.79
2307.89
2307.99
2308.08
2308.18
2308.28
--- next_y
2391.03
2391.32
2391.62
2391.92
2392.22
2392.52
2392.82
2393.13
2393.43
2393.74
2394.04
2394.35
2394.66
2394.97
2395.28
2395.59
2395.91
2396.22
2396.54
2396.86
2397.18
2397.5
2397.82
2398.14
2398.47
2398.79
2399.12
2399.45
2399.78
2400.11
2400.44
2400.77
2401.11
2401.44
2401.78
2402.11
2402.45
2402.79
2403.13
2403.47
2403.82
2404.16
2404.51
2404.86
2405.2
2405.55
2405.9
2406.25
2406.6
2406.94
iteracion: 1847
--- next_x
2303.49
2303.59
2303.69
2303.78
2303.88
2303.97
2304.07
2304.17
2304.26
2304.36
2304.46
2304.55
2304.65
2304.74
2304.84
2304.94
2305.04
2305.13
2305.23
2305.33
2305.43
2305.53
2305.62
2305.72
2305.82
2305.92
2306.02
2306.12
2306.21
2306.31
2306.41
2306.51
2306.61
2306.71
2306.8
2306.9
2307
2307.1
2307.2
2307.3
2307.4
2307.49
2307.59
2307.69
2307.79
2307.89
2307.99
2308.09
2308.19
2308.3
--- next_y
2391.03
2391.32
2391.62
2391.92
2392.22
2392.52
2392.82
2393.13
2393.43
2393.74
2394.04
2394.35
2394.66
2394.97
2395.28
2395.59
2395.91
2396.22
2396.54
2396.86
2397.18
2397.5
2397.82
2398.14
2398.47
2398.79
2399.12
2399.45
2399.78
2400.11
2400.44
2400.77
2401.11
2401.44
2401.78
2402.11
2402.45
2402.79
2403.13
2403.47
2403.82
2404.16
2404.51
2404.86
2405.2
2405.55
2405.9
2406.24
2406.59
2406.93
iteracion: 1847
--- next_x
2303.49
2303.59
2303.69
2303.78
2303.88
2303.97
2304.07
2304.17
2304.26
2304.36
2304.46
2304.55
2304.65
2304.74
2304.84
2304.94
2305.04
2305.13
2305.23
2305.33
2305.43
2305.53
2305.62
2305.72
2305.82
2305.92
2306.02
2306.12
2306.21
2306.31
2306.41
2306.51
2306.61
2306.71
2306.8
2306.9
2307
2307.1
2307.2
2307.3
2307.4
2307.49
2307.59
2307.69
2307.79
2307.89
2307.98
2308.07
2308.16
2308.25
--- next_y
2391.03
2391.32
2391.62
2391.92
2392.22
2392.52
2392.82
2393.13
2393.43
2393.74
2394.04
2394.35
2394.66
2394.97
2395.28
2395.59
2395.91
2396.22
2396.54
2396.86
2397.18
2397.5
2397.82
2398.14
2398.47
2398.79
2399.12
2399.45
2399.78
2400.11
2400.44
2400.77
2401.11
2401.44
2401.78
2402.11
2402.45
2402.79
2403.13
2403.47
2403.82
2404.16
2404.51
2404.86
2405.2
2405.55
2405.9
2406.24
2406.59
2406.93
