iteracion: 357
--- next_x
1397.63
1397.98
1398.33
1398.68
1399.02
1399.37
1399.72
1400.06
1400.41
1400.76
1401.1
1401.44
1401.79
1402.13
1402.47
1402.81
1403.15
1403.49
1403.84
1404.17
1404.51
1404.85
1405.19
1405.53
1405.86
1406.2
1406.54
1406.87
1407.2
1407.54
1407.87
1408.21
1408.54
1408.87
1409.2
1409.53
1409.86
1410.19
1410.52
1410.85
1411.18
1411.5
1411.83
1412.15
1412.48
1412.81
1413.13
1413.46
1413.78
1414.11
--- next_y
1176.73
1176.69
1176.65
1176.61
1176.56
1176.52
1176.48
1176.44
1176.4
1176.36
1176.32
1176.28
1176.24
1176.19
1176.15
1176.11
1176.07
1176.03
1175.99
1175.95
1175.91
1175.87
1175.83
1175.79
1175.74
1175.7
1175.66
1175.62
1175.58
1175.54
1175.5
1175.46
1175.42
1175.38
1175.34
1175.29
1175.25
1175.21
1175.17
1175.13
1175.09
1175.05
1175.01
1174.97
1174.93
1174.89
1174.85
1174.81
1174.77
1174.73
iteracion: 357
--- next_x
1397.63
1397.98
1398.33
1398.68
1399.02
1399.37
1399.72
1400.06
1400.41
1400.76
1401.1
1401.44
1401.79
1402.13
1402.47
1402.81
1403.15
1403.49
1403.84
1404.17
1404.51
1404.85
1405.19
1405.53
1405.86
1406.2
1406.54
1406.87
1407.2
1407.54
1407.87
1408.21
1408.54
1408.87
1409.2
1409.53
1409.86
1410.19
1410.52
1410.85
1411.18
1411.5
1411.83
1412.15
1412.48
1412.81
1413.13
1413.45
1413.77
1414.09
--- next_y
1176.73
1176.69
1176.65
1176.61
1176.56
1176.52
1176.48
1176.44
1176.4
1176.36
1176.32
1176.28
1176.24
1176.19
1176.15
1176.11
1176.07
1176.03
1175.99
1175.95
1175.91
1175.87
1175.83
1175.79
1175.74
1175.7
1175.66
1175.62
1175.58
1175.54
1175.5
1175.46
1175.42
1175.38
1175.34
1175.29
1175.25
1175.21
1175.17
1175.13
1175.09
1175.05
1175.01
1174.97
1174.93
1174.89
1174.85
1174.8
1174.76
1174.71
iteracion: 357
--- next_x
1397.63
1397.98
1398.33
1398.68
1399.02
1399.37
1399.72
1400.06
1400.41
1400.76
1401.1
1401.44
1401.79
1402.13
1402.47
1402.81
1403.15
1403.49
1403.84
1404.17
1404.51
1404.85
1405.19
1405.53
1405.86
1406.2
1406.54
1406.87
1407.2
1407.54
1407.87
1408.21
1408.54
1408.87
1409.2
1409.53
1409.86
1410.19
1410.52
1410.85
1411.18
1411.5
1411.83
1412.15
1412.48
1412.81
1413.13
1413.45
1413.77
1414.1
--- next_y
1176.73
1176.69
1176.65
1176.61
1176.56
1176.52
1176.48
1176.44
1176.4
1176.36
1176.32
1176.28
1176.24
1176.19
1176.15
1176.11
1176.07
1176.03
1175.99
1175.95
1175.91
1175.87
1175.83
1175.79
1175.74
1175.7
1175.66
1175.62
1175.58
1175.54
1175.5
1175.46
1175.42
1175.38
1175.34
1175.29
1175.25
1175.21
1175.17
1175.13
1175.09
1175.05
1175.01
1174.97
1174.93
1174.89
1174.85
1174.81
1174.78
1174.75
