iteracion: 807
--- next_x
1972.53
1972.78
1973.03
1973.27
1973.52
1973.76
1974.01
1974.25
1974.49
1974.73
1974.97
1975.21
1975.45
1975.68
1975.92
1976.15
1976.38
1976.61
1976.84
1977.07
1977.3
1977.52
1977.75
1977.97
1978.19
1978.41
1978.63
1978.85
1979.07
1979.29
1979.5
1979.71
1979.93
1980.14
1980.35
1980.56
1980.76
1980.97
1981.17
1981.38
1981.58
1981.79
1981.99
1982.19
1982.39
1982.59
1982.79
1982.99
1983.19
1983.39
--- next_y
1176.94
1177.08
1177.22
1177.36
1177.5
1177.64
1177.78
1177.92
1178.06
1178.2
1178.34
1178.48
1178.62
1178.76
1178.9
1179.03
1179.17
1179.31
1179.45
1179.58
1179.72
1179.85
1179.99
1180.12
1180.26
1180.39
1180.53
1180.66
1180.8
1180.93
1181.06
1181.19
1181.32
1181.45
1181.59
1181.72
1181.85
1181.98
1182.11
1182.24
1182.37
1182.49
1182.62
1182.75
1182.88
1183.01
1183.13
1183.26
1183.39
1183.52
iteracion: 807
--- next_x
1972.53
1972.78
1973.03
1973.27
1973.52
1973.76
1974.01
1974.25
1974.49
1974.73
1974.97
1975.21
1975.45
1975.68
1975.92
1976.15
1976.38
1976.61
1976.84
1977.07
1977.3
1977.52
1977.75
1977.97
1978.19
1978.41
1978.63
1978.85
1979.07
1979.29
1979.5
1979.71
1979.93
1980.14
1980.35
1980.56
1980.76
1980.97
1981.17
1981.38
1981.58
1981.79
1981.99
1982.19
1982.39
1982.59
1982.79
1982.99
1983.2
1983.4
--- next_y
1176.94
1177.08
1177.22
1177.36
1177.5
1177.64
1177.78
1177.92
1178.06
1178.2
1178.34
1178.48
1178.62
1178.76
1178.9
1179.03
1179.17
1179.31
1179.45
1179.58
1179.72
1179.85
1179.99
1180.12
1180.26
1180.39
1180.53
1180.66
1180.8
1180.93
1181.06
1181.19
1181.32
1181.45
1181.59
1181.72
1181.85
1181.98
1182.11
1182.24
1182.37
1182.49
1182.62
1182.75
1182.88
1183.01
1183.13
1183.26
1183.39
1183.51
iteracion: 807
--- next_x
1972.53
1972.78
1973.03
1973.27
1973.52
1973.76
1974.01
1974.25
1974.49
1974.73
1974.97
1975.21
1975.45
1975.68
1975.92
1976.15
1976.38
1976.61
1976.84
1977.07
1977.3
1977.52
1977.75
1977.97
1978.19
1978.41
1978.63
1978.85
1979.07
1979.29
1979.5
1979.71
1979.93
1980.14
1980.35
1980.56
1980.76
1980.97
1981.17
1981.38
1981.58
1981.79
1981.99
1982.19
1982.39
1982.58
1982.78
1982.98
1983.17
1983.37
--- next_y
1176.94
1177.08
1177.22
1177.36
1177.5
1177.64
1177.78
1177.92
1178.06
1178.2
1178.34
1178.48
1178.62
1178.76
1178.9
1179.03
1179.17
1179.31
1179.45
1179.58
1179.72
1179.85
1179.99
1180.12
1180.26
1180.39
1180.53
1180.66
1180.8
1180.93
1181.06
1181.19
1181.32
1181.45
1181.59
1181.72
1181.85
1181.98
1182.11
1182.24
1182.37
1182.49
1182.62
1182.75
1182.88
1183
1183.13
1183.26
1183.39
1183.52
