iteracion: 1458
--- next_x
2191.04
2191.08
2191.12
2191.16
2191.21
2191.25
2191.29
2191.34
2191.38
2191.42
2191.47
2191.51
2191.55
2191.59
2191.64
2191.68
2191.72
2191.77
2191.81
2191.86
2191.9
2191.94
2191.99
2192.03
2192.08
2192.12
2192.16
2192.21
2192.25
2192.3
2192.34
2192.38
2192.43
2192.47
2192.52
2192.56
2192.6
2192.65
2192.69
2192.73
2192.78
2192.82
2192.86
2192.91
2192.95
2192.99
2193.03
2193.08
2193.12
2193.16
--- next_y
1922.62
1922.89
1923.15
1923.41
1923.68
1923.94
1924.2
1924.46
1924.73
1924.99
1925.25
1925.5
1925.76
1926.02
1926.28
1926.53
1926.79
1927.04
1927.3
1927.55
1927.8
1928.06
1928.31
1928.56
1928.81
1929.06
1929.31
1929.56
1929.81
1930.06
1930.31
1930.55
1930.8
1931.05
1931.29
1931.54
1931.78
1932.03
1932.27
1932.51
1932.75
1932.99
1933.23
1933.47
1933.72
1933.96
1934.2
1934.44
1934.68
1934.92
iteracion: 1458
--- next_x
2191.04
2191.08
2191.12
2191.16
2191.21
2191.25
2191.29
2191.34
2191.38
2191.42
2191.47
2191.51
2191.55
2191.59
2191.64
2191.68
2191.72
2191.77
2191.81
2191.86
2191.9
2191.94
2191.99
2192.03
2192.08
2192.12
2192.16
2192.21
2192.25
2192.3
2192.34
2192.38
2192.43
2192.47
2192.52
2192.56
2192.6
2192.65
2192.69
2192.73
2192.78
2192.82
2192.86
2192.91
2192.95
2192.99
2193.03
2193.08
2193.12
2193.17
--- next_y
1922.62
1922.89
1923.15
1923.41
1923.68
1923.94
1924.2
1924.46
1924.73
1924.99
1925.25
1925.5
1925.76
1926.02
1926.28
1926.53
1926.79
1927.04
1927.3
1927.55
1927.8
1928.06
1928.31
1928.56
1928.81
1929.06
1929.31
1929.56
1929.81
1930.06
1930.31
1930.55
1930.8
1931.05
1931.29
1931.54
1931.78
1932.03
1932.27
1932.51
1932.75
1932.99
1933.23
1933.47
1933.72
1933.96
1934.19
1934.43
1934.67
1934.91
iteracion: 1458
--- next_x
2191.04
2191.08
2191.12
2191.16
2191.21
2191.25
2191.29
2191.34
2191.38
2191.42
2191.47
2191.51
2191.55
2191.59
2191.64
2191.68
2191.72
2191.77
2191.81
2191.86
2191.9
2191.94
2191.99
2192.03
2192.08
2192.12
2192.16
2192.21
2192.25
2192.3
2192.34
2192.38
2192.43
2192.47
2192.52
2192.56
2192.6
2192.65
2192.69
2192.73
2192.78
2192.82
2192.86
2192.91
2192.95
2192.99
2193.03
2193.07
2193.12
2193.16
--- next_y
1922.62
1922.89
1923.15
1923.41
1923.68
1923.94
1924.2
1924.46
1924.73
1924.99
1925.25
1925.5
1925.76
1926.02
1926.28
1926.53
1926.79
1927.04
1927.3
1927.55
1927.8
1928.06
1928.31
1928.56
1928.81
1929.06
1929.31
1929.56
1929.81
1930.06
1930.31
1930.55
1930.8
1931.05
1931.29
1931.54
1931.78
1932.03
1932.27
1932.51
1932.75
1932.99
1933.23
1933.47
1933.72
1933.96
1934.2
1934.43
1934.67
1934.91
