iteracion: 1157
--- next_x
2126.54
2126.61
2126.68
2126.75
2126.82
2126.89
2126.97
2127.04
2127.11
2127.18
2127.25
2127.32
2127.39
2127.46
2127.53
2127.6
2127.67
2127.74
2127.81
2127.88
2127.95
2128.02
2128.09
2128.16
2128.23
2128.29
2128.36
2128.43
2128.5
2128.57
2128.64
2128.71
2128.78
2128.85
2128.91
2128.98
2129.05
2129.12
2129.19
2129.25
2129.32
2129.39
2129.46
2129.52
2129.59
2129.66
2129.72
2129.79
2129.86
2129.92
--- next_y
1551.01
1551.39
1551.76
1552.13
1552.51
1552.88
1553.25
1553.62
1553.99
1554.36
1554.73
1555.1
1555.46
1555.83
1556.2
1556.57
1556.93
1557.3
1557.66
1558.03
1558.39
1558.75
1559.12
1559.48
1559.84
1560.2
1560.56
1560.92
1561.28
1561.64
1562
1562.36
1562.71
1563.07
1563.43
1563.78
1564.14
1564.49
1564.85
1565.2
1565.55
1565.91
1566.26
1566.61
1566.96
1567.31
1567.66
1568.01
1568.36
1568.71
iteracion: 1157
--- next_x
2126.54
2126.61
2126.68
2126.75
2126.82
2126.89
2126.97
2127.04
2127.11
2127.18
2127.25
2127.32
2127.39
2127.46
2127.53
2127.6
2127.67
2127.74
2127.81
2127.88
2127.95
2128.02
2128.09
2128.16
2128.23
2128.29
2128.36
2128.43
2128.5
2128.57
2128.64
2128.71
2128.78
2128.85
2128.91
2128.98
2129.05
2129.12
2129.19
2129.25
2129.32
2129.39
2129.46
2129.52
2129.59
2129.66
2129.72
2129.8
2129.87
2129.94
--- next_y
1551.01
1551.39
1551.76
1552.13
1552.51
1552.88
1553.25
1553.62
1553.99
1554.36
1554.73
1555.1
1555.46
1555.83
1556.2
1556.57
1556.93
1557.3
1557.66
1558.03
1558.39
1558.75
1559.12
1559.48
1559.84
1560.2
1560.56
1560.92
1561.28
1561.64
1562
1562.36
1562.71
1563.07
1563.43
1563.78
1564.14
1564.49
1564.85
1565.2
1565.55
1565.91
1566.26
1566.61
1566.96
1567.31
1567.66
1568
1568.35
1568.7
iteracion: 1157
--- next_x
2126.54
2126.61
2126.68
2126.75
2126.82
2126.89
2126.97
2127.04
2127.11
2127.18
2127.25
2127.32
2127.39
2127.46
2127.53
2127.6
2127.67
2127.74
2127.81
2127.88
2127.95
2128.02
2128.09
2128.16
2128.23
2128.29
2128.36
2128.43
2128.5
2128.57
2128.64
2128.71
2128.78
2128.85
2128.91
2128.98
2129.05
2129.12
2129.19
2129.25
2129.32
2129.39
2129.46
2129.52
2129.59
2129.66
2129.72
2129.78
2129.84
2129.9
--- next_y
1551.01
1551.39
1551.76
1552.13
1552.51
1552.88
1553.25
1553.62
1553.99
1554.36
1554.73
1555.1
1555.46
1555.83
1556.2
1556.57
1556.93
1557.3
1557.66
1558.03
1558.39
1558.75
1559.12
1559.48
1559.84
1560.2
1560.56
1560.92
1561.28
1561.64
1562
1562.36
1562.71
1563.07
1563.43
1563.78
1564.14
1564.49
1564.85
1565.2
1565.55
1565.91
1566.26
1566.61
1566.96
1567.31
1567.66
1568.01
1568.35
1568.7
