iteracion: 1273
--- next_x
2159.17
2159.25
2159.33
2159.4
2159.48
2159.55
2159.63
2159.71
2159.78
2159.86
2159.93
2160.01
2160.08
2160.15
2160.22
2160.3
2160.37
2160.44
2160.51
2160.58
2160.65
2160.72
2160.79
2160.86
2160.93
2161
2161.07
2161.14
2161.2
2161.27
2161.34
2161.4
2161.47
2161.53
2161.6
2161.66
2161.73
2161.79
2161.86
2161.92
2161.98
2162.05
2162.11
2162.17
2162.23
2162.3
2162.36
2162.42
2162.48
2162.54
--- next_y
1705.38
1705.7
1706.03
1706.35
1706.68
1707
1707.32
1707.65
1707.97
1708.29
1708.61
1708.93
1709.25
1709.57
1709.89
1710.21
1710.53
1710.85
1711.16
1711.48
1711.8
1712.11
1712.43
1712.74
1713.05
1713.37
1713.68
1713.99
1714.3
1714.61
1714.92
1715.23
1715.54
1715.85
1716.15
1716.46
1716.77
1717.07
1717.38
1717.68
1717.98
1718.29
1718.59
1718.89
1719.19
1719.49
1719.79
1720.1
1720.4
1720.7
iteracion: 1273
--- next_x
2159.17
2159.25
2159.33
2159.4
2159.48
2159.55
2159.63
2159.71
2159.78
2159.86
2159.93
2160.01
2160.08
2160.15
2160.22
2160.3
2160.37
2160.44
2160.51
2160.58
2160.65
2160.72
2160.79
2160.86
2160.93
2161
2161.07
2161.14
2161.2
2161.27
2161.34
2161.4
2161.47
2161.53
2161.6
2161.66
2161.73
2161.79
2161.86
2161.92
2161.98
2162.05
2162.11
2162.17
2162.23
2162.3
2162.36
2162.42
2162.49
2162.55
--- next_y
1705.38
1705.7
1706.03
1706.35
1706.68
1707
1707.32
1707.65
1707.97
1708.29
1708.61
1708.93
1709.25
1709.57
1709.89
1710.21
1710.53
1710.85
1711.16
1711.48
1711.8
1712.11
1712.43
1712.74
1713.05
1713.37
1713.68
1713.99
1714.3
1714.61
1714.92
1715.23
1715.54
1715.85
1716.15
1716.46
1716.77
1717.07
1717.38
1717.68
1717.98
1718.29
1718.59
1718.89
1719.19
1719.49
1719.79
1720.09
1720.39
1720.69
iteracion: 1273
--- next_x
2159.17
2159.25
2159.33
2159.4
2159.48
2159.55
2159.63
2159.71
2159.78
2159.86
2159.93
2160.01
2160.08
2160.15
2160.22
2160.3
2160.37
2160.44
2160.51
2160.58
2160.65
2160.72
2160.79
2160.86
2160.93
2161
2161.07
2161.14
2161.2
2161.27
2161.34
2161.4
2161.47
2161.53
2161.6
2161.66
2161.73
2161.79
2161.86
2161.92
2161.98
2162.05
2162.11
2162.17
2162.23
2162.3
2162.36
2162.42
2162.48
2162.53
--- next_y
1705.38
1705.7
1706.03
1706.35
1706.68
1707
1707.32
1707.65
1707.97
1708.29
1708.61
1708.93
1709.25
1709.57
1709.89
1710.21
1710.53
1710.85
1711.16
1711.48
1711.8
1712.11
1712.43
1712.74
1713.05
1713.37
1713.68
1713.99
1714.3
1714.61
1714.92
1715.23
1715.54
1715.85
1716.15
1716.46
1716.77
1717.07
1717.38
1717.68
1717.98
1718.29
1718.59
1718.89
1719.19
1719.49
1719.79
1720.09
1720.39
1720.69
