iteracion: 281
--- next_x
1278.21
1278.66
1279.1
1279.55
1279.99
1280.43
1280.87
1281.32
1281.76
1282.2
1282.65
1283.09
1283.53
1283.98
1284.42
1284.86
1285.31
1285.74
1286.18
1286.62
1287.06
1287.49
1287.93
1288.36
1288.79
1289.22
1289.65
1290.08
1290.51
1290.93
1291.35
1291.78
1292.2
1292.62
1293.04
1293.45
1293.87
1294.29
1294.7
1295.11
1295.53
1295.94
1296.34
1296.75
1297.16
1297.57
1297.98
1298.39
1298.79
1299.2
--- next_y
1187.45
1187.44
1187.42
1187.41
1187.39
1187.38
1187.36
1187.35
1187.33
1187.31
1187.3
1187.28
1187.27
1187.25
1187.23
1187.22
1187.2
1187.18
1187.16
1187.15
1187.13
1187.11
1187.09
1187.07
1187.05
1187.04
1187.02
1186.99
1186.97
1186.95
1186.93
1186.91
1186.89
1186.86
1186.84
1186.82
1186.79
1186.77
1186.74
1186.71
1186.69
1186.66
1186.63
1186.61
1186.58
1186.55
1186.52
1186.49
1186.47
1186.44
iteracion: 281
--- next_x
1278.21
1278.66
1279.1
1279.55
1279.99
1280.43
1280.87
1281.32
1281.76
1282.2
1282.65
1283.09
1283.53
1283.98
1284.42
1284.86
1285.31
1285.74
1286.18
1286.62
1287.06
1287.49
1287.93
1288.36
1288.79
1289.22
1289.65
1290.08
1290.51
1290.93
1291.35
1291.78
1292.2
1292.62
1293.04
1293.45
1293.87
1294.29
1294.7
1295.11
1295.53
1295.94
1296.34
1296.75
1297.16
1297.57
1297.97
1298.37
1298.77
1299.17
--- next_y
1187.45
1187.44
1187.42
1187.41
1187.39
1187.38
1187.36
1187.35
1187.33
1187.31
1187.3
1187.28
1187.27
1187.25
1187.23
1187.22
1187.2
1187.18
1187.16
1187.15
1187.13
1187.11
1187.09
1187.07
1187.05
1187.04
1187.02
1186.99
1186.97
1186.95
1186.93
1186.91
1186.89
1186.86
1186.84
1186.82
1186.79
1186.77
1186.74
1186.71
1186.69
1186.66
1186.63
1186.61
1186.58
1186.55
1186.52
1186.48
1186.44
1186.4
iteracion: 281
--- next_x
1278.21
1278.66
1279.1
1279.55
1279.99
1280.43
1280.87
1281.32
1281.76
1282.2
1282.65
1283.09
1283.53
1283.98
1284.42
1284.86
1285.31
1285.74
1286.18
1286.62
1287.06
1287.49
1287.93
1288.36
1288.79
1289.22
1289.65
1290.08
1290.51
1290.93
1291.35
1291.78
1292.2
1292.62
1293.04
1293.45
1293.87
1294.29
1294.7
1295.11
1295.53
1295.94
1296.34
1296.75
1297.16
1297.57
1297.97
1298.38
1298.79
1299.19
--- next_y
1187.45
1187.44
1187.42
1187.41
1187.39
1187.38
1187.36
1187.35
1187.33
1187.31
1187.3
1187.28
1187.27
1187.25
1187.23
1187.22
1187.2
1187.18
1187.16
1187.15
1187.13
1187.11
1187.09
1187.07
1187.05
1187.04
1187.02
1186.99
1186.97
1186.95
1186.93
1186.91
1186.89
1186.86
1186.84
1186.82
1186.79
1186.77
1186.74
1186.71
1186.69
1186.66
1186.63
1186.61
1186.58
1186.55
1186.53
1186.51
1186.49
1186.47
