iteracion: 2039
--- next_x
2337.92
2337.92
2337.92
2337.92
2337.92
2337.92
2337.92
2337.92
2337.92
2337.93
2337.93
2337.93
2337.93
2337.93
2337.93
2337.93
2337.93
2337.93
2337.93
2337.93
2337.94
2337.94
2337.94
2337.94
2337.94
2337.94
2337.94
2337.94
2337.94
2337.95
2337.95
2337.95
2337.95
2337.95
2337.95
2337.95
2337.96
2337.96
2337.96
2337.97
2337.97
2337.97
2337.98
2337.98
2337.99
2337.99
2337.99
2338
2338
2338.01
--- next_y
2623.01
2623.38
2623.76
2624.13
2624.51
2624.89
2625.26
2625.64
2626.02
2626.41
2626.79
2627.17
2627.56
2627.95
2628.33
2628.72
2629.11
2629.51
2629.9
2630.3
2630.7
2631.1
2631.5
2631.9
2632.3
2632.71
2633.11
2633.52
2633.92
2634.34
2634.75
2635.16
2635.57
2635.98
2636.4
2636.81
2637.23
2637.64
2638.06
2638.47
2638.88
2639.3
2639.71
2640.12
2640.53
2640.94
2641.35
2641.76
2642.17
2642.59
iteracion: 2039
--- next_x
2337.92
2337.92
2337.92
2337.92
2337.92
2337.92
2337.92
2337.92
2337.92
2337.93
2337.93
2337.93
2337.93
2337.93
2337.93
2337.93
2337.93
2337.93
2337.93
2337.93
2337.94
2337.94
2337.94
2337.94
2337.94
2337.94
2337.94
2337.94
2337.94
2337.95
2337.95
2337.95
2337.95
2337.95
2337.95
2337.95
2337.96
2337.96
2337.96
2337.97
2337.97
2337.97
2337.98
2337.98
2337.99
2337.99
2338
2338.01
2338.02
2338.04
--- next_y
2623.01
2623.38
2623.76
2624.13
2624.51
2624.89
2625.26
2625.64
2626.02
2626.41
2626.79
2627.17
2627.56
2627.95
2628.33
2628.72
2629.11
2629.51
2629.9
2630.3
2630.7
2631.1
2631.5
2631.9
2632.3
2632.71
2633.11
2633.52
2633.92
2634.34
2634.75
2635.16
2635.57
2635.98
2636.4
2636.81
2637.23
2637.64
2638.06
2638.47
2638.88
2639.3
2639.71
2640.12
2640.53
2640.94
2641.35
2641.75
2642.16
2642.57
iteracion: 2039
--- next_x
2337.92
2337.92
2337.92
2337.92
2337.92
2337.92
2337.92
2337.92
2337.92
2337.93
2337.93
2337.93
2337.93
2337.93
2337.93
2337.93
2337.93
2337.93
2337.93
2337.93
2337.94
2337.94
2337.94
2337.94
2337.94
2337.94
2337.94
2337.94
2337.94
2337.95
2337.95
2337.95
2337.95
2337.95
2337.95
2337.95
2337.96
2337.96
2337.96
2337.97
2337.97
2337.97
2337.98
2337.98
2337.99
2337.99
2337.99
2337.99
2337.98
2337.97
--- next_y
2623.01
2623.38
2623.76
2624.13
2624.51
2624.89
2625.26
2625.64
2626.02
2626.41
2626.79
2627.17
2627.56
2627.95
2628.33
2628.72
2629.11
2629.51
2629.9
2630.3
2630.7
2631.1
2631.5
2631.9
2632.3
2632.71
2633.11
2633.52
2633.92
2634.34
2634.75
2635.16
2635.57
2635.98
2636.4
2636.81
2637.23
2637.64
2638.06
2638.47
2638.88
2639.3
2639.71
2640.12
2640.53
2640.94
2641.35
2641.76
2642.16
2642.57
