iteracion: 713
--- next_x
1843.97
1844.29
1844.6
1844.91
1845.23
1845.54
1845.85
1846.17
1846.48
1846.79
1847.1
1847.41
1847.71
1848.02
1848.33
1848.64
1848.94
1849.25
1849.55
1849.86
1850.16
1850.46
1850.77
1851.07
1851.37
1851.67
1851.97
1852.27
1852.57
1852.86
1853.16
1853.46
1853.75
1854.05
1854.34
1854.64
1854.93
1855.22
1855.51
1855.81
1856.1
1856.39
1856.67
1856.96
1857.25
1857.54
1857.83
1858.12
1858.41
1858.7
--- next_y
1142.14
1142.17
1142.2
1142.23
1142.27
1142.3
1142.33
1142.37
1142.4
1142.43
1142.46
1142.5
1142.53
1142.56
1142.6
1142.63
1142.66
1142.7
1142.73
1142.76
1142.8
1142.83
1142.86
1142.89
1142.93
1142.96
1142.99
1143.03
1143.06
1143.09
1143.13
1143.16
1143.19
1143.23
1143.27
1143.3
1143.34
1143.37
1143.4
1143.44
1143.48
1143.51
1143.55
1143.59
1143.62
1143.66
1143.69
1143.73
1143.77
1143.8
iteracion: 713
--- next_x
1843.97
1844.29
1844.6
1844.91
1845.23
1845.54
1845.85
1846.17
1846.48
1846.79
1847.1
1847.41
1847.71
1848.02
1848.33
1848.64
1848.94
1849.25
1849.55
1849.86
1850.16
1850.46
1850.77
1851.07
1851.37
1851.67
1851.97
1852.27
1852.57
1852.86
1853.16
1853.46
1853.75
1854.05
1854.34
1854.64
1854.93
1855.22
1855.51
1855.81
1856.1
1856.39
1856.67
1856.96
1857.25
1857.54
1857.83
1858.12
1858.41
1858.7
--- next_y
1142.14
1142.17
1142.2
1142.23
1142.27
1142.3
1142.33
1142.37
1142.4
1142.43
1142.46
1142.5
1142.53
1142.56
1142.6
1142.63
1142.66
1142.7
1142.73
1142.76
1142.8
1142.83
1142.86
1142.89
1142.93
1142.96
1142.99
1143.03
1143.06
1143.09
1143.13
1143.16
1143.19
1143.23
1143.27
1143.3
1143.34
1143.37
1143.4
1143.44
1143.48
1143.51
1143.55
1143.59
1143.62
1143.66
1143.69
1143.72
1143.76
1143.79
iteracion: 713
--- next_x
1843.97
1844.29
1844.6
1844.91
1845.23
1845.54
1845.85
1846.17
1846.48
1846.79
1847.1
1847.41
1847.71
1848.02
1848.33
1848.64
1848.94
1849.25
1849.55
1849.86
1850.16
1850.46
1850.77
1851.07
1851.37
1851.67
1851.97
1852.27
1852.57
1852.86
1853.16
1853.46
1853.75
1854.05
1854.34
1854.64
1854.93
1855.22
1855.51
1855.81
1856.1
1856.39
1856.67
1856.96
1857.25
1857.54
1857.82
1858.11
1858.39
1858.68
--- next_y
1142.14
1142.17
1142.2
1142.23
1142.27
1142.3
1142.33
1142.37
1142.4
1142.43
1142.46
1142.5
1142.53
1142.56
1142.6
1142.63
1142.66
1142.7
1142.73
1142.76
1142.8
1142.83
1142.86
1142.89
1142.93
1142.96
1142.99
1143.03
1143.06
1143.09
1143.13
1143.16
1143.19
1143.23
1143.27
1143.3
1143.34
1143.37
1143.4
1143.44
1143.48
1143.51
1143.55
1143.59
1143.62
1143.66
1143.7
1143.74
1143.78
1143.82
