iteracion: 1759
--- next_x
2271.35
2271.43
2271.5
2271.57
2271.64
2271.72
2271.79
2271.87
2271.95
2272.02
2272.1
2272.18
2272.26
2272.34
2272.42
2272.5
2272.58
2272.67
2272.75
2272.83
2272.92
2273
2273.09
2273.18
2273.26
2273.35
2273.44
2273.53
2273.62
2273.72
2273.81
2273.9
2274
2274.09
2274.19
2274.29
2274.39
2274.48
2274.58
2274.68
2274.78
2274.88
2274.98
2275.08
2275.18
2275.28
2275.39
2275.49
2275.59
2275.7
--- next_y
2289
2289.35
2289.71
2290.07
2290.42
2290.78
2291.15
2291.51
2291.87
2292.24
2292.6
2292.97
2293.34
2293.71
2294.08
2294.45
2294.82
2295.19
2295.55
2295.92
2296.29
2296.66
2297.03
2297.41
2297.78
2298.15
2298.53
2298.91
2299.28
2299.66
2300.04
2300.42
2300.8
2301.18
2301.56
2301.93
2302.31
2302.68
2303.06
2303.43
2303.8
2304.17
2304.55
2304.91
2305.28
2305.65
2306.02
2306.39
2306.76
2307.13
iteracion: 1759
--- next_x
2271.35
2271.43
2271.5
2271.57
2271.64
2271.72
2271.79
2271.87
2271.95
2272.02
2272.1
2272.18
2272.26
2272.34
2272.42
2272.5
2272.58
2272.67
2272.75
2272.83
2272.92
2273
2273.09
2273.18
2273.26
2273.35
2273.44
2273.53
2273.62
2273.72
2273.81
2273.9
2274
2274.09
2274.19
2274.29
2274.39
2274.48
2274.58
2274.68
2274.78
2274.88
2274.98
2275.08
2275.18
2275.28
2275.39
2275.49
2275.6
2275.72
--- next_y
2289
2289.35
2289.71
2290.07
2290.42
2290.78
2291.15
2291.51
2291.87
2292.24
2292.6
2292.97
2293.34
2293.71
2294.08
2294.45
2294.82
2295.19
2295.55
2295.92
2296.29
2296.66
2297.03
2297.41
2297.78
2298.15
2298.53
2298.91
2299.28
2299.66
2300.04
2300.42
2300.8
2301.18
2301.56
2301.93
2302.31
2302.68
2303.06
2303.43
2303.8
2304.17
2304.55
2304.91
2305.28
2305.65
2306.01
2306.38
2306.74
2307.09
iteracion: 1759
--- next_x
2271.35
2271.43
2271.5
2271.57
2271.64
2271.72
2271.79
2271.87
2271.95
2272.02
2272.1
2272.18
2272.26
2272.34
2272.42
2272.5
2272.58
2272.67
2272.75
2272.83
2272.92
2273
2273.09
2273.18
2273.26
2273.35
2273.44
2273.53
2273.62
2273.72
2273.81
2273.9
2274
2274.09
2274.19
2274.29
2274.39
2274.48
2274.58
2274.68
2274.78
2274.88
2274.98
2275.08
2275.18
2275.28
2275.38
2275.48
2275.57
2275.67
--- next_y
2289
2289.35
2289.71
2290.07
2290.42
2290.78
2291.15
2291.51
2291.87
2292.24
2292.6
2292.97
2293.34
2293.71
2294.08
2294.45
2294.82
2295.19
2295.55
2295.92
2296.29
2296.66
2297.03
2297.41
2297.78
2298.15
2298.53
2298.91
2299.28
2299.66
2300.04
2300.42
2300.8
2301.18
2301.56
2301.93
2302.31
2302.68
2303.06
2303.43
2303.8
2304.17
2304.55
2304.91
2305.28
2305.65
2306.02
2306.39
2306.76
2307.13
