iteracion: 1231
--- next_x
2143.52
2143.61
2143.69
2143.78
2143.87
2143.95
2144.04
2144.13
2144.22
2144.3
2144.39
2144.48
2144.57
2144.66
2144.74
2144.84
2144.93
2145.01
2145.11
2145.2
2145.29
2145.38
2145.48
2145.57
2145.66
2145.76
2145.85
2145.95
2146.04
2146.13
2146.23
2146.32
2146.41
2146.51
2146.6
2146.7
2146.79
2146.89
2146.98
2147.08
2147.17
2147.27
2147.36
2147.46
2147.55
2147.64
2147.74
2147.83
2147.93
2148.02
--- next_y
1640.72
1641.11
1641.49
1641.87
1642.25
1642.63
1643.01
1643.4
1643.78
1644.17
1644.56
1644.95
1645.34
1645.73
1646.12
1646.52
1646.91
1647.3
1647.7
1648.1
1648.5
1648.9
1649.31
1649.71
1650.12
1650.52
1650.92
1651.32
1651.72
1652.12
1652.52
1652.92
1653.32
1653.72
1654.12
1654.51
1654.91
1655.3
1655.7
1656.09
1656.49
1656.88
1657.28
1657.67
1658.06
1658.45
1658.84
1659.23
1659.63
1660.02
iteracion: 1231
--- next_x
2143.52
2143.61
2143.69
2143.78
2143.87
2143.95
2144.04
2144.13
2144.22
2144.3
2144.39
2144.48
2144.57
2144.66
2144.74
2144.84
2144.93
2145.01
2145.11
2145.2
2145.29
2145.38
2145.48
2145.57
2145.66
2145.76
2145.85
2145.95
2146.04
2146.13
2146.23
2146.32
2146.41
2146.51
2146.6
2146.7
2146.79
2146.89
2146.98
2147.08
2147.17
2147.27
2147.36
2147.46
2147.55
2147.64
2147.74
2147.83
2147.93
2148.04
--- next_y
1640.72
1641.11
1641.49
1641.87
1642.25
1642.63
1643.01
1643.4
1643.78
1644.17
1644.56
1644.95
1645.34
1645.73
1646.12
1646.52
1646.91
1647.3
1647.7
1648.1
1648.5
1648.9
1649.31
1649.71
1650.12
1650.52
1650.92
1651.32
1651.72
1652.12
1652.52
1652.92
1653.32
1653.72
1654.12
1654.51
1654.91
1655.3
1655.7
1656.09
1656.49
1656.88
1657.28
1657.67
1658.06
1658.45
1658.84
1659.23
1659.62
1660
iteracion: 1231
--- next_x
2143.52
2143.61
2143.69
2143.78
2143.87
2143.95
2144.04
2144.13
2144.22
2144.3
2144.39
2144.48
2144.57
2144.66
2144.74
2144.84
2144.93
2145.01
2145.11
2145.2
2145.29
2145.38
2145.48
2145.57
2145.66
2145.76
2145.85
2145.95
2146.04
2146.13
2146.23
2146.32
2146.41
2146.51
2146.6
2146.7
2146.79
2146.89
2146.98
2147.08
2147.17
2147.27
2147.36
2147.46
2147.55
2147.64
2147.74
2147.83
2147.92
2148
--- next_y
1640.72
1641.11
1641.49
1641.87
1642.25
1642.63
1643.01
1643.4
1643.78
1644.17
1644.56
1644.95
1645.34
1645.73
1646.12
1646.52
1646.91
1647.3
1647.7
1648.1
1648.5
1648.9
1649.31
1649.71
1650.12
1650.52
1650.92
1651.32
1651.72
1652.12
1652.52
1652.92
1653.32
1653.72
1654.12
1654.51
1654.91
1655.3
1655.7
1656.09
1656.49
1656.88
1657.28
1657.67
1658.06
1658.45
1658.84
1659.23
1659.62
1660.01
