iteracion: 1335
--- next_x
2226.76
2226.86
2226.96
2227.06
2227.16
2227.26
2227.36
2227.46
2227.55
2227.65
2227.75
2227.85
2227.95
2228.05
2228.14
2228.24
2228.34
2228.43
2228.53
2228.62
2228.72
2228.82
2228.91
2229.01
2229.1
2229.2
2229.29
2229.39
2229.48
2229.57
2229.66
2229.76
2229.85
2229.94
2230.03
2230.12
2230.21
2230.3
2230.4
2230.49
2230.58
2230.67
2230.76
2230.85
2230.94
2231.03
2231.12
2231.21
2231.31
2231.4
--- next_y
2092.63
2092.96
2093.28
2093.61
2093.94
2094.26
2094.59
2094.92
2095.24
2095.56
2095.88
2096.2
2096.53
2096.84
2097.16
2097.48
2097.79
2098.11
2098.42
2098.74
2099.05
2099.36
2099.67
2099.97
2100.28
2100.59
2100.9
2101.2
2101.51
2101.81
2102.11
2102.42
2102.72
2103.02
2103.32
2103.62
2103.92
2104.22
2104.51
2104.81
2105.1
2105.39
2105.69
2105.98
2106.28
2106.57
2106.86
2107.15
2107.45
2107.74
iteracion: 1335
--- next_x
2226.76
2226.86
2226.96
2227.06
2227.16
2227.26
2227.36
2227.46
2227.55
2227.65
2227.75
2227.85
2227.95
2228.05
2228.14
2228.24
2228.34
2228.43
2228.53
2228.62
2228.72
2228.82
2228.91
2229.01
2229.1
2229.2
2229.29
2229.39
2229.48
2229.57
2229.66
2229.76
2229.85
2229.94
2230.03
2230.12
2230.21
2230.3
2230.4
2230.49
2230.58
2230.67
2230.76
2230.85
2230.94
2231.03
2231.13
2231.22
2231.32
2231.41
--- next_y
2092.63
2092.96
2093.28
2093.61
2093.94
2094.26
2094.59
2094.92
2095.24
2095.56
2095.88
2096.2
2096.53
2096.84
2097.16
2097.48
2097.79
2098.11
2098.42
2098.74
2099.05
2099.36
2099.67
2099.97
2100.28
2100.59
2100.9
2101.2
2101.51
2101.81
2102.11
2102.42
2102.72
2103.02
2103.32
2103.62
2103.92
2104.22
2104.51
2104.81
2105.1
2105.39
2105.69
2105.98
2106.28
2106.57
2106.86
2107.15
2107.43
2107.72
iteracion: 1335
--- next_x
2226.76
2226.86
2226.96
2227.06
2227.16
2227.26
2227.36
2227.46
2227.55
2227.65
2227.75
2227.85
2227.95
2228.05
2228.14
2228.24
2228.34
2228.43
2228.53
2228.62
2228.72
2228.82
2228.91
2229.01
2229.1
2229.2
2229.29
2229.39
2229.48
2229.57
2229.66
2229.76
2229.85
2229.94
2230.03
2230.12
2230.21
2230.3
2230.4
2230.49
2230.58
2230.67
2230.76
2230.85
2230.94
2231.03
2231.12
2231.2
2231.29
2231.37
--- next_y
2092.63
2092.96
2093.28
2093.61
2093.94
2094.26
2094.59
2094.92
2095.24
2095.56
2095.88
2096.2
2096.53
2096.84
2097.16
2097.48
2097.79
2098.11
2098.42
2098.74
2099.05
2099.36
2099.67
2099.97
2100.28
2100.59
2100.9
2101.2
2101.51
2101.81
2102.11
2102.42
2102.72
2103.02
2103.32
2103.62
2103.92
2104.22
2104.51
2104.81
2105.1
2105.39
2105.69
2105.98
2106.28
2106.57
2106.86
2107.15
2107.44
2107.73
