iteracion: 293
--- next_x
1298.78
1299.18
1299.58
1299.98
1300.38
1300.78
1301.17
1301.56
1301.96
1302.35
1302.74
1303.13
1303.52
1303.9
1304.29
1304.67
1305.06
1305.44
1305.82
1306.2
1306.58
1306.96
1307.33
1307.71
1308.08
1308.45
1308.82
1309.19
1309.56
1309.93
1310.3
1310.66
1311.03
1311.39
1311.75
1312.11
1312.47
1312.83
1313.18
1313.53
1313.89
1314.24
1314.59
1314.94
1315.29
1315.64
1315.99
1316.34
1316.69
1317.03
--- next_y
1186.47
1186.44
1186.41
1186.38
1186.35
1186.32
1186.29
1186.26
1186.22
1186.19
1186.16
1186.13
1186.1
1186.06
1186.03
1186
1185.96
1185.93
1185.89
1185.86
1185.83
1185.79
1185.76
1185.72
1185.69
1185.66
1185.62
1185.59
1185.55
1185.52
1185.48
1185.44
1185.41
1185.37
1185.34
1185.3
1185.27
1185.23
1185.19
1185.15
1185.12
1185.08
1185.04
1185.01
1184.97
1184.93
1184.9
1184.86
1184.82
1184.79
iteracion: 293
--- next_x
1298.78
1299.18
1299.58
1299.98
1300.38
1300.78
1301.17
1301.56
1301.96
1302.35
1302.74
1303.13
1303.52
1303.9
1304.29
1304.67
1305.06
1305.44
1305.82
1306.2
1306.58
1306.96
1307.33
1307.71
1308.08
1308.45
1308.82
1309.19
1309.56
1309.93
1310.3
1310.66
1311.03
1311.39
1311.75
1312.11
1312.47
1312.83
1313.18
1313.53
1313.89
1314.24
1314.59
1314.94
1315.29
1315.64
1315.99
1316.33
1316.68
1317.02
--- next_y
1186.47
1186.44
1186.41
1186.38
1186.35
1186.32
1186.29
1186.26
1186.22
1186.19
1186.16
1186.13
1186.1
1186.06
1186.03
1186
1185.96
1185.93
1185.89
1185.86
1185.83
1185.79
1185.76
1185.72
1185.69
1185.66
1185.62
1185.59
1185.55
1185.52
1185.48
1185.44
1185.41
1185.37
1185.34
1185.3
1185.27
1185.23
1185.19
1185.15
1185.12
1185.08
1185.04
1185.01
1184.97
1184.93
1184.9
1184.86
1184.82
1184.77
iteracion: 293
--- next_x
1298.78
1299.18
1299.58
1299.98
1300.38
1300.78
1301.17
1301.56
1301.96
1302.35
1302.74
1303.13
1303.52
1303.9
1304.29
1304.67
1305.06
1305.44
1305.82
1306.2
1306.58
1306.96
1307.33
1307.71
1308.08
1308.45
1308.82
1309.19
1309.56
1309.93
1310.3
1310.66
1311.03
1311.39
1311.75
1312.11
1312.47
1312.83
1313.18
1313.53
1313.89
1314.24
1314.59
1314.94
1315.29
1315.64
1315.99
1316.33
1316.68
1317.02
--- next_y
1186.47
1186.44
1186.41
1186.38
1186.35
1186.32
1186.29
1186.26
1186.22
1186.19
1186.16
1186.13
1186.1
1186.06
1186.03
1186
1185.96
1185.93
1185.89
1185.86
1185.83
1185.79
1185.76
1185.72
1185.69
1185.66
1185.62
1185.59
1185.55
1185.52
1185.48
1185.44
1185.41
1185.37
1185.34
1185.3
1185.27
1185.23
1185.19
1185.15
1185.12
1185.08
1185.04
1185.01
1184.97
1184.93
1184.9
1184.86
1184.83
1184.8
