iteracion: 3990
--- next_x
234.152
234.341
234.529
234.717
234.904
235.092
235.279
235.465
235.652
235.839
236.025
236.21
236.396
236.581
236.765
236.95
237.134
237.318
237.502
237.685
237.868
238.051
238.233
238.416
238.598
238.78
238.961
239.143
239.324
239.505
239.686
239.866
240.046
240.226
240.406
240.586
240.764
240.943
241.122
241.301
241.479
241.657
241.835
242.012
242.19
242.368
242.546
242.723
242.901
243.079
--- next_y
1841.17
1840.78
1840.38
1839.98
1839.59
1839.2
1838.81
1838.41
1838.02
1837.63
1837.24
1836.85
1836.46
1836.07
1835.68
1835.29
1834.9
1834.52
1834.13
1833.74
1833.36
1832.98
1832.59
1832.21
1831.83
1831.44
1831.06
1830.68
1830.3
1829.92
1829.54
1829.16
1828.78
1828.4
1828.03
1827.65
1827.27
1826.9
1826.52
1826.14
1825.77
1825.39
1825.02
1824.65
1824.27
1823.9
1823.52
1823.15
1822.78
1822.4
iteracion: 3990
--- next_x
234.152
234.341
234.529
234.717
234.904
235.092
235.279
235.465
235.652
235.839
236.025
236.21
236.396
236.581
236.765
236.95
237.134
237.318
237.502
237.685
237.868
238.051
238.233
238.416
238.598
238.78
238.961
239.143
239.324
239.505
239.686
239.866
240.046
240.226
240.406
240.586
240.764
240.943
241.122
241.301
241.479
241.657
241.835
242.012
242.19
242.363
242.532
242.697
242.86
243.019
--- next_y
1841.17
1840.78
1840.38
1839.98
1839.59
1839.2
1838.81
1838.41
1838.02
1837.63
1837.24
1836.85
1836.46
1836.07
1835.68
1835.29
1834.9
1834.52
1834.13
1833.74
1833.36
1832.98
1832.59
1832.21
1831.83
1831.44
1831.06
1830.68
1830.3
1829.92
1829.54
1829.16
1828.78
1828.4
1828.03
1827.65
1827.27
1826.9
1826.52
1826.14
1825.77
1825.39
1825.02
1824.65
1824.27
1823.9
1823.53
1823.16
1822.78
1822.4
iteracion: 3990
--- next_x
234.152
234.341
234.529
234.717
234.904
235.092
235.279
235.465
235.652
235.839
236.025
236.21
236.396
236.581
236.765
236.95
237.134
237.318
237.502
237.685
237.868
238.051
238.233
238.416
238.598
238.78
238.961
239.143
239.324
239.505
239.686
239.866
240.046
240.226
240.406
240.586
240.764
240.943
241.122
241.301
241.479
241.657
241.835
242.012
242.19
242.369
242.551
242.737
242.926
243.119
--- next_y
1841.17
1840.78
1840.38
1839.98
1839.59
1839.2
1838.81
1838.41
1838.02
1837.63
1837.24
1836.85
1836.46
1836.07
1835.68
1835.29
1834.9
1834.52
1834.13
1833.74
1833.36
1832.98
1832.59
1832.21
1831.83
1831.44
1831.06
1830.68
1830.3
1829.92
1829.54
1829.16
1828.78
1828.4
1828.03
1827.65
1827.27
1826.9
1826.52
1826.14
1825.77
1825.39
1825.02
1824.65
1824.27
1823.9
1823.54
1823.17
1822.81
1822.44
