iteracion: 1102
--- next_x
2116.05
2116.09
2116.13
2116.16
2116.2
2116.24
2116.28
2116.32
2116.35
2116.39
2116.43
2116.47
2116.5
2116.54
2116.58
2116.62
2116.66
2116.69
2116.73
2116.77
2116.8
2116.84
2116.88
2116.91
2116.95
2116.99
2117.02
2117.06
2117.1
2117.13
2117.17
2117.2
2117.24
2117.28
2117.31
2117.35
2117.38
2117.42
2117.45
2117.49
2117.53
2117.56
2117.59
2117.63
2117.66
2117.7
2117.73
2117.77
2117.8
2117.84
--- next_y
1489.62
1489.87
1490.12
1490.37
1490.62
1490.87
1491.11
1491.36
1491.61
1491.85
1492.1
1492.34
1492.59
1492.83
1493.07
1493.31
1493.56
1493.8
1494.04
1494.28
1494.52
1494.76
1495
1495.24
1495.48
1495.71
1495.95
1496.19
1496.43
1496.66
1496.9
1497.14
1497.37
1497.61
1497.84
1498.07
1498.31
1498.54
1498.77
1499
1499.23
1499.46
1499.69
1499.92
1500.15
1500.38
1500.61
1500.83
1501.06
1501.29
iteracion: 1102
--- next_x
2116.05
2116.09
2116.13
2116.16
2116.2
2116.24
2116.28
2116.32
2116.35
2116.39
2116.43
2116.47
2116.5
2116.54
2116.58
2116.62
2116.66
2116.69
2116.73
2116.77
2116.8
2116.84
2116.88
2116.91
2116.95
2116.99
2117.02
2117.06
2117.1
2117.13
2117.17
2117.2
2117.24
2117.28
2117.31
2117.35
2117.38
2117.42
2117.45
2117.49
2117.53
2117.56
2117.59
2117.63
2117.66
2117.7
2117.73
2117.77
2117.81
2117.85
--- next_y
1489.62
1489.87
1490.12
1490.37
1490.62
1490.87
1491.11
1491.36
1491.61
1491.85
1492.1
1492.34
1492.59
1492.83
1493.07
1493.31
1493.56
1493.8
1494.04
1494.28
1494.52
1494.76
1495
1495.24
1495.48
1495.71
1495.95
1496.19
1496.43
1496.66
1496.9
1497.14
1497.37
1497.61
1497.84
1498.07
1498.31
1498.54
1498.77
1499
1499.23
1499.46
1499.69
1499.92
1500.15
1500.38
1500.6
1500.83
1501.06
1501.28
iteracion: 1102
--- next_x
2116.05
2116.09
2116.13
2116.16
2116.2
2116.24
2116.28
2116.32
2116.35
2116.39
2116.43
2116.47
2116.5
2116.54
2116.58
2116.62
2116.66
2116.69
2116.73
2116.77
2116.8
2116.84
2116.88
2116.91
2116.95
2116.99
2117.02
2117.06
2117.1
2117.13
2117.17
2117.2
2117.24
2117.28
2117.31
2117.35
2117.38
2117.42
2117.45
2117.49
2117.53
2117.56
2117.59
2117.63
2117.66
2117.7
2117.73
2117.77
2117.8
2117.83
--- next_y
1489.62
1489.87
1490.12
1490.37
1490.62
1490.87
1491.11
1491.36
1491.61
1491.85
1492.1
1492.34
1492.59
1492.83
1493.07
1493.31
1493.56
1493.8
1494.04
1494.28
1494.52
1494.76
1495
1495.24
1495.48
1495.71
1495.95
1496.19
1496.43
1496.66
1496.9
1497.14
1497.37
1497.61
1497.84
1498.07
1498.31
1498.54
1498.77
1499
1499.23
1499.46
1499.69
1499.92
1500.15
1500.38
1500.6
1500.83
1501.06
1501.29
