iteracion: 1134
--- next_x
2175.41
2175.47
2175.53
2175.59
2175.65
2175.71
2175.78
2175.84
2175.9
2175.96
2176.02
2176.09
2176.15
2176.21
2176.28
2176.34
2176.41
2176.47
2176.53
2176.6
2176.66
2176.73
2176.79
2176.86
2176.93
2176.99
2177.06
2177.12
2177.19
2177.26
2177.32
2177.39
2177.45
2177.52
2177.58
2177.65
2177.71
2177.78
2177.84
2177.91
2177.97
2178.04
2178.1
2178.16
2178.23
2178.29
2178.36
2178.42
2178.48
2178.55
--- next_y
1799.35
1799.76
1800.18
1800.6
1801.02
1801.44
1801.87
1802.29
1802.71
1803.14
1803.57
1804
1804.43
1804.86
1805.29
1805.72
1806.16
1806.59
1807.03
1807.47
1807.91
1808.35
1808.79
1809.22
1809.66
1810.1
1810.54
1810.98
1811.42
1811.86
1812.29
1812.72
1813.16
1813.59
1814.02
1814.45
1814.88
1815.31
1815.73
1816.16
1816.58
1817.01
1817.42
1817.85
1818.26
1818.68
1819.1
1819.52
1819.94
1820.36
iteracion: 1134
--- next_x
2175.41
2175.47
2175.53
2175.59
2175.65
2175.71
2175.78
2175.84
2175.9
2175.96
2176.02
2176.09
2176.15
2176.21
2176.28
2176.34
2176.41
2176.47
2176.53
2176.6
2176.66
2176.73
2176.79
2176.86
2176.93
2176.99
2177.06
2177.12
2177.19
2177.26
2177.32
2177.39
2177.45
2177.52
2177.58
2177.65
2177.71
2177.78
2177.84
2177.91
2177.97
2178.04
2178.1
2178.16
2178.23
2178.29
2178.36
2178.43
2178.5
2178.58
--- next_y
1799.35
1799.76
1800.18
1800.6
1801.02
1801.44
1801.87
1802.29
1802.71
1803.14
1803.57
1804
1804.43
1804.86
1805.29
1805.72
1806.16
1806.59
1807.03
1807.47
1807.91
1808.35
1808.79
1809.22
1809.66
1810.1
1810.54
1810.98
1811.42
1811.86
1812.29
1812.72
1813.16
1813.59
1814.02
1814.45
1814.88
1815.31
1815.73
1816.16
1816.58
1817.01
1817.42
1817.85
1818.26
1818.68
1819.1
1819.51
1819.93
1820.34
iteracion: 1134
--- next_x
2175.41
2175.47
2175.53
2175.59
2175.65
2175.71
2175.78
2175.84
2175.9
2175.96
2176.02
2176.09
2176.15
2176.21
2176.28
2176.34
2176.41
2176.47
2176.53
2176.6
2176.66
2176.73
2176.79
2176.86
2176.93
2176.99
2177.06
2177.12
2177.19
2177.26
2177.32
2177.39
2177.45
2177.52
2177.58
2177.65
2177.71
2177.78
2177.84
2177.91
2177.97
2178.04
2178.1
2178.16
2178.23
2178.29
2178.35
2178.41
2178.46
2178.5
--- next_y
1799.35
1799.76
1800.18
1800.6
1801.02
1801.44
1801.87
1802.29
1802.71
1803.14
1803.57
1804
1804.43
1804.86
1805.29
1805.72
1806.16
1806.59
1807.03
1807.47
1807.91
1808.35
1808.79
1809.22
1809.66
1810.1
1810.54
1810.98
1811.42
1811.86
1812.29
1812.72
1813.16
1813.59
1814.02
1814.45
1814.88
1815.31
1815.73
1816.16
1816.58
1817.01
1817.42
1817.85
1818.26
1818.68
1819.1
1819.51
1819.93
1820.34
