iteracion: 1312
--- next_x
2167.66
2167.7
2167.74
2167.78
2167.82
2167.86
2167.9
2167.94
2167.98
2168.02
2168.06
2168.09
2168.13
2168.17
2168.21
2168.25
2168.28
2168.32
2168.36
2168.39
2168.43
2168.47
2168.5
2168.54
2168.58
2168.61
2168.65
2168.69
2168.72
2168.76
2168.8
2168.83
2168.87
2168.91
2168.94
2168.98
2169.02
2169.05
2169.09
2169.12
2169.16
2169.2
2169.23
2169.27
2169.3
2169.34
2169.37
2169.41
2169.44
2169.48
--- next_y
1747.91
1748.15
1748.4
1748.64
1748.88
1749.12
1749.36
1749.59
1749.83
1750.07
1750.31
1750.54
1750.78
1751.02
1751.25
1751.48
1751.72
1751.95
1752.18
1752.41
1752.65
1752.88
1753.11
1753.33
1753.56
1753.79
1754.02
1754.25
1754.47
1754.7
1754.92
1755.15
1755.37
1755.59
1755.82
1756.04
1756.26
1756.48
1756.7
1756.92
1757.14
1757.36
1757.57
1757.79
1758.01
1758.22
1758.44
1758.65
1758.87
1759.09
iteracion: 1312
--- next_x
2167.66
2167.7
2167.74
2167.78
2167.82
2167.86
2167.9
2167.94
2167.98
2168.02
2168.06
2168.09
2168.13
2168.17
2168.21
2168.25
2168.28
2168.32
2168.36
2168.39
2168.43
2168.47
2168.5
2168.54
2168.58
2168.61
2168.65
2168.69
2168.72
2168.76
2168.8
2168.83
2168.87
2168.91
2168.94
2168.98
2169.02
2169.05
2169.09
2169.12
2169.16
2169.2
2169.23
2169.27
2169.3
2169.34
2169.37
2169.41
2169.44
2169.48
--- next_y
1747.91
1748.15
1748.4
1748.64
1748.88
1749.12
1749.36
1749.59
1749.83
1750.07
1750.31
1750.54
1750.78
1751.02
1751.25
1751.48
1751.72
1751.95
1752.18
1752.41
1752.65
1752.88
1753.11
1753.33
1753.56
1753.79
1754.02
1754.25
1754.47
1754.7
1754.92
1755.15
1755.37
1755.59
1755.82
1756.04
1756.26
1756.48
1756.7
1756.92
1757.14
1757.36
1757.57
1757.79
1758.01
1758.22
1758.44
1758.65
1758.87
1759.08
iteracion: 1312
--- next_x
2167.66
2167.7
2167.74
2167.78
2167.82
2167.86
2167.9
2167.94
2167.98
2168.02
2168.06
2168.09
2168.13
2168.17
2168.21
2168.25
2168.28
2168.32
2168.36
2168.39
2168.43
2168.47
2168.5
2168.54
2168.58
2168.61
2168.65
2168.69
2168.72
2168.76
2168.8
2168.83
2168.87
2168.91
2168.94
2168.98
2169.02
2169.05
2169.09
2169.12
2169.16
2169.2
2169.23
2169.27
2169.3
2169.34
2169.37
2169.41
2169.44
2169.47
--- next_y
1747.91
1748.15
1748.4
1748.64
1748.88
1749.12
1749.36
1749.59
1749.83
1750.07
1750.31
1750.54
1750.78
1751.02
1751.25
1751.48
1751.72
1751.95
1752.18
1752.41
1752.65
1752.88
1753.11
1753.33
1753.56
1753.79
1754.02
1754.25
1754.47
1754.7
1754.92
1755.15
1755.37
1755.59
1755.82
1756.04
1756.26
1756.48
1756.7
1756.92
1757.14
1757.36
1757.57
1757.79
1758.01
1758.22
1758.44
1758.65
1758.87
1759.08
