iteracion: 1595
--- next_x
2229.26
2229.35
2229.44
2229.53
2229.62
2229.71
2229.8
2229.89
2229.98
2230.07
2230.16
2230.25
2230.34
2230.43
2230.52
2230.61
2230.7
2230.79
2230.88
2230.96
2231.05
2231.14
2231.23
2231.32
2231.4
2231.49
2231.58
2231.67
2231.75
2231.84
2231.93
2232.02
2232.1
2232.19
2232.28
2232.36
2232.45
2232.53
2232.62
2232.7
2232.79
2232.87
2232.96
2233.04
2233.12
2233.21
2233.29
2233.38
2233.46
2233.54
--- next_y
2100.69
2100.99
2101.28
2101.58
2101.87
2102.16
2102.46
2102.75
2103.04
2103.34
2103.63
2103.92
2104.21
2104.5
2104.79
2105.08
2105.37
2105.65
2105.94
2106.23
2106.51
2106.8
2107.08
2107.37
2107.65
2107.93
2108.22
2108.5
2108.78
2109.06
2109.34
2109.62
2109.9
2110.18
2110.46
2110.73
2111.01
2111.29
2111.56
2111.84
2112.11
2112.39
2112.66
2112.94
2113.21
2113.48
2113.75
2114.02
2114.3
2114.57
iteracion: 1595
--- next_x
2229.26
2229.35
2229.44
2229.53
2229.62
2229.71
2229.8
2229.89
2229.98
2230.07
2230.16
2230.25
2230.34
2230.43
2230.52
2230.61
2230.7
2230.79
2230.88
2230.96
2231.05
2231.14
2231.23
2231.32
2231.4
2231.49
2231.58
2231.67
2231.75
2231.84
2231.93
2232.02
2232.1
2232.19
2232.28
2232.36
2232.45
2232.53
2232.62
2232.7
2232.79
2232.87
2232.96
2233.04
2233.12
2233.21
2233.29
2233.38
2233.46
2233.55
--- next_y
2100.69
2100.99
2101.28
2101.58
2101.87
2102.16
2102.46
2102.75
2103.04
2103.34
2103.63
2103.92
2104.21
2104.5
2104.79
2105.08
2105.37
2105.65
2105.94
2106.23
2106.51
2106.8
2107.08
2107.37
2107.65
2107.93
2108.22
2108.5
2108.78
2109.06
2109.34
2109.62
2109.9
2110.18
2110.46
2110.73
2111.01
2111.29
2111.56
2111.84
2112.11
2112.39
2112.66
2112.94
2113.21
2113.48
2113.75
2114.02
2114.29
2114.56
iteracion: 1595
--- next_x
2229.26
2229.35
2229.44
2229.53
2229.62
2229.71
2229.8
2229.89
2229.98
2230.07
2230.16
2230.25
2230.34
2230.43
2230.52
2230.61
2230.7
2230.79
2230.88
2230.96
2231.05
2231.14
2231.23
2231.32
2231.4
2231.49
2231.58
2231.67
2231.75
2231.84
2231.93
2232.02
2232.1
2232.19
2232.28
2232.36
2232.45
2232.53
2232.62
2232.7
2232.79
2232.87
2232.96
2233.04
2233.12
2233.21
2233.29
2233.37
2233.45
2233.53
--- next_y
2100.69
2100.99
2101.28
2101.58
2101.87
2102.16
2102.46
2102.75
2103.04
2103.34
2103.63
2103.92
2104.21
2104.5
2104.79
2105.08
2105.37
2105.65
2105.94
2106.23
2106.51
2106.8
2107.08
2107.37
2107.65
2107.93
2108.22
2108.5
2108.78
2109.06
2109.34
2109.62
2109.9
2110.18
2110.46
2110.73
2111.01
2111.29
2111.56
2111.84
2112.11
2112.39
2112.66
2112.94
2113.21
2113.48
2113.75
2114.02
2114.29
2114.56
