iteracion: 1390
--- next_x
2180.43
2180.49
2180.55
2180.6
2180.66
2180.72
2180.78
2180.84
2180.89
2180.95
2181.01
2181.06
2181.12
2181.17
2181.23
2181.28
2181.33
2181.39
2181.44
2181.49
2181.55
2181.6
2181.65
2181.7
2181.75
2181.8
2181.85
2181.9
2181.95
2182
2182.05
2182.1
2182.15
2182.2
2182.24
2182.29
2182.33
2182.38
2182.42
2182.47
2182.51
2182.55
2182.6
2182.64
2182.68
2182.73
2182.77
2182.81
2182.86
2182.9
--- next_y
1832.6
1833.02
1833.44
1833.86
1834.28
1834.7
1835.12
1835.54
1835.95
1836.37
1836.79
1837.2
1837.62
1838.03
1838.45
1838.86
1839.27
1839.69
1840.1
1840.51
1840.92
1841.33
1841.74
1842.15
1842.56
1842.96
1843.37
1843.78
1844.19
1844.59
1845
1845.4
1845.8
1846.21
1846.61
1847.01
1847.41
1847.81
1848.21
1848.61
1849.01
1849.41
1849.8
1850.2
1850.6
1850.99
1851.39
1851.79
1852.18
1852.58
iteracion: 1390
--- next_x
2180.43
2180.49
2180.55
2180.6
2180.66
2180.72
2180.78
2180.84
2180.89
2180.95
2181.01
2181.06
2181.12
2181.17
2181.23
2181.28
2181.33
2181.39
2181.44
2181.49
2181.55
2181.6
2181.65
2181.7
2181.75
2181.8
2181.85
2181.9
2181.95
2182
2182.05
2182.1
2182.15
2182.2
2182.24
2182.29
2182.33
2182.38
2182.42
2182.47
2182.51
2182.55
2182.6
2182.64
2182.68
2182.73
2182.77
2182.82
2182.86
2182.92
--- next_y
1832.6
1833.02
1833.44
1833.86
1834.28
1834.7
1835.12
1835.54
1835.95
1836.37
1836.79
1837.2
1837.62
1838.03
1838.45
1838.86
1839.27
1839.69
1840.1
1840.51
1840.92
1841.33
1841.74
1842.15
1842.56
1842.96
1843.37
1843.78
1844.19
1844.59
1845
1845.4
1845.8
1846.21
1846.61
1847.01
1847.41
1847.81
1848.21
1848.61
1849.01
1849.41
1849.8
1850.2
1850.6
1850.99
1851.39
1851.78
1852.17
1852.57
iteracion: 1390
--- next_x
2180.43
2180.49
2180.55
2180.6
2180.66
2180.72
2180.78
2180.84
2180.89
2180.95
2181.01
2181.06
2181.12
2181.17
2181.23
2181.28
2181.33
2181.39
2181.44
2181.49
2181.55
2181.6
2181.65
2181.7
2181.75
2181.8
2181.85
2181.9
2181.95
2182
2182.05
2182.1
2182.15
2182.2
2182.24
2182.29
2182.33
2182.38
2182.42
2182.47
2182.51
2182.55
2182.6
2182.64
2182.68
2182.73
2182.77
2182.81
2182.84
2182.88
--- next_y
1832.6
1833.02
1833.44
1833.86
1834.28
1834.7
1835.12
1835.54
1835.95
1836.37
1836.79
1837.2
1837.62
1838.03
1838.45
1838.86
1839.27
1839.69
1840.1
1840.51
1840.92
1841.33
1841.74
1842.15
1842.56
1842.96
1843.37
1843.78
1844.19
1844.59
1845
1845.4
1845.8
1846.21
1846.61
1847.01
1847.41
1847.81
1848.21
1848.61
1849.01
1849.41
1849.8
1850.2
1850.6
1850.99
1851.39
1851.78
1852.17
1852.57
