iteracion: 3922
--- next_x
197.325
197.445
197.564
197.684
197.804
197.923
198.042
198.161
198.28
198.398
198.517
198.635
198.752
198.87
198.987
199.105
199.221
199.338
199.455
199.572
199.688
199.804
199.92
200.036
200.152
200.267
200.383
200.497
200.612
200.727
200.842
200.956
201.07
201.184
201.298
201.411
201.525
201.638
201.752
201.865
201.977
202.09
202.203
202.315
202.428
202.54
202.652
202.765
202.878
202.99
--- next_y
1919.22
1918.95
1918.68
1918.42
1918.15
1917.88
1917.62
1917.35
1917.09
1916.82
1916.56
1916.29
1916.03
1915.77
1915.51
1915.25
1914.99
1914.73
1914.47
1914.21
1913.95
1913.7
1913.44
1913.18
1912.93
1912.67
1912.42
1912.16
1911.91
1911.66
1911.41
1911.16
1910.91
1910.65
1910.4
1910.16
1909.91
1909.66
1909.41
1909.17
1908.92
1908.67
1908.43
1908.18
1907.94
1907.7
1907.45
1907.21
1906.97
1906.72
iteracion: 3922
--- next_x
197.325
197.445
197.564
197.684
197.804
197.923
198.042
198.161
198.28
198.398
198.517
198.635
198.752
198.87
198.987
199.105
199.221
199.338
199.455
199.572
199.688
199.804
199.92
200.036
200.152
200.267
200.383
200.497
200.612
200.727
200.842
200.956
201.07
201.184
201.298
201.411
201.525
201.638
201.752
201.865
201.977
202.09
202.203
202.315
202.428
202.54
202.652
202.763
202.873
202.982
--- next_y
1919.22
1918.95
1918.68
1918.42
1918.15
1917.88
1917.62
1917.35
1917.09
1916.82
1916.56
1916.29
1916.03
1915.77
1915.51
1915.25
1914.99
1914.73
1914.47
1914.21
1913.95
1913.7
1913.44
1913.18
1912.93
1912.67
1912.42
1912.16
1911.91
1911.66
1911.41
1911.16
1910.91
1910.65
1910.4
1910.16
1909.91
1909.66
1909.41
1909.17
1908.92
1908.67
1908.43
1908.18
1907.94
1907.7
1907.45
1907.21
1906.97
1906.72
iteracion: 3922
--- next_x
197.325
197.445
197.564
197.684
197.804
197.923
198.042
198.161
198.28
198.398
198.517
198.635
198.752
198.87
198.987
199.105
199.221
199.338
199.455
199.572
199.688
199.804
199.92
200.036
200.152
200.267
200.383
200.497
200.612
200.727
200.842
200.956
201.07
201.184
201.298
201.411
201.525
201.638
201.752
201.865
201.977
202.09
202.203
202.315
202.428
202.54
202.652
202.765
202.878
202.993
--- next_y
1919.22
1918.95
1918.68
1918.42
1918.15
1917.88
1917.62
1917.35
1917.09
1916.82
1916.56
1916.29
1916.03
1915.77
1915.51
1915.25
1914.99
1914.73
1914.47
1914.21
1913.95
1913.7
1913.44
1913.18
1912.93
1912.67
1912.42
1912.16
1911.91
1911.66
1911.41
1911.16
1910.91
1910.65
1910.4
1910.16
1909.91
1909.66
1909.41
1909.17
1908.92
1908.67
1908.43
1908.18
1907.94
1907.7
1907.45
1907.21
1906.97
1906.73
