iteracion: 1245
--- next_x
2149.42
2149.51
2149.6
2149.69
2149.79
2149.88
2149.97
2150.06
2150.16
2150.25
2150.34
2150.43
2150.53
2150.62
2150.71
2150.8
2150.89
2150.99
2151.08
2151.17
2151.26
2151.35
2151.44
2151.53
2151.62
2151.71
2151.8
2151.89
2151.98
2152.07
2152.16
2152.25
2152.34
2152.43
2152.53
2152.61
2152.71
2152.8
2152.89
2152.97
2153.07
2153.15
2153.24
2153.33
2153.42
2153.51
2153.6
2153.69
2153.78
2153.86
--- next_y
1665.78
1666.16
1666.54
1666.92
1667.3
1667.67
1668.05
1668.43
1668.81
1669.18
1669.56
1669.94
1670.31
1670.69
1671.06
1671.43
1671.81
1672.18
1672.56
1672.93
1673.3
1673.67
1674.04
1674.41
1674.78
1675.15
1675.52
1675.89
1676.26
1676.63
1676.99
1677.36
1677.73
1678.09
1678.46
1678.82
1679.19
1679.55
1679.91
1680.28
1680.64
1681
1681.36
1681.72
1682.08
1682.44
1682.8
1683.16
1683.53
1683.89
iteracion: 1245
--- next_x
2149.42
2149.51
2149.6
2149.69
2149.79
2149.88
2149.97
2150.06
2150.16
2150.25
2150.34
2150.43
2150.53
2150.62
2150.71
2150.8
2150.89
2150.99
2151.08
2151.17
2151.26
2151.35
2151.44
2151.53
2151.62
2151.71
2151.8
2151.89
2151.98
2152.07
2152.16
2152.25
2152.34
2152.43
2152.53
2152.61
2152.71
2152.8
2152.89
2152.97
2153.07
2153.15
2153.24
2153.33
2153.42
2153.51
2153.6
2153.69
2153.79
2153.89
--- next_y
1665.78
1666.16
1666.54
1666.92
1667.3
1667.67
1668.05
1668.43
1668.81
1669.18
1669.56
1669.94
1670.31
1670.69
1671.06
1671.43
1671.81
1672.18
1672.56
1672.93
1673.3
1673.67
1674.04
1674.41
1674.78
1675.15
1675.52
1675.89
1676.26
1676.63
1676.99
1677.36
1677.73
1678.09
1678.46
1678.82
1679.19
1679.55
1679.91
1680.28
1680.64
1681
1681.36
1681.72
1682.08
1682.44
1682.8
1683.16
1683.51
1683.87
iteracion: 1245
--- next_x
2149.42
2149.51
2149.6
2149.69
2149.79
2149.88
2149.97
2150.06
2150.16
2150.25
2150.34
2150.43
2150.53
2150.62
2150.71
2150.8
2150.89
2150.99
2151.08
2151.17
2151.26
2151.35
2151.44
2151.53
2151.62
2151.71
2151.8
2151.89
2151.98
2152.07
2152.16
2152.25
2152.34
2152.43
2152.53
2152.61
2152.71
2152.8
2152.89
2152.97
2153.07
2153.15
2153.24
2153.33
2153.42
2153.51
2153.59
2153.68
2153.76
2153.84
--- next_y
1665.78
1666.16
1666.54
1666.92
1667.3
1667.67
1668.05
1668.43
1668.81
1669.18
1669.56
1669.94
1670.31
1670.69
1671.06
1671.43
1671.81
1672.18
1672.56
1672.93
1673.3
1673.67
1674.04
1674.41
1674.78
1675.15
1675.52
1675.89
1676.26
1676.63
1676.99
1677.36
1677.73
1678.09
1678.46
1678.82
1679.19
1679.55
1679.91
1680.28
1680.64
1681
1681.36
1681.72
1682.08
1682.44
1682.8
1683.16
1683.52
1683.88
