iteracion: 1882
--- next_x
2315.78
2315.85
2315.92
2315.99
2316.06
2316.12
2316.19
2316.26
2316.33
2316.39
2316.46
2316.53
2316.59
2316.66
2316.72
2316.79
2316.86
2316.92
2316.98
2317.05
2317.11
2317.18
2317.24
2317.3
2317.37
2317.43
2317.49
2317.55
2317.62
2317.68
2317.74
2317.8
2317.86
2317.92
2317.98
2318.04
2318.1
2318.16
2318.22
2318.28
2318.34
2318.4
2318.46
2318.52
2318.58
2318.64
2318.7
2318.75
2318.81
2318.87
--- next_y
2437.14
2437.46
2437.78
2438.1
2438.42
2438.74
2439.05
2439.37
2439.69
2440
2440.32
2440.63
2440.95
2441.26
2441.57
2441.89
2442.2
2442.51
2442.82
2443.13
2443.44
2443.75
2444.06
2444.37
2444.68
2444.99
2445.29
2445.6
2445.91
2446.21
2446.52
2446.82
2447.12
2447.43
2447.73
2448.03
2448.33
2448.63
2448.93
2449.23
2449.53
2449.83
2450.13
2450.43
2450.72
2451.02
2451.32
2451.62
2451.92
2452.21
iteracion: 1882
--- next_x
2315.78
2315.85
2315.92
2315.99
2316.06
2316.12
2316.19
2316.26
2316.33
2316.39
2316.46
2316.53
2316.59
2316.66
2316.72
2316.79
2316.86
2316.92
2316.98
2317.05
2317.11
2317.18
2317.24
2317.3
2317.37
2317.43
2317.49
2317.55
2317.62
2317.68
2317.74
2317.8
2317.86
2317.92
2317.98
2318.04
2318.1
2318.16
2318.22
2318.28
2318.34
2318.4
2318.46
2318.52
2318.58
2318.64
2318.7
2318.76
2318.82
2318.89
--- next_y
2437.14
2437.46
2437.78
2438.1
2438.42
2438.74
2439.05
2439.37
2439.69
2440
2440.32
2440.63
2440.95
2441.26
2441.57
2441.89
2442.2
2442.51
2442.82
2443.13
2443.44
2443.75
2444.06
2444.37
2444.68
2444.99
2445.29
2445.6
2445.91
2446.21
2446.52
2446.82
2447.12
2447.43
2447.73
2448.03
2448.33
2448.63
2448.93
2449.23
2449.53
2449.83
2450.13
2450.43
2450.72
2451.02
2451.31
2451.61
2451.9
2452.2
iteracion: 1882
--- next_x
2315.78
2315.85
2315.92
2315.99
2316.06
2316.12
2316.19
2316.26
2316.33
2316.39
2316.46
2316.53
2316.59
2316.66
2316.72
2316.79
2316.86
2316.92
2316.98
2317.05
2317.11
2317.18
2317.24
2317.3
2317.37
2317.43
2317.49
2317.55
2317.62
2317.68
2317.74
2317.8
2317.86
2317.92
2317.98
2318.04
2318.1
2318.16
2318.22
2318.28
2318.34
2318.4
2318.46
2318.52
2318.58
2318.64
2318.69
2318.74
2318.8
2318.85
--- next_y
2437.14
2437.46
2437.78
2438.1
2438.42
2438.74
2439.05
2439.37
2439.69
2440
2440.32
2440.63
2440.95
2441.26
2441.57
2441.89
2442.2
2442.51
2442.82
2443.13
2443.44
2443.75
2444.06
2444.37
2444.68
2444.99
2445.29
2445.6
2445.91
2446.21
2446.52
2446.82
2447.12
2447.43
2447.73
2448.03
2448.33
2448.63
2448.93
2449.23
2449.53
2449.83
2450.13
2450.43
2450.72
2451.02
2451.31
2451.61
2451.91
2452.2
