iteracion: 963
--- next_x
2133
2133.08
2133.15
2133.23
2133.31
2133.38
2133.46
2133.54
2133.61
2133.69
2133.76
2133.84
2133.91
2133.99
2134.06
2134.14
2134.21
2134.28
2134.36
2134.43
2134.5
2134.58
2134.65
2134.72
2134.79
2134.86
2134.94
2135.01
2135.08
2135.15
2135.22
2135.29
2135.36
2135.43
2135.5
2135.57
2135.64
2135.7
2135.77
2135.84
2135.91
2135.98
2136.05
2136.11
2136.18
2136.25
2136.32
2136.38
2136.45
2136.52
--- next_y
1585.01
1585.43
1585.86
1586.28
1586.7
1587.12
1587.54
1587.96
1588.37
1588.79
1589.2
1589.61
1590.02
1590.44
1590.84
1591.25
1591.66
1592.07
1592.47
1592.88
1593.28
1593.68
1594.09
1594.48
1594.88
1595.28
1595.67
1596.07
1596.46
1596.85
1597.24
1597.63
1598.02
1598.4
1598.79
1599.17
1599.56
1599.94
1600.32
1600.7
1601.08
1601.45
1601.83
1602.2
1602.58
1602.95
1603.33
1603.7
1604.07
1604.45
iteracion: 963
--- next_x
2133
2133.08
2133.15
2133.23
2133.31
2133.38
2133.46
2133.54
2133.61
2133.69
2133.76
2133.84
2133.91
2133.99
2134.06
2134.14
2134.21
2134.28
2134.36
2134.43
2134.5
2134.58
2134.65
2134.72
2134.79
2134.86
2134.94
2135.01
2135.08
2135.15
2135.22
2135.29
2135.36
2135.43
2135.5
2135.57
2135.64
2135.7
2135.77
2135.84
2135.91
2135.98
2136.05
2136.11
2136.18
2136.25
2136.32
2136.39
2136.47
2136.55
--- next_y
1585.01
1585.43
1585.86
1586.28
1586.7
1587.12
1587.54
1587.96
1588.37
1588.79
1589.2
1589.61
1590.02
1590.44
1590.84
1591.25
1591.66
1592.07
1592.47
1592.88
1593.28
1593.68
1594.09
1594.48
1594.88
1595.28
1595.67
1596.07
1596.46
1596.85
1597.24
1597.63
1598.02
1598.4
1598.79
1599.17
1599.56
1599.94
1600.32
1600.7
1601.08
1601.45
1601.83
1602.2
1602.58
1602.95
1603.32
1603.69
1604.06
1604.43
iteracion: 963
--- next_x
2133
2133.08
2133.15
2133.23
2133.31
2133.38
2133.46
2133.54
2133.61
2133.69
2133.76
2133.84
2133.91
2133.99
2134.06
2134.14
2134.21
2134.28
2134.36
2134.43
2134.5
2134.58
2134.65
2134.72
2134.79
2134.86
2134.94
2135.01
2135.08
2135.15
2135.22
2135.29
2135.36
2135.43
2135.5
2135.57
2135.64
2135.7
2135.77
2135.84
2135.91
2135.98
2136.05
2136.11
2136.18
2136.25
2136.31
2136.37
2136.43
2136.49
--- next_y
1585.01
1585.43
1585.86
1586.28
1586.7
1587.12
1587.54
1587.96
1588.37
1588.79
1589.2
1589.61
1590.02
1590.44
1590.84
1591.25
1591.66
1592.07
1592.47
1592.88
1593.28
1593.68
1594.09
1594.48
1594.88
1595.28
1595.67
1596.07
1596.46
1596.85
1597.24
1597.63
1598.02
1598.4
1598.79
1599.17
1599.56
1599.94
1600.32
1600.7
1601.08
1601.45
1601.83
1602.2
1602.58
1602.95
1603.32
1603.69
1604.07
1604.44
