iteracion: 305
--- next_x
1318.37
1318.71
1319.04
1319.38
1319.71
1320.04
1320.37
1320.7
1321.03
1321.35
1321.68
1322
1322.33
1322.65
1322.97
1323.29
1323.61
1323.93
1324.25
1324.57
1324.88
1325.19
1325.51
1325.82
1326.13
1326.44
1326.75
1327.06
1327.36
1327.67
1327.97
1328.28
1328.58
1328.88
1329.18
1329.48
1329.78
1330.07
1330.37
1330.66
1330.96
1331.25
1331.54
1331.83
1332.12
1332.41
1332.7
1333
1333.29
1333.58
--- next_y
1184.64
1184.61
1184.57
1184.54
1184.5
1184.46
1184.43
1184.39
1184.36
1184.32
1184.29
1184.25
1184.22
1184.18
1184.15
1184.11
1184.08
1184.04
1184.01
1183.97
1183.94
1183.91
1183.88
1183.84
1183.81
1183.78
1183.74
1183.71
1183.68
1183.65
1183.62
1183.58
1183.55
1183.52
1183.49
1183.45
1183.42
1183.39
1183.36
1183.33
1183.3
1183.27
1183.24
1183.21
1183.18
1183.15
1183.12
1183.09
1183.06
1183.03
iteracion: 305
--- next_x
1318.37
1318.71
1319.04
1319.38
1319.71
1320.04
1320.37
1320.7
1321.03
1321.35
1321.68
1322
1322.33
1322.65
1322.97
1323.29
1323.61
1323.93
1324.25
1324.57
1324.88
1325.19
1325.51
1325.82
1326.13
1326.44
1326.75
1327.06
1327.36
1327.67
1327.97
1328.28
1328.58
1328.88
1329.18
1329.48
1329.78
1330.07
1330.37
1330.66
1330.96
1331.25
1331.54
1331.83
1332.12
1332.41
1332.7
1332.99
1333.28
1333.57
--- next_y
1184.64
1184.61
1184.57
1184.54
1184.5
1184.46
1184.43
1184.39
1184.36
1184.32
1184.29
1184.25
1184.22
1184.18
1184.15
1184.11
1184.08
1184.04
1184.01
1183.97
1183.94
1183.91
1183.88
1183.84
1183.81
1183.78
1183.74
1183.71
1183.68
1183.65
1183.62
1183.58
1183.55
1183.52
1183.49
1183.45
1183.42
1183.39
1183.36
1183.33
1183.3
1183.27
1183.24
1183.21
1183.18
1183.15
1183.12
1183.08
1183.05
1183.02
iteracion: 305
--- next_x
1318.37
1318.71
1319.04
1319.38
1319.71
1320.04
1320.37
1320.7
1321.03
1321.35
1321.68
1322
1322.33
1322.65
1322.97
1323.29
1323.61
1323.93
1324.25
1324.57
1324.88
1325.19
1325.51
1325.82
1326.13
1326.44
1326.75
1327.06
1327.36
1327.67
1327.97
1328.28
1328.58
1328.88
1329.18
1329.48
1329.78
1330.07
1330.37
1330.66
1330.96
1331.25
1331.54
1331.83
1332.12
1332.41
1332.7
1332.99
1333.28
1333.57
--- next_y
1184.64
1184.61
1184.57
1184.54
1184.5
1184.46
1184.43
1184.39
1184.36
1184.32
1184.29
1184.25
1184.22
1184.18
1184.15
1184.11
1184.08
1184.04
1184.01
1183.97
1183.94
1183.91
1183.88
1183.84
1183.81
1183.78
1183.74
1183.71
1183.68
1183.65
1183.62
1183.58
1183.55
1183.52
1183.49
1183.45
1183.42
1183.39
1183.36
1183.33
1183.3
1183.27
1183.24
1183.21
1183.18
1183.15
1183.12
1183.09
1183.07
1183.04
