iteracion: 1246
--- next_x
2149.88
2149.97
2150.06
2150.16
2150.25
2150.34
2150.43
2150.53
2150.62
2150.71
2150.8
2150.89
2150.99
2151.08
2151.17
2151.26
2151.35
2151.44
2151.53
2151.62
2151.71
2151.8
2151.89
2151.98
2152.07
2152.16
2152.25
2152.34
2152.43
2152.53
2152.61
2152.71
2152.8
2152.89
2152.97
2153.07
2153.15
2153.24
2153.33
2153.42
2153.51
2153.6
2153.69
2153.77
2153.86
2153.95
2154.04
2154.13
2154.21
2154.3
--- next_y
1667.67
1668.05
1668.43
1668.81
1669.18
1669.56
1669.94
1670.31
1670.69
1671.06
1671.43
1671.81
1672.18
1672.56
1672.93
1673.3
1673.67
1674.04
1674.41
1674.78
1675.15
1675.52
1675.89
1676.26
1676.63
1676.99
1677.36
1677.73
1678.09
1678.46
1678.82
1679.19
1679.55
1679.91
1680.28
1680.64
1681
1681.36
1681.72
1682.08
1682.44
1682.8
1683.16
1683.52
1683.88
1684.24
1684.59
1684.95
1685.31
1685.67
iteracion: 1246
--- next_x
2149.88
2149.97
2150.06
2150.16
2150.25
2150.34
2150.43
2150.53
2150.62
2150.71
2150.8
2150.89
2150.99
2151.08
2151.17
2151.26
2151.35
2151.44
2151.53
2151.62
2151.71
2151.8
2151.89
2151.98
2152.07
2152.16
2152.25
2152.34
2152.43
2152.53
2152.61
2152.71
2152.8
2152.89
2152.97
2153.07
2153.15
2153.24
2153.33
2153.42
2153.51
2153.6
2153.69
2153.77
2153.86
2153.95
2154.04
2154.14
2154.23
2154.33
--- next_y
1667.67
1668.05
1668.43
1668.81
1669.18
1669.56
1669.94
1670.31
1670.69
1671.06
1671.43
1671.81
1672.18
1672.56
1672.93
1673.3
1673.67
1674.04
1674.41
1674.78
1675.15
1675.52
1675.89
1676.26
1676.63
1676.99
1677.36
1677.73
1678.09
1678.46
1678.82
1679.19
1679.55
1679.91
1680.28
1680.64
1681
1681.36
1681.72
1682.08
1682.44
1682.8
1683.16
1683.52
1683.88
1684.23
1684.59
1684.94
1685.29
1685.64
iteracion: 1246
--- next_x
2149.88
2149.97
2150.06
2150.16
2150.25
2150.34
2150.43
2150.53
2150.62
2150.71
2150.8
2150.89
2150.99
2151.08
2151.17
2151.26
2151.35
2151.44
2151.53
2151.62
2151.71
2151.8
2151.89
2151.98
2152.07
2152.16
2152.25
2152.34
2152.43
2152.53
2152.61
2152.71
2152.8
2152.89
2152.97
2153.07
2153.15
2153.24
2153.33
2153.42
2153.51
2153.6
2153.69
2153.77
2153.86
2153.95
2154.03
2154.11
2154.19
2154.26
--- next_y
1667.67
1668.05
1668.43
1668.81
1669.18
1669.56
1669.94
1670.31
1670.69
1671.06
1671.43
1671.81
1672.18
1672.56
1672.93
1673.3
1673.67
1674.04
1674.41
1674.78
1675.15
1675.52
1675.89
1676.26
1676.63
1676.99
1677.36
1677.73
1678.09
1678.46
1678.82
1679.19
1679.55
1679.91
1680.28
1680.64
1681
1681.36
1681.72
1682.08
1682.44
1682.8
1683.16
1683.52
1683.88
1684.23
1684.59
1684.94
1685.3
1685.66
