iteracion: 1815
--- next_x
2292.46
2292.55
2292.64
2292.74
2292.82
2292.91
2293
2293.09
2293.18
2293.27
2293.36
2293.45
2293.54
2293.62
2293.71
2293.8
2293.89
2293.97
2294.06
2294.15
2294.23
2294.32
2294.4
2294.49
2294.57
2294.66
2294.74
2294.82
2294.91
2294.99
2295.08
2295.16
2295.24
2295.32
2295.41
2295.49
2295.57
2295.65
2295.74
2295.82
2295.9
2295.98
2296.07
2296.15
2296.23
2296.31
2296.39
2296.48
2296.56
2296.64
--- next_y
2358.41
2358.68
2358.95
2359.21
2359.48
2359.74
2360.01
2360.27
2360.53
2360.8
2361.06
2361.32
2361.58
2361.85
2362.11
2362.36
2362.62
2362.88
2363.14
2363.4
2363.66
2363.91
2364.17
2364.42
2364.68
2364.93
2365.18
2365.44
2365.69
2365.94
2366.19
2366.44
2366.69
2366.94
2367.19
2367.44
2367.68
2367.93
2368.18
2368.42
2368.67
2368.91
2369.16
2369.4
2369.64
2369.88
2370.13
2370.37
2370.61
2370.85
iteracion: 1815
--- next_x
2292.46
2292.55
2292.64
2292.74
2292.82
2292.91
2293
2293.09
2293.18
2293.27
2293.36
2293.45
2293.54
2293.62
2293.71
2293.8
2293.89
2293.97
2294.06
2294.15
2294.23
2294.32
2294.4
2294.49
2294.57
2294.66
2294.74
2294.82
2294.91
2294.99
2295.08
2295.16
2295.24
2295.32
2295.41
2295.49
2295.57
2295.65
2295.74
2295.82
2295.9
2295.98
2296.07
2296.15
2296.23
2296.31
2296.39
2296.48
2296.56
2296.65
--- next_y
2358.41
2358.68
2358.95
2359.21
2359.48
2359.74
2360.01
2360.27
2360.53
2360.8
2361.06
2361.32
2361.58
2361.85
2362.11
2362.36
2362.62
2362.88
2363.14
2363.4
2363.66
2363.91
2364.17
2364.42
2364.68
2364.93
2365.18
2365.44
2365.69
2365.94
2366.19
2366.44
2366.69
2366.94
2367.19
2367.44
2367.68
2367.93
2368.18
2368.42
2368.67
2368.91
2369.16
2369.4
2369.64
2369.88
2370.12
2370.36
2370.6
2370.84
iteracion: 1815
--- next_x
2292.46
2292.55
2292.64
2292.74
2292.82
2292.91
2293
2293.09
2293.18
2293.27
2293.36
2293.45
2293.54
2293.62
2293.71
2293.8
2293.89
2293.97
2294.06
2294.15
2294.23
2294.32
2294.4
2294.49
2294.57
2294.66
2294.74
2294.82
2294.91
2294.99
2295.08
2295.16
2295.24
2295.32
2295.41
2295.49
2295.57
2295.65
2295.74
2295.82
2295.9
2295.98
2296.07
2296.15
2296.23
2296.31
2296.39
2296.47
2296.55
2296.63
--- next_y
2358.41
2358.68
2358.95
2359.21
2359.48
2359.74
2360.01
2360.27
2360.53
2360.8
2361.06
2361.32
2361.58
2361.85
2362.11
2362.36
2362.62
2362.88
2363.14
2363.4
2363.66
2363.91
2364.17
2364.42
2364.68
2364.93
2365.18
2365.44
2365.69
2365.94
2366.19
2366.44
2366.69
2366.94
2367.19
2367.44
2367.68
2367.93
2368.18
2368.42
2368.67
2368.91
2369.16
2369.4
2369.64
2369.88
2370.12
2370.36
2370.61
2370.85
