iteracion: 364
--- next_x
1407.54
1407.87
1408.21
1408.54
1408.87
1409.2
1409.53
1409.86
1410.19
1410.52
1410.85
1411.18
1411.5
1411.83
1412.15
1412.48
1412.81
1413.13
1413.45
1413.77
1414.1
1414.42
1414.74
1415.06
1415.38
1415.7
1416.02
1416.34
1416.65
1416.97
1417.29
1417.61
1417.92
1418.24
1418.55
1418.87
1419.18
1419.49
1419.81
1420.12
1420.43
1420.75
1421.06
1421.37
1421.68
1421.99
1422.3
1422.6
1422.91
1423.22
--- next_y
1175.54
1175.5
1175.46
1175.42
1175.38
1175.34
1175.29
1175.25
1175.21
1175.17
1175.13
1175.09
1175.05
1175.01
1174.97
1174.93
1174.89
1174.85
1174.81
1174.77
1174.73
1174.69
1174.65
1174.61
1174.57
1174.53
1174.49
1174.45
1174.42
1174.38
1174.34
1174.3
1174.26
1174.22
1174.18
1174.14
1174.11
1174.07
1174.03
1173.99
1173.95
1173.91
1173.87
1173.84
1173.8
1173.76
1173.72
1173.69
1173.65
1173.61
iteracion: 364
--- next_x
1407.54
1407.87
1408.21
1408.54
1408.87
1409.2
1409.53
1409.86
1410.19
1410.52
1410.85
1411.18
1411.5
1411.83
1412.15
1412.48
1412.81
1413.13
1413.45
1413.77
1414.1
1414.42
1414.74
1415.06
1415.38
1415.7
1416.02
1416.34
1416.65
1416.97
1417.29
1417.61
1417.92
1418.24
1418.55
1418.87
1419.18
1419.49
1419.81
1420.12
1420.43
1420.75
1421.06
1421.37
1421.68
1421.99
1422.29
1422.6
1422.9
1423.21
--- next_y
1175.54
1175.5
1175.46
1175.42
1175.38
1175.34
1175.29
1175.25
1175.21
1175.17
1175.13
1175.09
1175.05
1175.01
1174.97
1174.93
1174.89
1174.85
1174.81
1174.77
1174.73
1174.69
1174.65
1174.61
1174.57
1174.53
1174.49
1174.45
1174.42
1174.38
1174.34
1174.3
1174.26
1174.22
1174.18
1174.14
1174.11
1174.07
1174.03
1173.99
1173.95
1173.91
1173.87
1173.84
1173.8
1173.76
1173.72
1173.68
1173.64
1173.6
iteracion: 364
--- next_x
1407.54
1407.87
1408.21
1408.54
1408.87
1409.2
1409.53
1409.86
1410.19
1410.52
1410.85
1411.18
1411.5
1411.83
1412.15
1412.48
1412.81
1413.13
1413.45
1413.77
1414.1
1414.42
1414.74
1415.06
1415.38
1415.7
1416.02
1416.34
1416.65
1416.97
1417.29
1417.61
1417.92
1418.24
1418.55
1418.87
1419.18
1419.49
1419.81
1420.12
1420.43
1420.75
1421.06
1421.37
1421.68
1421.99
1422.29
1422.6
1422.91
1423.22
--- next_y
1175.54
1175.5
1175.46
1175.42
1175.38
1175.34
1175.29
1175.25
1175.21
1175.17
1175.13
1175.09
1175.05
1175.01
1174.97
1174.93
1174.89
1174.85
1174.81
1174.77
1174.73
1174.69
1174.65
1174.61
1174.57
1174.53
1174.49
1174.45
1174.42
1174.38
1174.34
1174.3
1174.26
1174.22
1174.18
1174.14
1174.11
1174.07
1174.03
1173.99
1173.95
1173.91
1173.87
1173.84
1173.8
1173.76
1173.72
1173.69
1173.66
1173.63
