iteracion: 315
--- next_x
1332.21
1332.65
1333.09
1333.54
1333.98
1334.42
1334.86
1335.3
1335.74
1336.18
1336.62
1337.06
1337.5
1337.94
1338.37
1338.81
1339.25
1339.68
1340.12
1340.55
1340.99
1341.42
1341.86
1342.29
1342.72
1343.16
1343.59
1344.02
1344.45
1344.88
1345.31
1345.74
1346.17
1346.59
1347.02
1347.45
1347.87
1348.3
1348.72
1349.15
1349.57
1350
1350.42
1350.84
1351.26
1351.68
1352.1
1352.52
1352.95
1353.37
--- next_y
1183.21
1183.16
1183.12
1183.07
1183.03
1182.98
1182.93
1182.89
1182.84
1182.8
1182.75
1182.71
1182.66
1182.62
1182.58
1182.53
1182.49
1182.45
1182.4
1182.36
1182.32
1182.28
1182.23
1182.19
1182.15
1182.11
1182.06
1182.02
1181.98
1181.94
1181.9
1181.86
1181.82
1181.78
1181.73
1181.69
1181.65
1181.61
1181.57
1181.53
1181.49
1181.45
1181.41
1181.38
1181.34
1181.3
1181.26
1181.22
1181.18
1181.14
iteracion: 315
--- next_x
1332.21
1332.65
1333.09
1333.54
1333.98
1334.42
1334.86
1335.3
1335.74
1336.18
1336.62
1337.06
1337.5
1337.94
1338.37
1338.81
1339.25
1339.68
1340.12
1340.55
1340.99
1341.42
1341.86
1342.29
1342.72
1343.16
1343.59
1344.02
1344.45
1344.88
1345.31
1345.74
1346.17
1346.59
1347.02
1347.45
1347.87
1348.3
1348.72
1349.15
1349.57
1350
1350.42
1350.84
1351.26
1351.68
1352.1
1352.51
1352.93
1353.34
--- next_y
1183.21
1183.16
1183.12
1183.07
1183.03
1182.98
1182.93
1182.89
1182.84
1182.8
1182.75
1182.71
1182.66
1182.62
1182.58
1182.53
1182.49
1182.45
1182.4
1182.36
1182.32
1182.28
1182.23
1182.19
1182.15
1182.11
1182.06
1182.02
1181.98
1181.94
1181.9
1181.86
1181.82
1181.78
1181.73
1181.69
1181.65
1181.61
1181.57
1181.53
1181.49
1181.45
1181.41
1181.38
1181.34
1181.3
1181.25
1181.21
1181.16
1181.1
iteracion: 315
--- next_x
1332.21
1332.65
1333.09
1333.54
1333.98
1334.42
1334.86
1335.3
1335.74
1336.18
1336.62
1337.06
1337.5
1337.94
1338.37
1338.81
1339.25
1339.68
1340.12
1340.55
1340.99
1341.42
1341.86
1342.29
1342.72
1343.16
1343.59
1344.02
1344.45
1344.88
1345.31
1345.74
1346.17
1346.59
1347.02
1347.45
1347.87
1348.3
1348.72
1349.15
1349.57
1350
1350.42
1350.84
1351.26
1351.68
1352.1
1352.52
1352.93
1353.35
--- next_y
1183.21
1183.16
1183.12
1183.07
1183.03
1182.98
1182.93
1182.89
1182.84
1182.8
1182.75
1182.71
1182.66
1182.62
1182.58
1182.53
1182.49
1182.45
1182.4
1182.36
1182.32
1182.28
1182.23
1182.19
1182.15
1182.11
1182.06
1182.02
1181.98
1181.94
1181.9
1181.86
1181.82
1181.78
1181.73
1181.69
1181.65
1181.61
1181.57
1181.53
1181.49
1181.45
1181.41
1181.38
1181.34
1181.3
1181.26
1181.23
1181.2
1181.18
