iteracion: 1942
--- next_x
2329.07
2329.13
2329.19
2329.25
2329.32
2329.38
2329.44
2329.51
2329.57
2329.64
2329.7
2329.77
2329.83
2329.9
2329.96
2330.03
2330.09
2330.16
2330.23
2330.3
2330.36
2330.43
2330.49
2330.56
2330.63
2330.7
2330.76
2330.83
2330.9
2330.97
2331.04
2331.11
2331.17
2331.24
2331.31
2331.38
2331.45
2331.51
2331.58
2331.65
2331.72
2331.79
2331.85
2331.92
2331.99
2332.05
2332.12
2332.18
2332.25
2332.31
--- next_y
2507.12
2507.44
2507.77
2508.1
2508.43
2508.76
2509.09
2509.43
2509.76
2510.09
2510.43
2510.77
2511.11
2511.45
2511.79
2512.13
2512.48
2512.82
2513.17
2513.52
2513.87
2514.22
2514.57
2514.93
2515.28
2515.64
2516
2516.36
2516.73
2517.09
2517.45
2517.82
2518.19
2518.55
2518.92
2519.29
2519.67
2520.04
2520.41
2520.78
2521.15
2521.52
2521.89
2522.26
2522.62
2522.99
2523.36
2523.73
2524.1
2524.46
iteracion: 1942
--- next_x
2329.07
2329.13
2329.19
2329.25
2329.32
2329.38
2329.44
2329.51
2329.57
2329.64
2329.7
2329.77
2329.83
2329.9
2329.96
2330.03
2330.09
2330.16
2330.23
2330.3
2330.36
2330.43
2330.49
2330.56
2330.63
2330.7
2330.76
2330.83
2330.9
2330.97
2331.04
2331.11
2331.17
2331.24
2331.31
2331.38
2331.45
2331.51
2331.58
2331.65
2331.72
2331.79
2331.85
2331.92
2331.99
2332.05
2332.12
2332.19
2332.26
2332.34
--- next_y
2507.12
2507.44
2507.77
2508.1
2508.43
2508.76
2509.09
2509.43
2509.76
2510.09
2510.43
2510.77
2511.11
2511.45
2511.79
2512.13
2512.48
2512.82
2513.17
2513.52
2513.87
2514.22
2514.57
2514.93
2515.28
2515.64
2516
2516.36
2516.73
2517.09
2517.45
2517.82
2518.19
2518.55
2518.92
2519.29
2519.67
2520.04
2520.41
2520.78
2521.15
2521.52
2521.89
2522.26
2522.62
2522.99
2523.36
2523.72
2524.09
2524.45
iteracion: 1942
--- next_x
2329.07
2329.13
2329.19
2329.25
2329.32
2329.38
2329.44
2329.51
2329.57
2329.64
2329.7
2329.77
2329.83
2329.9
2329.96
2330.03
2330.09
2330.16
2330.23
2330.3
2330.36
2330.43
2330.49
2330.56
2330.63
2330.7
2330.76
2330.83
2330.9
2330.97
2331.04
2331.11
2331.17
2331.24
2331.31
2331.38
2331.45
2331.51
2331.58
2331.65
2331.72
2331.79
2331.85
2331.92
2331.99
2332.05
2332.12
2332.18
2332.23
2332.29
--- next_y
2507.12
2507.44
2507.77
2508.1
2508.43
2508.76
2509.09
2509.43
2509.76
2510.09
2510.43
2510.77
2511.11
2511.45
2511.79
2512.13
2512.48
2512.82
2513.17
2513.52
2513.87
2514.22
2514.57
2514.93
2515.28
2515.64
2516
2516.36
2516.73
2517.09
2517.45
2517.82
2518.19
2518.55
2518.92
2519.29
2519.67
2520.04
2520.41
2520.78
2521.15
2521.52
2521.89
2522.26
2522.62
2522.99
2523.35
2523.72
2524.08
2524.45
