iteracion: 1558
--- next_x
2216.62
2216.7
2216.79
2216.87
2216.96
2217.04
2217.12
2217.21
2217.3
2217.38
2217.47
2217.55
2217.64
2217.72
2217.81
2217.9
2217.98
2218.07
2218.16
2218.24
2218.33
2218.42
2218.51
2218.59
2218.68
2218.77
2218.86
2218.95
2219.04
2219.13
2219.22
2219.31
2219.4
2219.49
2219.58
2219.67
2219.76
2219.85
2219.94
2220.03
2220.13
2220.22
2220.31
2220.4
2220.49
2220.59
2220.68
2220.77
2220.87
2220.96
--- next_y
2054.1
2054.48
2054.87
2055.25
2055.64
2056.02
2056.4
2056.78
2057.16
2057.54
2057.92
2058.3
2058.68
2059.05
2059.43
2059.81
2060.18
2060.56
2060.93
2061.31
2061.68
2062.05
2062.42
2062.79
2063.16
2063.53
2063.9
2064.27
2064.64
2065
2065.37
2065.73
2066.1
2066.46
2066.83
2067.19
2067.55
2067.91
2068.27
2068.63
2068.99
2069.35
2069.71
2070.06
2070.42
2070.78
2071.13
2071.49
2071.84
2072.2
iteracion: 1558
--- next_x
2216.62
2216.7
2216.79
2216.87
2216.96
2217.04
2217.12
2217.21
2217.3
2217.38
2217.47
2217.55
2217.64
2217.72
2217.81
2217.9
2217.98
2218.07
2218.16
2218.24
2218.33
2218.42
2218.51
2218.59
2218.68
2218.77
2218.86
2218.95
2219.04
2219.13
2219.22
2219.31
2219.4
2219.49
2219.58
2219.67
2219.76
2219.85
2219.94
2220.03
2220.13
2220.22
2220.31
2220.4
2220.49
2220.59
2220.68
2220.78
2220.89
2220.99
--- next_y
2054.1
2054.48
2054.87
2055.25
2055.64
2056.02
2056.4
2056.78
2057.16
2057.54
2057.92
2058.3
2058.68
2059.05
2059.43
2059.81
2060.18
2060.56
2060.93
2061.31
2061.68
2062.05
2062.42
2062.79
2063.16
2063.53
2063.9
2064.27
2064.64
2065
2065.37
2065.73
2066.1
2066.46
2066.83
2067.19
2067.55
2067.91
2068.27
2068.63
2068.99
2069.35
2069.71
2070.06
2070.42
2070.77
2071.12
2071.47
2071.82
2072.17
iteracion: 1558
--- next_x
2216.62
2216.7
2216.79
2216.87
2216.96
2217.04
2217.12
2217.21
2217.3
2217.38
2217.47
2217.55
2217.64
2217.72
2217.81
2217.9
2217.98
2218.07
2218.16
2218.24
2218.33
2218.42
2218.51
2218.59
2218.68
2218.77
2218.86
2218.95
2219.04
2219.13
2219.22
2219.31
2219.4
2219.49
2219.58
2219.67
2219.76
2219.85
2219.94
2220.03
2220.13
2220.22
2220.31
2220.4
2220.49
2220.58
2220.67
2220.76
2220.84
2220.92
--- next_y
2054.1
2054.48
2054.87
2055.25
2055.64
2056.02
2056.4
2056.78
2057.16
2057.54
2057.92
2058.3
2058.68
2059.05
2059.43
2059.81
2060.18
2060.56
2060.93
2061.31
2061.68
2062.05
2062.42
2062.79
2063.16
2063.53
2063.9
2064.27
2064.64
2065
2065.37
2065.73
2066.1
2066.46
2066.83
2067.19
2067.55
2067.91
2068.27
2068.63
2068.99
2069.35
2069.71
2070.06
2070.42
2070.77
2071.13
2071.49
2071.84
2072.2
