iteracion: 3885
--- next_x
181.069
181.165
181.262
181.359
181.456
181.554
181.652
181.751
181.85
181.949
182.049
182.15
182.252
182.353
182.456
182.558
182.662
182.766
182.871
182.976
183.081
183.188
183.294
183.402
183.509
183.618
183.727
183.837
183.947
184.057
184.169
184.281
184.393
184.505
184.619
184.732
184.846
184.96
185.074
185.189
185.305
185.421
185.537
185.654
185.771
185.888
186.006
186.125
186.244
186.364
--- next_y
1962.68
1962.32
1961.95
1961.59
1961.23
1960.87
1960.51
1960.14
1959.79
1959.43
1959.07
1958.71
1958.35
1958
1957.64
1957.29
1956.94
1956.58
1956.23
1955.88
1955.53
1955.18
1954.83
1954.49
1954.14
1953.79
1953.45
1953.1
1952.76
1952.41
1952.07
1951.73
1951.38
1951.04
1950.7
1950.37
1950.03
1949.69
1949.36
1949.02
1948.68
1948.35
1948.02
1947.68
1947.35
1947.02
1946.69
1946.36
1946.02
1945.69
iteracion: 3885
--- next_x
181.069
181.165
181.262
181.359
181.456
181.554
181.652
181.751
181.85
181.949
182.049
182.15
182.252
182.353
182.456
182.558
182.662
182.766
182.871
182.976
183.081
183.188
183.294
183.402
183.509
183.618
183.727
183.837
183.947
184.057
184.169
184.281
184.393
184.505
184.619
184.732
184.846
184.96
185.074
185.189
185.305
185.421
185.537
185.654
185.771
185.888
186.006
186.123
186.238
186.351
--- next_y
1962.68
1962.32
1961.95
1961.59
1961.23
1960.87
1960.51
1960.14
1959.79
1959.43
1959.07
1958.71
1958.35
1958
1957.64
1957.29
1956.94
1956.58
1956.23
1955.88
1955.53
1955.18
1954.83
1954.49
1954.14
1953.79
1953.45
1953.1
1952.76
1952.41
1952.07
1951.73
1951.38
1951.04
1950.7
1950.37
1950.03
1949.69
1949.36
1949.02
1948.68
1948.35
1948.02
1947.68
1947.35
1947.02
1946.69
1946.36
1946.02
1945.69
iteracion: 3885
--- next_x
181.069
181.165
181.262
181.359
181.456
181.554
181.652
181.751
181.85
181.949
182.049
182.15
182.252
182.353
182.456
182.558
182.662
182.766
182.871
182.976
183.081
183.188
183.294
183.402
183.509
183.618
183.727
183.837
183.947
184.057
184.169
184.281
184.393
184.505
184.619
184.732
184.846
184.96
185.074
185.189
185.305
185.421
185.537
185.654
185.771
185.888
186.006
186.125
186.246
186.37
--- next_y
1962.68
1962.32
1961.95
1961.59
1961.23
1960.87
1960.51
1960.14
1959.79
1959.43
1959.07
1958.71
1958.35
1958
1957.64
1957.29
1956.94
1956.58
1956.23
1955.88
1955.53
1955.18
1954.83
1954.49
1954.14
1953.79
1953.45
1953.1
1952.76
1952.41
1952.07
1951.73
1951.38
1951.04
1950.7
1950.37
1950.03
1949.69
1949.36
1949.02
1948.68
1948.35
1948.02
1947.68
1947.35
1947.02
1946.69
1946.36
1946.04
1945.71
