iteracion: 3896
--- next_x
185.537
185.654
185.771
185.888
186.006
186.124
186.242
186.361
186.48
186.599
186.719
186.839
186.959
187.079
187.2
187.322
187.443
187.564
187.686
187.809
187.931
188.054
188.177
188.3
188.423
188.547
188.669
188.793
188.916
189.04
189.165
189.288
189.412
189.537
189.662
189.786
189.911
190.036
190.16
190.284
190.409
190.534
190.658
190.783
190.908
191.034
191.159
191.285
191.411
191.537
--- next_y
1948.02
1947.68
1947.35
1947.02
1946.69
1946.36
1946.03
1945.7
1945.37
1945.05
1944.72
1944.39
1944.07
1943.74
1943.42
1943.1
1942.78
1942.46
1942.14
1941.82
1941.5
1941.18
1940.86
1940.55
1940.23
1939.91
1939.6
1939.29
1938.98
1938.66
1938.35
1938.04
1937.73
1937.42
1937.11
1936.8
1936.49
1936.19
1935.88
1935.58
1935.27
1934.97
1934.66
1934.36
1934.06
1933.76
1933.45
1933.15
1932.85
1932.55
iteracion: 3896
--- next_x
185.537
185.654
185.771
185.888
186.006
186.124
186.242
186.361
186.48
186.599
186.719
186.839
186.959
187.079
187.2
187.322
187.443
187.564
187.686
187.809
187.931
188.054
188.177
188.3
188.423
188.547
188.669
188.793
188.916
189.04
189.165
189.288
189.412
189.537
189.662
189.786
189.911
190.036
190.16
190.284
190.409
190.534
190.658
190.783
190.908
191.032
191.153
191.274
191.393
191.511
--- next_y
1948.02
1947.68
1947.35
1947.02
1946.69
1946.36
1946.03
1945.7
1945.37
1945.05
1944.72
1944.39
1944.07
1943.74
1943.42
1943.1
1942.78
1942.46
1942.14
1941.82
1941.5
1941.18
1940.86
1940.55
1940.23
1939.91
1939.6
1939.29
1938.98
1938.66
1938.35
1938.04
1937.73
1937.42
1937.11
1936.8
1936.49
1936.19
1935.88
1935.58
1935.27
1934.97
1934.66
1934.36
1934.06
1933.76
1933.45
1933.15
1932.85
1932.54
iteracion: 3896
--- next_x
185.537
185.654
185.771
185.888
186.006
186.124
186.242
186.361
186.48
186.599
186.719
186.839
186.959
187.079
187.2
187.322
187.443
187.564
187.686
187.809
187.931
188.054
188.177
188.3
188.423
188.547
188.669
188.793
188.916
189.04
189.165
189.288
189.412
189.537
189.662
189.786
189.911
190.036
190.16
190.284
190.409
190.534
190.658
190.783
190.908
191.033
191.161
191.29
191.42
191.553
--- next_y
1948.02
1947.68
1947.35
1947.02
1946.69
1946.36
1946.03
1945.7
1945.37
1945.05
1944.72
1944.39
1944.07
1943.74
1943.42
1943.1
1942.78
1942.46
1942.14
1941.82
1941.5
1941.18
1940.86
1940.55
1940.23
1939.91
1939.6
1939.29
1938.98
1938.66
1938.35
1938.04
1937.73
1937.42
1937.11
1936.8
1936.49
1936.19
1935.88
1935.58
1935.27
1934.97
1934.66
1934.36
1934.06
1933.76
1933.46
1933.17
1932.87
1932.58
