iteracion: 1680
--- next_x
2255.66
2255.73
2255.8
2255.86
2255.93
2256
2256.06
2256.13
2256.2
2256.26
2256.33
2256.39
2256.46
2256.52
2256.59
2256.65
2256.72
2256.78
2256.84
2256.91
2256.97
2257.03
2257.09
2257.16
2257.22
2257.28
2257.34
2257.41
2257.47
2257.53
2257.59
2257.65
2257.71
2257.77
2257.83
2257.89
2257.95
2258.01
2258.07
2258.12
2258.18
2258.24
2258.3
2258.36
2258.42
2258.47
2258.53
2258.59
2258.65
2258.71
--- next_y
2203.82
2204.15
2204.49
2204.82
2205.16
2205.49
2205.83
2206.16
2206.49
2206.83
2207.16
2207.49
2207.82
2208.16
2208.49
2208.82
2209.15
2209.47
2209.8
2210.13
2210.46
2210.78
2211.11
2211.43
2211.76
2212.09
2212.41
2212.73
2213.05
2213.38
2213.7
2214.02
2214.34
2214.66
2214.98
2215.3
2215.62
2215.94
2216.26
2216.58
2216.89
2217.21
2217.53
2217.84
2218.16
2218.47
2218.78
2219.1
2219.41
2219.73
iteracion: 1680
--- next_x
2255.66
2255.73
2255.8
2255.86
2255.93
2256
2256.06
2256.13
2256.2
2256.26
2256.33
2256.39
2256.46
2256.52
2256.59
2256.65
2256.72
2256.78
2256.84
2256.91
2256.97
2257.03
2257.09
2257.16
2257.22
2257.28
2257.34
2257.41
2257.47
2257.53
2257.59
2257.65
2257.71
2257.77
2257.83
2257.89
2257.95
2258.01
2258.07
2258.12
2258.18
2258.24
2258.3
2258.36
2258.42
2258.47
2258.53
2258.59
2258.66
2258.72
--- next_y
2203.82
2204.15
2204.49
2204.82
2205.16
2205.49
2205.83
2206.16
2206.49
2206.83
2207.16
2207.49
2207.82
2208.16
2208.49
2208.82
2209.15
2209.47
2209.8
2210.13
2210.46
2210.78
2211.11
2211.43
2211.76
2212.09
2212.41
2212.73
2213.05
2213.38
2213.7
2214.02
2214.34
2214.66
2214.98
2215.3
2215.62
2215.94
2216.26
2216.58
2216.89
2217.21
2217.53
2217.84
2218.16
2218.47
2218.78
2219.09
2219.4
2219.72
iteracion: 1680
--- next_x
2255.66
2255.73
2255.8
2255.86
2255.93
2256
2256.06
2256.13
2256.2
2256.26
2256.33
2256.39
2256.46
2256.52
2256.59
2256.65
2256.72
2256.78
2256.84
2256.91
2256.97
2257.03
2257.09
2257.16
2257.22
2257.28
2257.34
2257.41
2257.47
2257.53
2257.59
2257.65
2257.71
2257.77
2257.83
2257.89
2257.95
2258.01
2258.07
2258.12
2258.18
2258.24
2258.3
2258.36
2258.42
2258.47
2258.53
2258.58
2258.64
2258.69
--- next_y
2203.82
2204.15
2204.49
2204.82
2205.16
2205.49
2205.83
2206.16
2206.49
2206.83
2207.16
2207.49
2207.82
2208.16
2208.49
2208.82
2209.15
2209.47
2209.8
2210.13
2210.46
2210.78
2211.11
2211.43
2211.76
2212.09
2212.41
2212.73
2213.05
2213.38
2213.7
2214.02
2214.34
2214.66
2214.98
2215.3
2215.62
2215.94
2216.26
2216.58
2216.89
2217.21
2217.53
2217.84
2218.16
2218.47
2218.78
2219.09
2219.4
2219.72
