iteracion: 691
--- next_x
1815.37
1815.74
1816.1
1816.46
1816.83
1817.19
1817.55
1817.91
1818.27
1818.63
1818.99
1819.35
1819.71
1820.06
1820.42
1820.78
1821.13
1821.48
1821.84
1822.19
1822.55
1822.9
1823.25
1823.6
1823.95
1824.3
1824.65
1825
1825.35
1825.7
1826.05
1826.39
1826.74
1827.08
1827.43
1827.77
1828.12
1828.46
1828.8
1829.14
1829.49
1829.83
1830.17
1830.51
1830.85
1831.19
1831.53
1831.87
1832.21
1832.55
--- next_y
1140.19
1140.2
1140.21
1140.23
1140.24
1140.25
1140.26
1140.28
1140.29
1140.31
1140.32
1140.34
1140.35
1140.37
1140.38
1140.4
1140.41
1140.43
1140.45
1140.47
1140.48
1140.5
1140.52
1140.54
1140.56
1140.57
1140.59
1140.61
1140.63
1140.65
1140.67
1140.69
1140.71
1140.73
1140.75
1140.77
1140.8
1140.82
1140.84
1140.86
1140.88
1140.91
1140.93
1140.95
1140.98
1141
1141.02
1141.05
1141.08
1141.1
iteracion: 691
--- next_x
1815.37
1815.74
1816.1
1816.46
1816.83
1817.19
1817.55
1817.91
1818.27
1818.63
1818.99
1819.35
1819.71
1820.06
1820.42
1820.78
1821.13
1821.48
1821.84
1822.19
1822.55
1822.9
1823.25
1823.6
1823.95
1824.3
1824.65
1825
1825.35
1825.7
1826.05
1826.39
1826.74
1827.08
1827.43
1827.77
1828.12
1828.46
1828.8
1829.14
1829.49
1829.83
1830.17
1830.51
1830.85
1831.19
1831.53
1831.87
1832.21
1832.55
--- next_y
1140.19
1140.2
1140.21
1140.23
1140.24
1140.25
1140.26
1140.28
1140.29
1140.31
1140.32
1140.34
1140.35
1140.37
1140.38
1140.4
1140.41
1140.43
1140.45
1140.47
1140.48
1140.5
1140.52
1140.54
1140.56
1140.57
1140.59
1140.61
1140.63
1140.65
1140.67
1140.69
1140.71
1140.73
1140.75
1140.77
1140.8
1140.82
1140.84
1140.86
1140.88
1140.91
1140.93
1140.95
1140.98
1141
1141.02
1141.04
1141.06
1141.07
iteracion: 691
--- next_x
1815.37
1815.74
1816.1
1816.46
1816.83
1817.19
1817.55
1817.91
1818.27
1818.63
1818.99
1819.35
1819.71
1820.06
1820.42
1820.78
1821.13
1821.48
1821.84
1822.19
1822.55
1822.9
1823.25
1823.6
1823.95
1824.3
1824.65
1825
1825.35
1825.7
1826.05
1826.39
1826.74
1827.08
1827.43
1827.77
1828.12
1828.46
1828.8
1829.14
1829.49
1829.83
1830.17
1830.51
1830.85
1831.18
1831.52
1831.85
1832.19
1832.52
--- next_y
1140.19
1140.2
1140.21
1140.23
1140.24
1140.25
1140.26
1140.28
1140.29
1140.31
1140.32
1140.34
1140.35
1140.37
1140.38
1140.4
1140.41
1140.43
1140.45
1140.47
1140.48
1140.5
1140.52
1140.54
1140.56
1140.57
1140.59
1140.61
1140.63
1140.65
1140.67
1140.69
1140.71
1140.73
1140.75
1140.77
1140.8
1140.82
1140.84
1140.86
1140.88
1140.91
1140.93
1140.95
1140.98
1141
1141.03
1141.06
1141.09
1141.13
