iteracion: 582
--- next_x
1662.78
1663
1663.22
1663.44
1663.65
1663.87
1664.09
1664.3
1664.52
1664.73
1664.94
1665.16
1665.37
1665.58
1665.79
1666
1666.21
1666.42
1666.63
1666.84
1667.05
1667.25
1667.46
1667.67
1667.87
1668.08
1668.28
1668.49
1668.69
1668.89
1669.1
1669.3
1669.5
1669.7
1669.9
1670.11
1670.31
1670.51
1670.7
1670.9
1671.1
1671.29
1671.49
1671.68
1671.88
1672.07
1672.27
1672.46
1672.65
1672.85
--- next_y
1149.69
1149.67
1149.65
1149.64
1149.62
1149.6
1149.58
1149.57
1149.55
1149.53
1149.51
1149.49
1149.48
1149.46
1149.44
1149.42
1149.41
1149.39
1149.37
1149.35
1149.34
1149.32
1149.3
1149.28
1149.26
1149.25
1149.23
1149.21
1149.19
1149.17
1149.16
1149.14
1149.12
1149.1
1149.09
1149.07
1149.05
1149.03
1149.02
1149
1148.98
1148.96
1148.94
1148.93
1148.91
1148.89
1148.88
1148.86
1148.84
1148.83
iteracion: 582
--- next_x
1662.78
1663
1663.22
1663.44
1663.65
1663.87
1664.09
1664.3
1664.52
1664.73
1664.94
1665.16
1665.37
1665.58
1665.79
1666
1666.21
1666.42
1666.63
1666.84
1667.05
1667.25
1667.46
1667.67
1667.87
1668.08
1668.28
1668.49
1668.69
1668.89
1669.1
1669.3
1669.5
1669.7
1669.9
1670.11
1670.31
1670.51
1670.7
1670.9
1671.1
1671.29
1671.49
1671.68
1671.88
1672.07
1672.27
1672.46
1672.65
1672.84
--- next_y
1149.69
1149.67
1149.65
1149.64
1149.62
1149.6
1149.58
1149.57
1149.55
1149.53
1149.51
1149.49
1149.48
1149.46
1149.44
1149.42
1149.41
1149.39
1149.37
1149.35
1149.34
1149.32
1149.3
1149.28
1149.26
1149.25
1149.23
1149.21
1149.19
1149.17
1149.16
1149.14
1149.12
1149.1
1149.09
1149.07
1149.05
1149.03
1149.02
1149
1148.98
1148.96
1148.94
1148.93
1148.91
1148.89
1148.88
1148.86
1148.84
1148.82
iteracion: 582
--- next_x
1662.78
1663
1663.22
1663.44
1663.65
1663.87
1664.09
1664.3
1664.52
1664.73
1664.94
1665.16
1665.37
1665.58
1665.79
1666
1666.21
1666.42
1666.63
1666.84
1667.05
1667.25
1667.46
1667.67
1667.87
1668.08
1668.28
1668.49
1668.69
1668.89
1669.1
1669.3
1669.5
1669.7
1669.9
1670.11
1670.31
1670.51
1670.7
1670.9
1671.1
1671.29
1671.49
1671.68
1671.88
1672.07
1672.27
1672.46
1672.65
1672.84
--- next_y
1149.69
1149.67
1149.65
1149.64
1149.62
1149.6
1149.58
1149.57
1149.55
1149.53
1149.51
1149.49
1149.48
1149.46
1149.44
1149.42
1149.41
1149.39
1149.37
1149.35
1149.34
1149.32
1149.3
1149.28
1149.26
1149.25
1149.23
1149.21
1149.19
1149.17
1149.16
1149.14
1149.12
1149.1
1149.09
1149.07
1149.05
1149.03
1149.02
1149
1148.98
1148.96
1148.94
1148.93
1148.91
1148.89
1148.88
1148.86
1148.85
1148.83
