iteracion: 4084
--- next_x
292.554
292.716
292.879
293.041
293.204
293.366
293.529
293.692
293.855
294.018
294.181
294.344
294.507
294.67
294.833
294.996
295.159
295.322
295.486
295.649
295.813
295.976
296.14
296.304
296.468
296.632
296.796
296.959
297.123
297.287
297.451
297.615
297.78
297.944
298.108
298.272
298.437
298.601
298.765
298.93
299.094
299.259
299.423
299.588
299.752
299.917
300.082
300.246
300.411
300.576
--- next_y
1691.98
1691.57
1691.15
1690.74
1690.32
1689.91
1689.5
1689.08
1688.67
1688.26
1687.84
1687.43
1687.02
1686.6
1686.19
1685.77
1685.36
1684.95
1684.53
1684.12
1683.71
1683.29
1682.88
1682.47
1682.05
1681.64
1681.23
1680.81
1680.4
1679.99
1679.57
1679.16
1678.75
1678.34
1677.92
1677.51
1677.1
1676.68
1676.27
1675.86
1675.44
1675.03
1674.62
1674.2
1673.79
1673.38
1672.97
1672.55
1672.14
1671.73
iteracion: 4084
--- next_x
292.554
292.716
292.879
293.041
293.204
293.366
293.529
293.692
293.855
294.018
294.181
294.344
294.507
294.67
294.833
294.996
295.159
295.322
295.486
295.649
295.813
295.976
296.14
296.304
296.468
296.632
296.796
296.959
297.123
297.287
297.451
297.615
297.78
297.944
298.108
298.272
298.437
298.601
298.765
298.93
299.094
299.259
299.423
299.588
299.752
299.917
300.083
300.253
300.428
300.607
--- next_y
1691.98
1691.57
1691.15
1690.74
1690.32
1689.91
1689.5
1689.08
1688.67
1688.26
1687.84
1687.43
1687.02
1686.6
1686.19
1685.77
1685.36
1684.95
1684.53
1684.12
1683.71
1683.29
1682.88
1682.47
1682.05
1681.64
1681.23
1680.81
1680.4
1679.99
1679.57
1679.16
1678.75
1678.34
1677.92
1677.51
1677.1
1676.68
1676.27
1675.86
1675.44
1675.03
1674.62
1674.2
1673.79
1673.38
1672.97
1672.57
1672.17
1671.77
