iteracion: 781
--- next_x
1939.79
1940.1
1940.41
1940.72
1941.04
1941.36
1941.67
1941.99
1942.31
1942.63
1942.95
1943.27
1943.6
1943.92
1944.24
1944.57
1944.9
1945.23
1945.56
1945.89
1946.22
1946.55
1946.89
1947.22
1947.56
1947.89
1948.22
1948.55
1948.88
1949.2
1949.53
1949.85
1950.17
1950.49
1950.81
1951.13
1951.45
1951.76
1952.08
1952.39
1952.7
1953.02
1953.33
1953.63
1953.94
1954.25
1954.56
1954.87
1955.17
1955.48
--- next_y
1162.36
1162.47
1162.58
1162.69
1162.8
1162.91
1163.02
1163.13
1163.24
1163.36
1163.47
1163.59
1163.7
1163.82
1163.94
1164.06
1164.18
1164.31
1164.43
1164.56
1164.69
1164.81
1164.94
1165.07
1165.2
1165.33
1165.46
1165.59
1165.72
1165.85
1165.98
1166.12
1166.24
1166.38
1166.51
1166.64
1166.77
1166.9
1167.03
1167.16
1167.3
1167.43
1167.56
1167.69
1167.83
1167.96
1168.09
1168.23
1168.36
1168.49
iteracion: 781
--- next_x
1939.79
1940.1
1940.41
1940.72
1941.04
1941.36
1941.67
1941.99
1942.31
1942.63
1942.95
1943.27
1943.6
1943.92
1944.24
1944.57
1944.9
1945.23
1945.56
1945.89
1946.22
1946.55
1946.89
1947.22
1947.56
1947.89
1948.22
1948.55
1948.88
1949.2
1949.53
1949.85
1950.17
1950.49
1950.81
1951.13
1951.45
1951.76
1952.08
1952.39
1952.7
1953.02
1953.33
1953.63
1953.94
1954.25
1954.56
1954.87
1955.18
1955.49
--- next_y
1162.36
1162.47
1162.58
1162.69
1162.8
1162.91
1163.02
1163.13
1163.24
1163.36
1163.47
1163.59
1163.7
1163.82
1163.94
1164.06
1164.18
1164.31
1164.43
1164.56
1164.69
1164.81
1164.94
1165.07
1165.2
1165.33
1165.46
1165.59
1165.72
1165.85
1165.98
1166.12
1166.24
1166.38
1166.51
1166.64
1166.77
1166.9
1167.03
1167.16
1167.3
1167.43
1167.56
1167.69
1167.83
1167.96
1168.09
1168.22
1168.34
1168.47
iteracion: 781
--- next_x
1939.79
1940.1
1940.41
1940.72
1941.04
1941.36
1941.67
1941.99
1942.31
1942.63
1942.95
1943.27
1943.6
1943.92
1944.24
1944.57
1944.9
1945.23
1945.56
1945.89
1946.22
1946.55
1946.89
1947.22
1947.56
1947.89
1948.22
1948.55
1948.88
1949.2
1949.53
1949.85
1950.17
1950.49
1950.81
1951.13
1951.45
1951.76
1952.08
1952.39
1952.7
1953.02
1953.33
1953.63
1953.94
1954.24
1954.55
1954.85
1955.14
1955.44
--- next_y
1162.36
1162.47
1162.58
1162.69
1162.8
1162.91
1163.02
1163.13
1163.24
1163.36
1163.47
1163.59
1163.7
1163.82
1163.94
1164.06
1164.18
1164.31
1164.43
1164.56
1164.69
1164.81
1164.94
1165.07
1165.2
1165.33
1165.46
1165.59
1165.72
1165.85
1165.98
1166.12
1166.24
1166.38
1166.51
1166.64
1166.77
1166.9
1167.03
1167.16
1167.3
1167.43
1167.56
1167.69
1167.83
1167.96
1168.09
1168.23
1168.37
1168.51
