iteracion: 1348
--- next_x
2232.53
2232.61
2232.7
2232.79
2232.87
2232.96
2233.04
2233.12
2233.21
2233.29
2233.37
2233.46
2233.54
2233.62
2233.7
2233.78
2233.86
2233.94
2234.02
2234.1
2234.18
2234.26
2234.34
2234.42
2234.49
2234.57
2234.65
2234.72
2234.8
2234.88
2234.95
2235.02
2235.1
2235.17
2235.24
2235.31
2235.39
2235.46
2235.53
2235.6
2235.67
2235.74
2235.81
2235.88
2235.95
2236.01
2236.08
2236.15
2236.22
2236.29
--- next_y
2111.35
2111.62
2111.89
2112.16
2112.43
2112.69
2112.96
2113.22
2113.49
2113.75
2114.01
2114.27
2114.53
2114.79
2115.05
2115.31
2115.56
2115.82
2116.08
2116.33
2116.58
2116.83
2117.09
2117.34
2117.59
2117.84
2118.08
2118.33
2118.57
2118.82
2119.06
2119.31
2119.55
2119.79
2120.03
2120.27
2120.51
2120.75
2120.99
2121.23
2121.46
2121.69
2121.93
2122.16
2122.39
2122.63
2122.86
2123.1
2123.33
2123.56
iteracion: 1348
--- next_x
2232.53
2232.61
2232.7
2232.79
2232.87
2232.96
2233.04
2233.12
2233.21
2233.29
2233.37
2233.46
2233.54
2233.62
2233.7
2233.78
2233.86
2233.94
2234.02
2234.1
2234.18
2234.26
2234.34
2234.42
2234.49
2234.57
2234.65
2234.72
2234.8
2234.88
2234.95
2235.02
2235.1
2235.17
2235.24
2235.31
2235.39
2235.46
2235.53
2235.6
2235.67
2235.74
2235.81
2235.88
2235.95
2236.02
2236.09
2236.16
2236.23
2236.3
--- next_y
2111.35
2111.62
2111.89
2112.16
2112.43
2112.69
2112.96
2113.22
2113.49
2113.75
2114.01
2114.27
2114.53
2114.79
2115.05
2115.31
2115.56
2115.82
2116.08
2116.33
2116.58
2116.83
2117.09
2117.34
2117.59
2117.84
2118.08
2118.33
2118.57
2118.82
2119.06
2119.31
2119.55
2119.79
2120.03
2120.27
2120.51
2120.75
2120.99
2121.23
2121.46
2121.69
2121.93
2122.16
2122.39
2122.63
2122.86
2123.09
2123.32
2123.55
iteracion: 1348
--- next_x
2232.53
2232.61
2232.7
2232.79
2232.87
2232.96
2233.04
2233.12
2233.21
2233.29
2233.37
2233.46
2233.54
2233.62
2233.7
2233.78
2233.86
2233.94
2234.02
2234.1
2234.18
2234.26
2234.34
2234.42
2234.49
2234.57
2234.65
2234.72
2234.8
2234.88
2234.95
2235.02
2235.1
2235.17
2235.24
2235.31
2235.39
2235.46
2235.53
2235.6
2235.67
2235.74
2235.81
2235.88
2235.95
2236.01
2236.08
2236.15
2236.21
2236.27
--- next_y
2111.35
2111.62
2111.89
2112.16
2112.43
2112.69
2112.96
2113.22
2113.49
2113.75
2114.01
2114.27
2114.53
2114.79
2115.05
2115.31
2115.56
2115.82
2116.08
2116.33
2116.58
2116.83
2117.09
2117.34
2117.59
2117.84
2118.08
2118.33
2118.57
2118.82
2119.06
2119.31
2119.55
2119.79
2120.03
2120.27
2120.51
2120.75
2120.99
2121.23
2121.46
2121.69
2121.93
2122.16
2122.39
2122.63
2122.86
2123.09
2123.32
2123.56
