iteracion: 1855
--- next_x
2306.51
2306.61
2306.71
2306.8
2306.9
2307
2307.1
2307.2
2307.3
2307.4
2307.49
2307.59
2307.69
2307.79
2307.89
2307.99
2308.08
2308.18
2308.28
2308.37
2308.47
2308.56
2308.66
2308.75
2308.84
2308.94
2309.03
2309.12
2309.21
2309.31
2309.4
2309.49
2309.58
2309.68
2309.77
2309.86
2309.96
2310.05
2310.15
2310.24
2310.34
2310.43
2310.52
2310.61
2310.71
2310.8
2310.89
2310.98
2311.07
2311.16
--- next_y
2400.77
2401.11
2401.44
2401.78
2402.11
2402.45
2402.79
2403.13
2403.47
2403.82
2404.16
2404.51
2404.86
2405.2
2405.55
2405.9
2406.24
2406.59
2406.94
2407.28
2407.62
2407.97
2408.31
2408.66
2409
2409.34
2409.68
2410.02
2410.36
2410.7
2411.04
2411.39
2411.73
2412.08
2412.43
2412.78
2413.13
2413.48
2413.83
2414.19
2414.54
2414.89
2415.25
2415.6
2415.95
2416.31
2416.66
2417.01
2417.36
2417.72
iteracion: 1855
--- next_x
2306.51
2306.61
2306.71
2306.8
2306.9
2307
2307.1
2307.2
2307.3
2307.4
2307.49
2307.59
2307.69
2307.79
2307.89
2307.99
2308.08
2308.18
2308.28
2308.37
2308.47
2308.56
2308.66
2308.75
2308.84
2308.94
2309.03
2309.12
2309.21
2309.31
2309.4
2309.49
2309.58
2309.68
2309.77
2309.86
2309.96
2310.05
2310.15
2310.24
2310.34
2310.43
2310.52
2310.61
2310.71
2310.8
2310.9
2310.99
2311.09
2311.19
--- next_y
2400.77
2401.11
2401.44
2401.78
2402.11
2402.45
2402.79
2403.13
2403.47
2403.82
2404.16
2404.51
2404.86
2405.2
2405.55
2405.9
2406.24
2406.59
2406.94
2407.28
2407.62
2407.97
2408.31
2408.66
2409
2409.34
2409.68
2410.02
2410.36
2410.7
2411.04
2411.39
2411.73
2412.08
2412.43
2412.78
2413.13
2413.48
2413.83
2414.19
2414.54
2414.89
2415.25
2415.6
2415.95
2416.3
2416.65
2417
2417.35
2417.7
iteracion: 1855
--- next_x
2306.51
2306.61
2306.71
2306.8
2306.9
2307
2307.1
2307.2
2307.3
2307.4
2307.49
2307.59
2307.69
2307.79
2307.89
2307.99
2308.08
2308.18
2308.28
2308.37
2308.47
2308.56
2308.66
2308.75
2308.84
2308.94
2309.03
2309.12
2309.21
2309.31
2309.4
2309.49
2309.58
2309.68
2309.77
2309.86
2309.96
2310.05
2310.15
2310.24
2310.34
2310.43
2310.52
2310.61
2310.71
2310.8
2310.88
2310.97
2311.05
2311.13
--- next_y
2400.77
2401.11
2401.44
2401.78
2402.11
2402.45
2402.79
2403.13
2403.47
2403.82
2404.16
2404.51
2404.86
2405.2
2405.55
2405.9
2406.24
2406.59
2406.94
2407.28
2407.62
2407.97
2408.31
2408.66
2409
2409.34
2409.68
2410.02
2410.36
2410.7
2411.04
2411.39
2411.73
2412.08
2412.43
2412.78
2413.13
2413.48
2413.83
2414.19
2414.54
2414.89
2415.25
2415.6
2415.95
2416.3
2416.65
2417
2417.35
2417.7
