iteracion: 470
--- next_x
1538.15
1538.53
1538.91
1539.28
1539.65
1540.03
1540.4
1540.77
1541.14
1541.51
1541.88
1542.25
1542.61
1542.98
1543.34
1543.71
1544.07
1544.43
1544.79
1545.15
1545.51
1545.86
1546.22
1546.57
1546.93
1547.28
1547.62
1547.97
1548.32
1548.66
1549.01
1549.35
1549.69
1550.03
1550.37
1550.71
1551.05
1551.39
1551.72
1552.06
1552.39
1552.73
1553.06
1553.39
1553.72
1554.05
1554.38
1554.71
1555.04
1555.37
--- next_y
1160.5
1160.47
1160.44
1160.4
1160.37
1160.34
1160.31
1160.28
1160.24
1160.21
1160.18
1160.15
1160.12
1160.09
1160.05
1160.02
1159.99
1159.96
1159.93
1159.9
1159.87
1159.84
1159.81
1159.78
1159.74
1159.71
1159.69
1159.66
1159.63
1159.6
1159.57
1159.54
1159.51
1159.48
1159.45
1159.42
1159.39
1159.37
1159.34
1159.31
1159.28
1159.25
1159.22
1159.2
1159.17
1159.14
1159.12
1159.09
1159.06
1159.03
iteracion: 470
--- next_x
1538.15
1538.53
1538.91
1539.28
1539.65
1540.03
1540.4
1540.77
1541.14
1541.51
1541.88
1542.25
1542.61
1542.98
1543.34
1543.71
1544.07
1544.43
1544.79
1545.15
1545.51
1545.86
1546.22
1546.57
1546.93
1547.28
1547.62
1547.97
1548.32
1548.66
1549.01
1549.35
1549.69
1550.03
1550.37
1550.71
1551.05
1551.39
1551.72
1552.06
1552.39
1552.73
1553.06
1553.39
1553.72
1554.05
1554.38
1554.71
1555.03
1555.36
--- next_y
1160.5
1160.47
1160.44
1160.4
1160.37
1160.34
1160.31
1160.28
1160.24
1160.21
1160.18
1160.15
1160.12
1160.09
1160.05
1160.02
1159.99
1159.96
1159.93
1159.9
1159.87
1159.84
1159.81
1159.78
1159.74
1159.71
1159.69
1159.66
1159.63
1159.6
1159.57
1159.54
1159.51
1159.48
1159.45
1159.42
1159.39
1159.37
1159.34
1159.31
1159.28
1159.25
1159.22
1159.2
1159.17
1159.14
1159.11
1159.08
1159.05
1159.01
iteracion: 470
--- next_x
1538.15
1538.53
1538.91
1539.28
1539.65
1540.03
1540.4
1540.77
1541.14
1541.51
1541.88
1542.25
1542.61
1542.98
1543.34
1543.71
1544.07
1544.43
1544.79
1545.15
1545.51
1545.86
1546.22
1546.57
1546.93
1547.28
1547.62
1547.97
1548.32
1548.66
1549.01
1549.35
1549.69
1550.03
1550.37
1550.71
1551.05
1551.39
1551.72
1552.06
1552.39
1552.73
1553.06
1553.39
1553.72
1554.05
1554.38
1554.71
1555.03
1555.36
--- next_y
1160.5
1160.47
1160.44
1160.4
1160.37
1160.34
1160.31
1160.28
1160.24
1160.21
1160.18
1160.15
1160.12
1160.09
1160.05
1160.02
1159.99
1159.96
1159.93
1159.9
1159.87
1159.84
1159.81
1159.78
1159.74
1159.71
1159.69
1159.66
1159.63
1159.6
1159.57
1159.54
1159.51
1159.48
1159.45
1159.42
1159.39
1159.37
1159.34
1159.31
1159.28
1159.25
1159.22
1159.2
1159.17
1159.14
1159.12
1159.09
1159.07
1159.05
