iteracion: 1301
--- next_x
2165.85
2165.9
2165.95
2166
2166.04
2166.09
2166.14
2166.18
2166.23
2166.28
2166.32
2166.37
2166.42
2166.46
2166.51
2166.56
2166.6
2166.65
2166.69
2166.74
2166.78
2166.83
2166.88
2166.92
2166.97
2167.01
2167.05
2167.1
2167.14
2167.19
2167.23
2167.28
2167.32
2167.36
2167.4
2167.45
2167.49
2167.53
2167.57
2167.61
2167.66
2167.7
2167.74
2167.78
2167.82
2167.86
2167.9
2167.94
2167.98
2168.02
--- next_y
1737.81
1738.07
1738.33
1738.6
1738.86
1739.12
1739.38
1739.63
1739.89
1740.15
1740.41
1740.67
1740.92
1741.18
1741.43
1741.69
1741.95
1742.2
1742.45
1742.71
1742.96
1743.21
1743.46
1743.72
1743.97
1744.22
1744.47
1744.72
1744.96
1745.21
1745.46
1745.71
1745.95
1746.2
1746.45
1746.69
1746.94
1747.18
1747.43
1747.67
1747.91
1748.15
1748.4
1748.64
1748.88
1749.12
1749.36
1749.6
1749.84
1750.08
iteracion: 1301
--- next_x
2165.85
2165.9
2165.95
2166
2166.04
2166.09
2166.14
2166.18
2166.23
2166.28
2166.32
2166.37
2166.42
2166.46
2166.51
2166.56
2166.6
2166.65
2166.69
2166.74
2166.78
2166.83
2166.88
2166.92
2166.97
2167.01
2167.05
2167.1
2167.14
2167.19
2167.23
2167.28
2167.32
2167.36
2167.4
2167.45
2167.49
2167.53
2167.57
2167.61
2167.66
2167.7
2167.74
2167.78
2167.82
2167.86
2167.9
2167.94
2167.98
2168.03
--- next_y
1737.81
1738.07
1738.33
1738.6
1738.86
1739.12
1739.38
1739.63
1739.89
1740.15
1740.41
1740.67
1740.92
1741.18
1741.43
1741.69
1741.95
1742.2
1742.45
1742.71
1742.96
1743.21
1743.46
1743.72
1743.97
1744.22
1744.47
1744.72
1744.96
1745.21
1745.46
1745.71
1745.95
1746.2
1746.45
1746.69
1746.94
1747.18
1747.43
1747.67
1747.91
1748.15
1748.4
1748.64
1748.88
1749.12
1749.36
1749.6
1749.83
1750.07
iteracion: 1301
--- next_x
2165.85
2165.9
2165.95
2166
2166.04
2166.09
2166.14
2166.18
2166.23
2166.28
2166.32
2166.37
2166.42
2166.46
2166.51
2166.56
2166.6
2166.65
2166.69
2166.74
2166.78
2166.83
2166.88
2166.92
2166.97
2167.01
2167.05
2167.1
2167.14
2167.19
2167.23
2167.28
2167.32
2167.36
2167.4
2167.45
2167.49
2167.53
2167.57
2167.61
2167.66
2167.7
2167.74
2167.78
2167.82
2167.86
2167.9
2167.94
2167.97
2168.01
--- next_y
1737.81
1738.07
1738.33
1738.6
1738.86
1739.12
1739.38
1739.63
1739.89
1740.15
1740.41
1740.67
1740.92
1741.18
1741.43
1741.69
1741.95
1742.2
1742.45
1742.71
1742.96
1743.21
1743.46
1743.72
1743.97
1744.22
1744.47
1744.72
1744.96
1745.21
1745.46
1745.71
1745.95
1746.2
1746.45
1746.69
1746.94
1747.18
1747.43
1747.67
1747.91
1748.15
1748.4
1748.64
1748.88
1749.12
1749.36
1749.6
1749.83
1750.07
