iteracion: 323
--- next_x
1346.17
1346.59
1347.02
1347.45
1347.87
1348.3
1348.72
1349.15
1349.57
1350
1350.42
1350.84
1351.26
1351.68
1352.1
1352.52
1352.94
1353.36
1353.77
1354.19
1354.61
1355.02
1355.44
1355.86
1356.27
1356.68
1357.1
1357.51
1357.92
1358.34
1358.75
1359.16
1359.57
1359.98
1360.39
1360.8
1361.2
1361.61
1362.02
1362.42
1362.83
1363.23
1363.64
1364.04
1364.44
1364.85
1365.25
1365.65
1366.06
1366.46
--- next_y
1181.82
1181.78
1181.73
1181.69
1181.65
1181.61
1181.57
1181.53
1181.49
1181.45
1181.41
1181.38
1181.34
1181.3
1181.26
1181.22
1181.18
1181.14
1181.1
1181.06
1181.03
1180.99
1180.95
1180.91
1180.87
1180.83
1180.79
1180.75
1180.71
1180.68
1180.64
1180.6
1180.56
1180.52
1180.48
1180.44
1180.4
1180.37
1180.33
1180.29
1180.25
1180.21
1180.17
1180.14
1180.1
1180.06
1180.02
1179.99
1179.95
1179.91
iteracion: 323
--- next_x
1346.17
1346.59
1347.02
1347.45
1347.87
1348.3
1348.72
1349.15
1349.57
1350
1350.42
1350.84
1351.26
1351.68
1352.1
1352.52
1352.94
1353.36
1353.77
1354.19
1354.61
1355.02
1355.44
1355.86
1356.27
1356.68
1357.1
1357.51
1357.92
1358.34
1358.75
1359.16
1359.57
1359.98
1360.39
1360.8
1361.2
1361.61
1362.02
1362.42
1362.83
1363.23
1363.64
1364.04
1364.44
1364.85
1365.24
1365.64
1366.04
1366.44
--- next_y
1181.82
1181.78
1181.73
1181.69
1181.65
1181.61
1181.57
1181.53
1181.49
1181.45
1181.41
1181.38
1181.34
1181.3
1181.26
1181.22
1181.18
1181.14
1181.1
1181.06
1181.03
1180.99
1180.95
1180.91
1180.87
1180.83
1180.79
1180.75
1180.71
1180.68
1180.64
1180.6
1180.56
1180.52
1180.48
1180.44
1180.4
1180.37
1180.33
1180.29
1180.25
1180.21
1180.17
1180.14
1180.1
1180.06
1180.02
1179.98
1179.93
1179.88
iteracion: 323
--- next_x
1346.17
1346.59
1347.02
1347.45
1347.87
1348.3
1348.72
1349.15
1349.57
1350
1350.42
1350.84
1351.26
1351.68
1352.1
1352.52
1352.94
1353.36
1353.77
1354.19
1354.61
1355.02
1355.44
1355.86
1356.27
1356.68
1357.1
1357.51
1357.92
1358.34
1358.75
1359.16
1359.57
1359.98
1360.39
1360.8
1361.2
1361.61
1362.02
1362.42
1362.83
1363.23
1363.64
1364.04
1364.44
1364.85
1365.25
1365.64
1366.04
1366.44
--- next_y
1181.82
1181.78
1181.73
1181.69
1181.65
1181.61
1181.57
1181.53
1181.49
1181.45
1181.41
1181.38
1181.34
1181.3
1181.26
1181.22
1181.18
1181.14
1181.1
1181.06
1181.03
1180.99
1180.95
1180.91
1180.87
1180.83
1180.79
1180.75
1180.71
1180.68
1180.64
1180.6
1180.56
1180.52
1180.48
1180.44
1180.4
1180.37
1180.33
1180.29
1180.25
1180.21
1180.17
1180.14
1180.1
1180.06
1180.03
1180
1179.97
1179.95
