iteracion: 1542
--- next_x
2211.63
2211.71
2211.79
2211.87
2211.95
2212.03
2212.11
2212.19
2212.27
2212.36
2212.44
2212.52
2212.6
2212.68
2212.77
2212.85
2212.93
2213.02
2213.1
2213.18
2213.26
2213.35
2213.43
2213.52
2213.6
2213.68
2213.77
2213.85
2213.93
2214.02
2214.1
2214.19
2214.27
2214.35
2214.44
2214.52
2214.61
2214.69
2214.77
2214.86
2214.94
2215.03
2215.11
2215.19
2215.28
2215.36
2215.45
2215.53
2215.61
2215.7
--- next_y
2029.86
2030.28
2030.7
2031.12
2031.54
2031.96
2032.38
2032.8
2033.22
2033.64
2034.05
2034.47
2034.88
2035.3
2035.71
2036.13
2036.54
2036.95
2037.36
2037.77
2038.18
2038.59
2039.01
2039.41
2039.82
2040.23
2040.63
2041.04
2041.44
2041.85
2042.26
2042.66
2043.06
2043.46
2043.87
2044.27
2044.67
2045.07
2045.47
2045.87
2046.26
2046.66
2047.06
2047.45
2047.85
2048.24
2048.64
2049.04
2049.43
2049.83
iteracion: 1542
--- next_x
2211.63
2211.71
2211.79
2211.87
2211.95
2212.03
2212.11
2212.19
2212.27
2212.36
2212.44
2212.52
2212.6
2212.68
2212.77
2212.85
2212.93
2213.02
2213.1
2213.18
2213.26
2213.35
2213.43
2213.52
2213.6
2213.68
2213.77
2213.85
2213.93
2214.02
2214.1
2214.19
2214.27
2214.35
2214.44
2214.52
2214.61
2214.69
2214.77
2214.86
2214.94
2215.03
2215.11
2215.19
2215.28
2215.36
2215.45
2215.55
2215.64
2215.74
--- next_y
2029.86
2030.28
2030.7
2031.12
2031.54
2031.96
2032.38
2032.8
2033.22
2033.64
2034.05
2034.47
2034.88
2035.3
2035.71
2036.13
2036.54
2036.95
2037.36
2037.77
2038.18
2038.59
2039.01
2039.41
2039.82
2040.23
2040.63
2041.04
2041.44
2041.85
2042.26
2042.66
2043.06
2043.46
2043.87
2044.27
2044.67
2045.07
2045.47
2045.87
2046.26
2046.66
2047.06
2047.45
2047.85
2048.24
2048.63
2049.01
2049.4
2049.79
iteracion: 1542
--- next_x
2211.63
2211.71
2211.79
2211.87
2211.95
2212.03
2212.11
2212.19
2212.27
2212.36
2212.44
2212.52
2212.6
2212.68
2212.77
2212.85
2212.93
2213.02
2213.1
2213.18
2213.26
2213.35
2213.43
2213.52
2213.6
2213.68
2213.77
2213.85
2213.93
2214.02
2214.1
2214.19
2214.27
2214.35
2214.44
2214.52
2214.61
2214.69
2214.77
2214.86
2214.94
2215.03
2215.11
2215.19
2215.28
2215.36
2215.43
2215.51
2215.58
2215.65
--- next_y
2029.86
2030.28
2030.7
2031.12
2031.54
2031.96
2032.38
2032.8
2033.22
2033.64
2034.05
2034.47
2034.88
2035.3
2035.71
2036.13
2036.54
2036.95
2037.36
2037.77
2038.18
2038.59
2039.01
2039.41
2039.82
2040.23
2040.63
2041.04
2041.44
2041.85
2042.26
2042.66
2043.06
2043.46
2043.87
2044.27
2044.67
2045.07
2045.47
2045.87
2046.26
2046.66
2047.06
2047.45
2047.85
2048.24
2048.64
2049.03
2049.43
2049.82
