iteracion: 3855
--- next_x
170.053
170.139
170.226
170.314
170.401
170.489
170.577
170.666
170.755
170.844
170.933
171.023
171.113
171.203
171.294
171.385
171.476
171.567
171.659
171.751
171.843
171.936
172.029
172.122
172.215
172.308
172.402
172.496
172.59
172.684
172.779
172.874
172.969
173.064
173.16
173.256
173.352
173.447
173.543
173.639
173.736
173.832
173.929
174.025
174.122
174.219
174.317
174.415
174.512
174.611
--- next_y
2009.17
2008.73
2008.3
2007.87
2007.43
2007
2006.57
2006.13
2005.7
2005.27
2004.84
2004.41
2003.98
2003.56
2003.13
2002.7
2002.28
2001.85
2001.43
2001
2000.58
2000.16
1999.73
1999.31
1998.89
1998.47
1998.05
1997.63
1997.22
1996.8
1996.38
1995.97
1995.55
1995.13
1994.72
1994.31
1993.89
1993.48
1993.07
1992.65
1992.24
1991.83
1991.42
1991.01
1990.61
1990.2
1989.79
1989.38
1988.97
1988.56
iteracion: 3855
--- next_x
170.053
170.139
170.226
170.314
170.401
170.489
170.577
170.666
170.755
170.844
170.933
171.023
171.113
171.203
171.294
171.385
171.476
171.567
171.659
171.751
171.843
171.936
172.029
172.122
172.215
172.308
172.402
172.496
172.59
172.684
172.779
172.874
172.969
173.064
173.16
173.256
173.352
173.447
173.543
173.639
173.736
173.832
173.929
174.025
174.122
174.219
174.313
174.403
174.489
174.571
--- next_y
2009.17
2008.73
2008.3
2007.87
2007.43
2007
2006.57
2006.13
2005.7
2005.27
2004.84
2004.41
2003.98
2003.56
2003.13
2002.7
2002.28
2001.85
2001.43
2001
2000.58
2000.16
1999.73
1999.31
1998.89
1998.47
1998.05
1997.63
1997.22
1996.8
1996.38
1995.97
1995.55
1995.13
1994.72
1994.31
1993.89
1993.48
1993.07
1992.65
1992.24
1991.83
1991.42
1991.01
1990.61
1990.2
1989.79
1989.38
1988.97
1988.56
iteracion: 3855
--- next_x
170.053
170.139
170.226
170.314
170.401
170.489
170.577
170.666
170.755
170.844
170.933
171.023
171.113
171.203
171.294
171.385
171.476
171.567
171.659
171.751
171.843
171.936
172.029
172.122
172.215
172.308
172.402
172.496
172.59
172.684
172.779
172.874
172.969
173.064
173.16
173.256
173.352
173.447
173.543
173.639
173.736
173.832
173.929
174.025
174.122
174.219
174.319
174.422
174.53
174.641
--- next_y
2009.17
2008.73
2008.3
2007.87
2007.43
2007
2006.57
2006.13
2005.7
2005.27
2004.84
2004.41
2003.98
2003.56
2003.13
2002.7
2002.28
2001.85
2001.43
2001
2000.58
2000.16
1999.73
1999.31
1998.89
1998.47
1998.05
1997.63
1997.22
1996.8
1996.38
1995.97
1995.55
1995.13
1994.72
1994.31
1993.89
1993.48
1993.07
1992.65
1992.24
1991.83
1991.42
1991.01
1990.61
1990.2
1989.79
1989.39
1988.99
1988.59
