iteracion: 3995
--- next_x
237.868
238.051
238.233
238.416
238.598
238.78
238.961
239.143
239.324
239.505
239.686
239.866
240.046
240.226
240.406
240.586
240.764
240.943
241.122
241.301
241.479
241.657
241.835
242.012
242.19
242.367
242.544
242.72
242.897
243.074
243.25
243.425
243.601
243.777
243.951
244.126
244.3
244.475
244.649
244.823
244.996
245.17
245.343
245.516
245.688
245.86
246.032
246.204
246.375
246.546
--- next_y
1833.36
1832.98
1832.59
1832.21
1831.83
1831.44
1831.06
1830.68
1830.3
1829.92
1829.54
1829.16
1828.78
1828.4
1828.03
1827.65
1827.27
1826.9
1826.52
1826.14
1825.77
1825.39
1825.02
1824.65
1824.27
1823.9
1823.53
1823.16
1822.78
1822.41
1822.04
1821.67
1821.3
1820.93
1820.56
1820.2
1819.83
1819.46
1819.09
1818.73
1818.36
1817.99
1817.63
1817.27
1816.9
1816.54
1816.17
1815.81
1815.45
1815.08
iteracion: 3995
--- next_x
237.868
238.051
238.233
238.416
238.598
238.78
238.961
239.143
239.324
239.505
239.686
239.866
240.046
240.226
240.406
240.586
240.764
240.943
241.122
241.301
241.479
241.657
241.835
242.012
242.19
242.367
242.544
242.72
242.897
243.074
243.25
243.425
243.601
243.777
243.951
244.126
244.3
244.475
244.649
244.823
244.996
245.17
245.343
245.516
245.688
245.86
246.027
246.19
246.349
246.505
--- next_y
1833.36
1832.98
1832.59
1832.21
1831.83
1831.44
1831.06
1830.68
1830.3
1829.92
1829.54
1829.16
1828.78
1828.4
1828.03
1827.65
1827.27
1826.9
1826.52
1826.14
1825.77
1825.39
1825.02
1824.65
1824.27
1823.9
1823.53
1823.16
1822.78
1822.41
1822.04
1821.67
1821.3
1820.93
1820.56
1820.2
1819.83
1819.46
1819.09
1818.73
1818.36
1817.99
1817.63
1817.27
1816.9
1816.54
1816.18
1815.82
1815.45
1815.09
iteracion: 3995
--- next_x
237.868
238.051
238.233
238.416
238.598
238.78
238.961
239.143
239.324
239.505
239.686
239.866
240.046
240.226
240.406
240.586
240.764
240.943
241.122
241.301
241.479
241.657
241.835
242.012
242.19
242.367
242.544
242.72
242.897
243.074
243.25
243.425
243.601
243.777
243.951
244.126
244.3
244.475
244.649
244.823
244.996
245.17
245.343
245.516
245.688
245.86
246.033
246.21
246.389
246.571
--- next_y
1833.36
1832.98
1832.59
1832.21
1831.83
1831.44
1831.06
1830.68
1830.3
1829.92
1829.54
1829.16
1828.78
1828.4
1828.03
1827.65
1827.27
1826.9
1826.52
1826.14
1825.77
1825.39
1825.02
1824.65
1824.27
1823.9
1823.53
1823.16
1822.78
1822.41
1822.04
1821.67
1821.3
1820.93
1820.56
1820.2
1819.83
1819.46
1819.09
1818.73
1818.36
1817.99
1817.63
1817.27
1816.9
1816.54
1816.18
1815.82
1815.46
1815.11
