iteracion: 467
--- next_x
1533.15
1533.54
1533.93
1534.32
1534.71
1535.1
1535.48
1535.87
1536.25
1536.63
1537.01
1537.39
1537.77
1538.15
1538.53
1538.91
1539.28
1539.65
1540.03
1540.4
1540.77
1541.14
1541.51
1541.88
1542.25
1542.61
1542.98
1543.34
1543.71
1544.07
1544.43
1544.79
1545.15
1545.51
1545.86
1546.22
1546.57
1546.93
1547.28
1547.62
1547.97
1548.32
1548.66
1549.01
1549.35
1549.7
1550.04
1550.39
1550.73
1551.08
--- next_y
1160.93
1160.89
1160.86
1160.83
1160.8
1160.76
1160.73
1160.7
1160.67
1160.63
1160.6
1160.57
1160.54
1160.5
1160.47
1160.44
1160.4
1160.37
1160.34
1160.31
1160.28
1160.24
1160.21
1160.18
1160.15
1160.12
1160.09
1160.05
1160.02
1159.99
1159.96
1159.93
1159.9
1159.87
1159.84
1159.81
1159.78
1159.74
1159.71
1159.69
1159.66
1159.63
1159.6
1159.57
1159.54
1159.51
1159.48
1159.45
1159.42
1159.39
iteracion: 467
--- next_x
1533.15
1533.54
1533.93
1534.32
1534.71
1535.1
1535.48
1535.87
1536.25
1536.63
1537.01
1537.39
1537.77
1538.15
1538.53
1538.91
1539.28
1539.65
1540.03
1540.4
1540.77
1541.14
1541.51
1541.88
1542.25
1542.61
1542.98
1543.34
1543.71
1544.07
1544.43
1544.79
1545.15
1545.51
1545.86
1546.22
1546.57
1546.93
1547.28
1547.62
1547.97
1548.32
1548.66
1549.01
1549.35
1549.7
1550.04
1550.38
1550.72
1551.06
--- next_y
1160.93
1160.89
1160.86
1160.83
1160.8
1160.76
1160.73
1160.7
1160.67
1160.63
1160.6
1160.57
1160.54
1160.5
1160.47
1160.44
1160.4
1160.37
1160.34
1160.31
1160.28
1160.24
1160.21
1160.18
1160.15
1160.12
1160.09
1160.05
1160.02
1159.99
1159.96
1159.93
1159.9
1159.87
1159.84
1159.81
1159.78
1159.74
1159.71
1159.69
1159.66
1159.63
1159.6
1159.57
1159.54
1159.51
1159.47
1159.44
1159.4
1159.36
iteracion: 467
--- next_x
1533.15
1533.54
1533.93
1534.32
1534.71
1535.1
1535.48
1535.87
1536.25
1536.63
1537.01
1537.39
1537.77
1538.15
1538.53
1538.91
1539.28
1539.65
1540.03
1540.4
1540.77
1541.14
1541.51
1541.88
1542.25
1542.61
1542.98
1543.34
1543.71
1544.07
1544.43
1544.79
1545.15
1545.51
1545.86
1546.22
1546.57
1546.93
1547.28
1547.62
1547.97
1548.32
1548.66
1549.01
1549.35
1549.7
1550.04
1550.38
1550.72
1551.06
--- next_y
1160.93
1160.89
1160.86
1160.83
1160.8
1160.76
1160.73
1160.7
1160.67
1160.63
1160.6
1160.57
1160.54
1160.5
1160.47
1160.44
1160.4
1160.37
1160.34
1160.31
1160.28
1160.24
1160.21
1160.18
1160.15
1160.12
1160.09
1160.05
1160.02
1159.99
1159.96
1159.93
1159.9
1159.87
1159.84
1159.81
1159.78
1159.74
1159.71
1159.69
1159.66
1159.63
1159.6
1159.57
1159.54
1159.51
1159.49
1159.46
1159.44
1159.43
