iteracion: 930
--- next_x
2053.55
2053.67
2053.79
2053.91
2054.03
2054.14
2054.26
2054.37
2054.49
2054.6
2054.71
2054.83
2054.94
2055.05
2055.16
2055.27
2055.38
2055.49
2055.6
2055.71
2055.82
2055.93
2056.04
2056.14
2056.25
2056.36
2056.46
2056.57
2056.68
2056.78
2056.89
2056.99
2057.09
2057.2
2057.3
2057.4
2057.5
2057.6
2057.7
2057.81
2057.91
2058.01
2058.11
2058.21
2058.31
2058.41
2058.51
2058.61
2058.71
2058.81
--- next_y
1271.3
1271.55
1271.81
1272.07
1272.32
1272.58
1272.83
1273.08
1273.34
1273.59
1273.84
1274.1
1274.35
1274.6
1274.85
1275.1
1275.35
1275.6
1275.85
1276.1
1276.35
1276.59
1276.84
1277.09
1277.34
1277.58
1277.83
1278.07
1278.32
1278.56
1278.81
1279.05
1279.3
1279.54
1279.78
1280.02
1280.27
1280.51
1280.75
1280.99
1281.23
1281.47
1281.71
1281.94
1282.18
1282.42
1282.66
1282.9
1283.14
1283.37
iteracion: 930
--- next_x
2053.55
2053.67
2053.79
2053.91
2054.03
2054.14
2054.26
2054.37
2054.49
2054.6
2054.71
2054.83
2054.94
2055.05
2055.16
2055.27
2055.38
2055.49
2055.6
2055.71
2055.82
2055.93
2056.04
2056.14
2056.25
2056.36
2056.46
2056.57
2056.68
2056.78
2056.89
2056.99
2057.09
2057.2
2057.3
2057.4
2057.5
2057.6
2057.7
2057.81
2057.91
2058.01
2058.11
2058.21
2058.31
2058.41
2058.51
2058.61
2058.71
2058.82
--- next_y
1271.3
1271.55
1271.81
1272.07
1272.32
1272.58
1272.83
1273.08
1273.34
1273.59
1273.84
1274.1
1274.35
1274.6
1274.85
1275.1
1275.35
1275.6
1275.85
1276.1
1276.35
1276.59
1276.84
1277.09
1277.34
1277.58
1277.83
1278.07
1278.32
1278.56
1278.81
1279.05
1279.3
1279.54
1279.78
1280.02
1280.27
1280.51
1280.75
1280.99
1281.23
1281.47
1281.71
1281.94
1282.18
1282.42
1282.66
1282.89
1283.13
1283.36
iteracion: 930
--- next_x
2053.55
2053.67
2053.79
2053.91
2054.03
2054.14
2054.26
2054.37
2054.49
2054.6
2054.71
2054.83
2054.94
2055.05
2055.16
2055.27
2055.38
2055.49
2055.6
2055.71
2055.82
2055.93
2056.04
2056.14
2056.25
2056.36
2056.46
2056.57
2056.68
2056.78
2056.89
2056.99
2057.09
2057.2
2057.3
2057.4
2057.5
2057.6
2057.7
2057.81
2057.91
2058.01
2058.11
2058.21
2058.31
2058.41
2058.5
2058.6
2058.7
2058.79
--- next_y
1271.3
1271.55
1271.81
1272.07
1272.32
1272.58
1272.83
1273.08
1273.34
1273.59
1273.84
1274.1
1274.35
1274.6
1274.85
1275.1
1275.35
1275.6
1275.85
1276.1
1276.35
1276.59
1276.84
1277.09
1277.34
1277.58
1277.83
1278.07
1278.32
1278.56
1278.81
1279.05
1279.3
1279.54
1279.78
1280.02
1280.27
1280.51
1280.75
1280.99
1281.23
1281.47
1281.71
1281.94
1282.18
1282.42
1282.66
1282.89
1283.13
1283.37
