iteracion: 1131
--- next_x
2174.75
2174.81
2174.87
2174.93
2174.99
2175.05
2175.11
2175.17
2175.23
2175.29
2175.35
2175.41
2175.47
2175.53
2175.59
2175.65
2175.71
2175.78
2175.84
2175.9
2175.96
2176.02
2176.09
2176.15
2176.21
2176.28
2176.34
2176.41
2176.47
2176.53
2176.6
2176.66
2176.73
2176.79
2176.86
2176.93
2176.99
2177.06
2177.12
2177.19
2177.26
2177.32
2177.39
2177.45
2177.52
2177.58
2177.65
2177.72
2177.78
2177.85
--- next_y
1794.86
1795.26
1795.66
1796.07
1796.47
1796.88
1797.29
1797.7
1798.11
1798.52
1798.93
1799.35
1799.76
1800.18
1800.6
1801.02
1801.44
1801.87
1802.29
1802.71
1803.14
1803.57
1804
1804.43
1804.86
1805.29
1805.72
1806.16
1806.59
1807.03
1807.47
1807.91
1808.35
1808.79
1809.22
1809.66
1810.1
1810.54
1810.98
1811.42
1811.86
1812.29
1812.72
1813.16
1813.59
1814.02
1814.46
1814.89
1815.32
1815.76
iteracion: 1131
--- next_x
2174.75
2174.81
2174.87
2174.93
2174.99
2175.05
2175.11
2175.17
2175.23
2175.29
2175.35
2175.41
2175.47
2175.53
2175.59
2175.65
2175.71
2175.78
2175.84
2175.9
2175.96
2176.02
2176.09
2176.15
2176.21
2176.28
2176.34
2176.41
2176.47
2176.53
2176.6
2176.66
2176.73
2176.79
2176.86
2176.93
2176.99
2177.06
2177.12
2177.19
2177.26
2177.32
2177.39
2177.45
2177.52
2177.59
2177.66
2177.74
2177.82
2177.9
--- next_y
1794.86
1795.26
1795.66
1796.07
1796.47
1796.88
1797.29
1797.7
1798.11
1798.52
1798.93
1799.35
1799.76
1800.18
1800.6
1801.02
1801.44
1801.87
1802.29
1802.71
1803.14
1803.57
1804
1804.43
1804.86
1805.29
1805.72
1806.16
1806.59
1807.03
1807.47
1807.91
1808.35
1808.79
1809.22
1809.66
1810.1
1810.54
1810.98
1811.42
1811.86
1812.29
1812.72
1813.16
1813.59
1814.02
1814.45
1814.88
1815.3
1815.73
iteracion: 1131
--- next_x
2174.75
2174.81
2174.87
2174.93
2174.99
2175.05
2175.11
2175.17
2175.23
2175.29
2175.35
2175.41
2175.47
2175.53
2175.59
2175.65
2175.71
2175.78
2175.84
2175.9
2175.96
2176.02
2176.09
2176.15
2176.21
2176.28
2176.34
2176.41
2176.47
2176.53
2176.6
2176.66
2176.73
2176.79
2176.86
2176.93
2176.99
2177.06
2177.12
2177.19
2177.26
2177.32
2177.39
2177.45
2177.52
2177.58
2177.64
2177.69
2177.74
2177.78
--- next_y
1794.86
1795.26
1795.66
1796.07
1796.47
1796.88
1797.29
1797.7
1798.11
1798.52
1798.93
1799.35
1799.76
1800.18
1800.6
1801.02
1801.44
1801.87
1802.29
1802.71
1803.14
1803.57
1804
1804.43
1804.86
1805.29
1805.72
1806.16
1806.59
1807.03
1807.47
1807.91
1808.35
1808.79
1809.22
1809.66
1810.1
1810.54
1810.98
1811.42
1811.86
1812.29
1812.72
1813.16
1813.59
1814.02
1814.45
1814.88
1815.31
1815.74
