iteracion: 413
--- next_x
1459.6
1459.82
1460.04
1460.27
1460.49
1460.71
1460.93
1461.15
1461.37
1461.59
1461.81
1462.02
1462.24
1462.46
1462.67
1462.89
1463.11
1463.32
1463.54
1463.75
1463.96
1464.17
1464.38
1464.6
1464.81
1465.02
1465.22
1465.43
1465.64
1465.85
1466.06
1466.26
1466.47
1466.67
1466.88
1467.08
1467.28
1467.49
1467.69
1467.89
1468.09
1468.29
1468.49
1468.69
1468.89
1469.09
1469.28
1469.48
1469.68
1469.88
--- next_y
1168.84
1168.81
1168.77
1168.74
1168.71
1168.68
1168.65
1168.62
1168.59
1168.56
1168.53
1168.5
1168.47
1168.44
1168.41
1168.38
1168.35
1168.32
1168.3
1168.27
1168.23
1168.21
1168.18
1168.15
1168.12
1168.09
1168.06
1168.03
1168.01
1167.98
1167.95
1167.92
1167.89
1167.87
1167.84
1167.81
1167.78
1167.76
1167.73
1167.7
1167.67
1167.65
1167.62
1167.59
1167.56
1167.54
1167.51
1167.48
1167.45
1167.43
iteracion: 413
--- next_x
1459.6
1459.82
1460.04
1460.27
1460.49
1460.71
1460.93
1461.15
1461.37
1461.59
1461.81
1462.02
1462.24
1462.46
1462.67
1462.89
1463.11
1463.32
1463.54
1463.75
1463.96
1464.17
1464.38
1464.6
1464.81
1465.02
1465.22
1465.43
1465.64
1465.85
1466.06
1466.26
1466.47
1466.67
1466.88
1467.08
1467.28
1467.49
1467.69
1467.89
1468.09
1468.29
1468.49
1468.69
1468.89
1469.09
1469.28
1469.48
1469.68
1469.88
--- next_y
1168.84
1168.81
1168.77
1168.74
1168.71
1168.68
1168.65
1168.62
1168.59
1168.56
1168.53
1168.5
1168.47
1168.44
1168.41
1168.38
1168.35
1168.32
1168.3
1168.27
1168.23
1168.21
1168.18
1168.15
1168.12
1168.09
1168.06
1168.03
1168.01
1167.98
1167.95
1167.92
1167.89
1167.87
1167.84
1167.81
1167.78
1167.76
1167.73
1167.7
1167.67
1167.65
1167.62
1167.59
1167.56
1167.54
1167.51
1167.48
1167.45
1167.42
iteracion: 413
--- next_x
1459.6
1459.82
1460.04
1460.27
1460.49
1460.71
1460.93
1461.15
1461.37
1461.59
1461.81
1462.02
1462.24
1462.46
1462.67
1462.89
1463.11
1463.32
1463.54
1463.75
1463.96
1464.17
1464.38
1464.6
1464.81
1465.02
1465.22
1465.43
1465.64
1465.85
1466.06
1466.26
1466.47
1466.67
1466.88
1467.08
1467.28
1467.49
1467.69
1467.89
1468.09
1468.29
1468.49
1468.69
1468.89
1469.09
1469.28
1469.48
1469.68
1469.87
--- next_y
1168.84
1168.81
1168.77
1168.74
1168.71
1168.68
1168.65
1168.62
1168.59
1168.56
1168.53
1168.5
1168.47
1168.44
1168.41
1168.38
1168.35
1168.32
1168.3
1168.27
1168.23
1168.21
1168.18
1168.15
1168.12
1168.09
1168.06
1168.03
1168.01
1167.98
1167.95
1167.92
1167.89
1167.87
1167.84
1167.81
1167.78
1167.76
1167.73
1167.7
1167.67
1167.65
1167.62
1167.59
1167.56
1167.54
1167.51
1167.48
1167.46
1167.43
