iteracion: 3864
--- next_x
173.447
173.543
173.639
173.736
173.832
173.929
174.025
174.122
174.219
174.316
174.413
174.511
174.608
174.706
174.803
174.901
174.999
175.096
175.194
175.292
175.39
175.488
175.585
175.683
175.781
175.879
175.977
176.075
176.173
176.271
176.369
176.466
176.564
176.662
176.759
176.856
176.954
177.051
177.148
177.245
177.342
177.44
177.536
177.633
177.73
177.827
177.924
178.022
178.119
178.216
--- next_y
1993.48
1993.07
1992.65
1992.24
1991.83
1991.42
1991.01
1990.61
1990.2
1989.79
1989.38
1988.97
1988.57
1988.16
1987.76
1987.35
1986.95
1986.55
1986.15
1985.74
1985.34
1984.94
1984.54
1984.14
1983.74
1983.34
1982.94
1982.55
1982.15
1981.75
1981.36
1980.96
1980.57
1980.17
1979.78
1979.38
1978.99
1978.6
1978.21
1977.82
1977.43
1977.04
1976.65
1976.26
1975.87
1975.49
1975.1
1974.71
1974.32
1973.93
iteracion: 3864
--- next_x
173.447
173.543
173.639
173.736
173.832
173.929
174.025
174.122
174.219
174.316
174.413
174.511
174.608
174.706
174.803
174.901
174.999
175.096
175.194
175.292
175.39
175.488
175.585
175.683
175.781
175.879
175.977
176.075
176.173
176.271
176.369
176.466
176.564
176.662
176.759
176.856
176.954
177.051
177.148
177.245
177.342
177.44
177.536
177.633
177.73
177.827
177.924
178.018
178.108
178.196
--- next_y
1993.48
1993.07
1992.65
1992.24
1991.83
1991.42
1991.01
1990.61
1990.2
1989.79
1989.38
1988.97
1988.57
1988.16
1987.76
1987.35
1986.95
1986.55
1986.15
1985.74
1985.34
1984.94
1984.54
1984.14
1983.74
1983.34
1982.94
1982.55
1982.15
1981.75
1981.36
1980.96
1980.57
1980.17
1979.78
1979.38
1978.99
1978.6
1978.21
1977.82
1977.43
1977.04
1976.65
1976.26
1975.87
1975.49
1975.1
1974.71
1974.32
1973.94
iteracion: 3864
--- next_x
173.447
173.543
173.639
173.736
173.832
173.929
174.025
174.122
174.219
174.316
174.413
174.511
174.608
174.706
174.803
174.901
174.999
175.096
175.194
175.292
175.39
175.488
175.585
175.683
175.781
175.879
175.977
176.075
176.173
176.271
176.369
176.466
176.564
176.662
176.759
176.856
176.954
177.051
177.148
177.245
177.342
177.44
177.536
177.633
177.73
177.827
177.924
178.023
178.125
178.23
--- next_y
1993.48
1993.07
1992.65
1992.24
1991.83
1991.42
1991.01
1990.61
1990.2
1989.79
1989.38
1988.97
1988.57
1988.16
1987.76
1987.35
1986.95
1986.55
1986.15
1985.74
1985.34
1984.94
1984.54
1984.14
1983.74
1983.34
1982.94
1982.55
1982.15
1981.75
1981.36
1980.96
1980.57
1980.17
1979.78
1979.38
1978.99
1978.6
1978.21
1977.82
1977.43
1977.04
1976.65
1976.26
1975.87
1975.49
1975.1
1974.72
1974.34
1973.96
