iteracion: 993
--- next_x
2141.01
2141.07
2141.13
2141.18
2141.24
2141.3
2141.35
2141.41
2141.46
2141.52
2141.57
2141.63
2141.68
2141.74
2141.79
2141.84
2141.9
2141.95
2142
2142.06
2142.11
2142.16
2142.22
2142.27
2142.32
2142.38
2142.43
2142.48
2142.53
2142.59
2142.64
2142.69
2142.74
2142.8
2142.85
2142.9
2142.95
2143
2143.06
2143.11
2143.16
2143.21
2143.26
2143.31
2143.36
2143.42
2143.47
2143.52
2143.57
2143.62
--- next_y
1628.32
1628.59
1628.87
1629.14
1629.41
1629.69
1629.96
1630.22
1630.49
1630.76
1631.03
1631.29
1631.55
1631.82
1632.08
1632.34
1632.6
1632.85
1633.11
1633.37
1633.63
1633.88
1634.13
1634.38
1634.63
1634.88
1635.13
1635.38
1635.62
1635.86
1636.11
1636.35
1636.59
1636.83
1637.06
1637.3
1637.54
1637.77
1638.01
1638.24
1638.47
1638.7
1638.93
1639.16
1639.39
1639.62
1639.85
1640.07
1640.3
1640.53
iteracion: 993
--- next_x
2141.01
2141.07
2141.13
2141.18
2141.24
2141.3
2141.35
2141.41
2141.46
2141.52
2141.57
2141.63
2141.68
2141.74
2141.79
2141.84
2141.9
2141.95
2142
2142.06
2142.11
2142.16
2142.22
2142.27
2142.32
2142.38
2142.43
2142.48
2142.53
2142.59
2142.64
2142.69
2142.74
2142.8
2142.85
2142.9
2142.95
2143
2143.06
2143.11
2143.16
2143.21
2143.26
2143.31
2143.36
2143.42
2143.47
2143.52
2143.57
2143.63
--- next_y
1628.32
1628.59
1628.87
1629.14
1629.41
1629.69
1629.96
1630.22
1630.49
1630.76
1631.03
1631.29
1631.55
1631.82
1632.08
1632.34
1632.6
1632.85
1633.11
1633.37
1633.63
1633.88
1634.13
1634.38
1634.63
1634.88
1635.13
1635.38
1635.62
1635.86
1636.11
1636.35
1636.59
1636.83
1637.06
1637.3
1637.54
1637.77
1638.01
1638.24
1638.47
1638.7
1638.93
1639.16
1639.39
1639.62
1639.84
1640.07
1640.3
1640.52
iteracion: 993
--- next_x
2141.01
2141.07
2141.13
2141.18
2141.24
2141.3
2141.35
2141.41
2141.46
2141.52
2141.57
2141.63
2141.68
2141.74
2141.79
2141.84
2141.9
2141.95
2142
2142.06
2142.11
2142.16
2142.22
2142.27
2142.32
2142.38
2142.43
2142.48
2142.53
2142.59
2142.64
2142.69
2142.74
2142.8
2142.85
2142.9
2142.95
2143
2143.06
2143.11
2143.16
2143.21
2143.26
2143.31
2143.36
2143.42
2143.47
2143.52
2143.56
2143.61
--- next_y
1628.32
1628.59
1628.87
1629.14
1629.41
1629.69
1629.96
1630.22
1630.49
1630.76
1631.03
1631.29
1631.55
1631.82
1632.08
1632.34
1632.6
1632.85
1633.11
1633.37
1633.63
1633.88
1634.13
1634.38
1634.63
1634.88
1635.13
1635.38
1635.62
1635.86
1636.11
1636.35
1636.59
1636.83
1637.06
1637.3
1637.54
1637.77
1638.01
1638.24
1638.47
1638.7
1638.93
1639.16
1639.39
1639.62
1639.85
1640.07
1640.3
1640.53
