iteracion: 335
--- next_x
1365.25
1365.65
1366.05
1366.45
1366.85
1367.25
1367.65
1368.05
1368.44
1368.84
1369.23
1369.63
1370.03
1370.42
1370.81
1371.21
1371.6
1371.99
1372.39
1372.78
1373.17
1373.56
1373.95
1374.34
1374.73
1375.12
1375.51
1375.89
1376.28
1376.67
1377.05
1377.44
1377.82
1378.2
1378.59
1378.97
1379.35
1379.73
1380.11
1380.49
1380.87
1381.25
1381.63
1382
1382.38
1382.76
1383.13
1383.51
1383.88
1384.26
--- next_y
1180.02
1179.99
1179.95
1179.91
1179.87
1179.84
1179.8
1179.76
1179.72
1179.69
1179.65
1179.61
1179.58
1179.54
1179.5
1179.47
1179.43
1179.39
1179.36
1179.32
1179.29
1179.25
1179.21
1179.18
1179.14
1179.11
1179.07
1179.04
1179
1178.96
1178.93
1178.89
1178.86
1178.82
1178.78
1178.75
1178.71
1178.67
1178.63
1178.6
1178.56
1178.52
1178.48
1178.45
1178.41
1178.37
1178.33
1178.29
1178.26
1178.22
iteracion: 335
--- next_x
1365.25
1365.65
1366.05
1366.45
1366.85
1367.25
1367.65
1368.05
1368.44
1368.84
1369.23
1369.63
1370.03
1370.42
1370.81
1371.21
1371.6
1371.99
1372.39
1372.78
1373.17
1373.56
1373.95
1374.34
1374.73
1375.12
1375.51
1375.89
1376.28
1376.67
1377.05
1377.44
1377.82
1378.2
1378.59
1378.97
1379.35
1379.73
1380.11
1380.49
1380.87
1381.25
1381.63
1382
1382.38
1382.76
1383.13
1383.5
1383.87
1384.24
--- next_y
1180.02
1179.99
1179.95
1179.91
1179.87
1179.84
1179.8
1179.76
1179.72
1179.69
1179.65
1179.61
1179.58
1179.54
1179.5
1179.47
1179.43
1179.39
1179.36
1179.32
1179.29
1179.25
1179.21
1179.18
1179.14
1179.11
1179.07
1179.04
1179
1178.96
1178.93
1178.89
1178.86
1178.82
1178.78
1178.75
1178.71
1178.67
1178.63
1178.6
1178.56
1178.52
1178.48
1178.45
1178.41
1178.37
1178.33
1178.29
1178.25
1178.2
iteracion: 335
--- next_x
1365.25
1365.65
1366.05
1366.45
1366.85
1367.25
1367.65
1368.05
1368.44
1368.84
1369.23
1369.63
1370.03
1370.42
1370.81
1371.21
1371.6
1371.99
1372.39
1372.78
1373.17
1373.56
1373.95
1374.34
1374.73
1375.12
1375.51
1375.89
1376.28
1376.67
1377.05
1377.44
1377.82
1378.2
1378.59
1378.97
1379.35
1379.73
1380.11
1380.49
1380.87
1381.25
1381.63
1382
1382.38
1382.76
1383.13
1383.5
1383.88
1384.25
--- next_y
1180.02
1179.99
1179.95
1179.91
1179.87
1179.84
1179.8
1179.76
1179.72
1179.69
1179.65
1179.61
1179.58
1179.54
1179.5
1179.47
1179.43
1179.39
1179.36
1179.32
1179.29
1179.25
1179.21
1179.18
1179.14
1179.11
1179.07
1179.04
1179
1178.96
1178.93
1178.89
1178.86
1178.82
1178.78
1178.75
1178.71
1178.67
1178.63
1178.6
1178.56
1178.52
1178.48
1178.45
1178.41
1178.37
1178.33
1178.3
1178.26
1178.24
