iteracion: 1139
--- next_x
2176.6
2176.66
2176.73
2176.79
2176.86
2176.93
2176.99
2177.06
2177.12
2177.19
2177.26
2177.32
2177.39
2177.45
2177.52
2177.58
2177.65
2177.71
2177.78
2177.84
2177.91
2177.97
2178.04
2178.1
2178.16
2178.23
2178.29
2178.35
2178.42
2178.48
2178.54
2178.61
2178.67
2178.73
2178.79
2178.86
2178.92
2178.98
2179.04
2179.1
2179.16
2179.22
2179.28
2179.34
2179.41
2179.47
2179.53
2179.59
2179.65
2179.71
--- next_y
1807.47
1807.91
1808.35
1808.79
1809.22
1809.66
1810.1
1810.54
1810.98
1811.42
1811.86
1812.29
1812.72
1813.16
1813.59
1814.02
1814.45
1814.88
1815.31
1815.73
1816.16
1816.58
1817.01
1817.42
1817.85
1818.26
1818.68
1819.1
1819.51
1819.93
1820.34
1820.75
1821.16
1821.57
1821.98
1822.38
1822.79
1823.19
1823.6
1824
1824.4
1824.8
1825.19
1825.59
1825.98
1826.38
1826.77
1827.17
1827.56
1827.96
iteracion: 1139
--- next_x
2176.6
2176.66
2176.73
2176.79
2176.86
2176.93
2176.99
2177.06
2177.12
2177.19
2177.26
2177.32
2177.39
2177.45
2177.52
2177.58
2177.65
2177.71
2177.78
2177.84
2177.91
2177.97
2178.04
2178.1
2178.16
2178.23
2178.29
2178.35
2178.42
2178.48
2178.54
2178.61
2178.67
2178.73
2178.79
2178.86
2178.92
2178.98
2179.04
2179.1
2179.16
2179.22
2179.28
2179.34
2179.41
2179.47
2179.53
2179.59
2179.66
2179.74
--- next_y
1807.47
1807.91
1808.35
1808.79
1809.22
1809.66
1810.1
1810.54
1810.98
1811.42
1811.86
1812.29
1812.72
1813.16
1813.59
1814.02
1814.45
1814.88
1815.31
1815.73
1816.16
1816.58
1817.01
1817.42
1817.85
1818.26
1818.68
1819.1
1819.51
1819.93
1820.34
1820.75
1821.16
1821.57
1821.98
1822.38
1822.79
1823.19
1823.6
1824
1824.4
1824.8
1825.19
1825.59
1825.98
1826.38
1826.77
1827.16
1827.55
1827.94
iteracion: 1139
--- next_x
2176.6
2176.66
2176.73
2176.79
2176.86
2176.93
2176.99
2177.06
2177.12
2177.19
2177.26
2177.32
2177.39
2177.45
2177.52
2177.58
2177.65
2177.71
2177.78
2177.84
2177.91
2177.97
2178.04
2178.1
2178.16
2178.23
2178.29
2178.35
2178.42
2178.48
2178.54
2178.61
2178.67
2178.73
2178.79
2178.86
2178.92
2178.98
2179.04
2179.1
2179.16
2179.22
2179.28
2179.34
2179.41
2179.47
2179.52
2179.57
2179.62
2179.67
--- next_y
1807.47
1807.91
1808.35
1808.79
1809.22
1809.66
1810.1
1810.54
1810.98
1811.42
1811.86
1812.29
1812.72
1813.16
1813.59
1814.02
1814.45
1814.88
1815.31
1815.73
1816.16
1816.58
1817.01
1817.42
1817.85
1818.26
1818.68
1819.1
1819.51
1819.93
1820.34
1820.75
1821.16
1821.57
1821.98
1822.38
1822.79
1823.19
1823.6
1824
1824.4
1824.8
1825.19
1825.59
1825.98
1826.38
1826.77
1827.16
1827.55
1827.94
