iteracion: 1994
--- next_x
2337.57
2337.58
2337.59
2337.61
2337.61
2337.62
2337.64
2337.64
2337.65
2337.66
2337.67
2337.68
2337.69
2337.7
2337.71
2337.72
2337.72
2337.73
2337.74
2337.74
2337.75
2337.76
2337.77
2337.77
2337.78
2337.79
2337.79
2337.8
2337.8
2337.81
2337.81
2337.82
2337.82
2337.83
2337.83
2337.84
2337.84
2337.84
2337.85
2337.85
2337.85
2337.86
2337.86
2337.86
2337.86
2337.87
2337.87
2337.87
2337.87
2337.87
--- next_y
2571.19
2571.47
2571.75
2572.03
2572.31
2572.59
2572.87
2573.14
2573.42
2573.7
2573.97
2574.25
2574.52
2574.79
2575.07
2575.34
2575.61
2575.88
2576.15
2576.42
2576.69
2576.96
2577.23
2577.5
2577.76
2578.03
2578.3
2578.56
2578.83
2579.09
2579.35
2579.62
2579.88
2580.14
2580.41
2580.67
2580.94
2581.21
2581.48
2581.75
2582.02
2582.29
2582.57
2582.85
2583.13
2583.4
2583.68
2583.96
2584.24
2584.51
iteracion: 1994
--- next_x
2337.57
2337.58
2337.59
2337.61
2337.61
2337.62
2337.64
2337.64
2337.65
2337.66
2337.67
2337.68
2337.69
2337.7
2337.71
2337.72
2337.72
2337.73
2337.74
2337.74
2337.75
2337.76
2337.77
2337.77
2337.78
2337.79
2337.79
2337.8
2337.8
2337.81
2337.81
2337.82
2337.82
2337.83
2337.83
2337.84
2337.84
2337.84
2337.85
2337.85
2337.85
2337.86
2337.86
2337.86
2337.86
2337.87
2337.87
2337.87
2337.88
2337.88
--- next_y
2571.19
2571.47
2571.75
2572.03
2572.31
2572.59
2572.87
2573.14
2573.42
2573.7
2573.97
2574.25
2574.52
2574.79
2575.07
2575.34
2575.61
2575.88
2576.15
2576.42
2576.69
2576.96
2577.23
2577.5
2577.76
2578.03
2578.3
2578.56
2578.83
2579.09
2579.35
2579.62
2579.88
2580.14
2580.41
2580.67
2580.94
2581.21
2581.48
2581.75
2582.02
2582.29
2582.57
2582.85
2583.13
2583.4
2583.68
2583.96
2584.23
2584.51
iteracion: 1994
--- next_x
2337.57
2337.58
2337.59
2337.61
2337.61
2337.62
2337.64
2337.64
2337.65
2337.66
2337.67
2337.68
2337.69
2337.7
2337.71
2337.72
2337.72
2337.73
2337.74
2337.74
2337.75
2337.76
2337.77
2337.77
2337.78
2337.79
2337.79
2337.8
2337.8
2337.81
2337.81
2337.82
2337.82
2337.83
2337.83
2337.84
2337.84
2337.84
2337.85
2337.85
2337.85
2337.86
2337.86
2337.86
2337.86
2337.87
2337.87
2337.87
2337.87
2337.86
--- next_y
2571.19
2571.47
2571.75
2572.03
2572.31
2572.59
2572.87
2573.14
2573.42
2573.7
2573.97
2574.25
2574.52
2574.79
2575.07
2575.34
2575.61
2575.88
2576.15
2576.42
2576.69
2576.96
2577.23
2577.5
2577.76
2578.03
2578.3
2578.56
2578.83
2579.09
2579.35
2579.62
2579.88
2580.14
2580.41
2580.67
2580.94
2581.21
2581.48
2581.75
2582.02
2582.29
2582.57
2582.85
2583.13
2583.4
2583.68
2583.95
2584.23
2584.51
