iteracion: 1528
--- next_x
2207.17
2207.25
2207.34
2207.42
2207.5
2207.59
2207.67
2207.75
2207.83
2207.92
2208
2208.08
2208.16
2208.25
2208.33
2208.41
2208.49
2208.58
2208.66
2208.74
2208.82
2208.91
2208.99
2209.07
2209.16
2209.24
2209.32
2209.4
2209.48
2209.56
2209.64
2209.72
2209.8
2209.88
2209.96
2210.04
2210.12
2210.2
2210.28
2210.36
2210.43
2210.51
2210.59
2210.67
2210.75
2210.83
2210.91
2210.99
2211.07
2211.15
--- next_y
2005.98
2006.42
2006.86
2007.29
2007.73
2008.17
2008.61
2009.05
2009.48
2009.92
2010.36
2010.8
2011.24
2011.68
2012.11
2012.55
2012.99
2013.43
2013.87
2014.31
2014.74
2015.18
2015.62
2016.06
2016.5
2016.93
2017.37
2017.81
2018.25
2018.69
2019.12
2019.56
2019.99
2020.43
2020.86
2021.3
2021.73
2022.16
2022.6
2023.03
2023.46
2023.89
2024.32
2024.75
2025.18
2025.61
2026.04
2026.47
2026.89
2027.32
iteracion: 1528
--- next_x
2207.17
2207.25
2207.34
2207.42
2207.5
2207.59
2207.67
2207.75
2207.83
2207.92
2208
2208.08
2208.16
2208.25
2208.33
2208.41
2208.49
2208.58
2208.66
2208.74
2208.82
2208.91
2208.99
2209.07
2209.16
2209.24
2209.32
2209.4
2209.48
2209.56
2209.64
2209.72
2209.8
2209.88
2209.96
2210.04
2210.12
2210.2
2210.28
2210.36
2210.43
2210.51
2210.59
2210.67
2210.75
2210.83
2210.92
2211.01
2211.11
2211.21
--- next_y
2005.98
2006.42
2006.86
2007.29
2007.73
2008.17
2008.61
2009.05
2009.48
2009.92
2010.36
2010.8
2011.24
2011.68
2012.11
2012.55
2012.99
2013.43
2013.87
2014.31
2014.74
2015.18
2015.62
2016.06
2016.5
2016.93
2017.37
2017.81
2018.25
2018.69
2019.12
2019.56
2019.99
2020.43
2020.86
2021.3
2021.73
2022.16
2022.6
2023.03
2023.46
2023.89
2024.32
2024.75
2025.18
2025.6
2026.02
2026.44
2026.86
2027.28
iteracion: 1528
--- next_x
2207.17
2207.25
2207.34
2207.42
2207.5
2207.59
2207.67
2207.75
2207.83
2207.92
2208
2208.08
2208.16
2208.25
2208.33
2208.41
2208.49
2208.58
2208.66
2208.74
2208.82
2208.91
2208.99
2209.07
2209.16
2209.24
2209.32
2209.4
2209.48
2209.56
2209.64
2209.72
2209.8
2209.88
2209.96
2210.04
2210.12
2210.2
2210.28
2210.36
2210.43
2210.51
2210.59
2210.67
2210.75
2210.82
2210.9
2210.96
2211.02
2211.08
--- next_y
2005.98
2006.42
2006.86
2007.29
2007.73
2008.17
2008.61
2009.05
2009.48
2009.92
2010.36
2010.8
2011.24
2011.68
2012.11
2012.55
2012.99
2013.43
2013.87
2014.31
2014.74
2015.18
2015.62
2016.06
2016.5
2016.93
2017.37
2017.81
2018.25
2018.69
2019.12
2019.56
2019.99
2020.43
2020.86
2021.3
2021.73
2022.16
2022.6
2023.03
2023.46
2023.89
2024.32
2024.75
2025.18
2025.6
2026.03
2026.46
2026.89
2027.32
