iteracion: 1015
--- next_x
2086.57
2086.69
2086.82
2086.94
2087.06
2087.18
2087.31
2087.43
2087.55
2087.68
2087.8
2087.93
2088.05
2088.18
2088.3
2088.43
2088.55
2088.68
2088.8
2088.93
2089.05
2089.18
2089.31
2089.43
2089.56
2089.69
2089.81
2089.94
2090.07
2090.19
2090.32
2090.45
2090.57
2090.7
2090.82
2090.94
2091.07
2091.19
2091.32
2091.44
2091.56
2091.69
2091.81
2091.93
2092.06
2092.18
2092.3
2092.43
2092.55
2092.67
--- next_y
1358.83
1359.22
1359.62
1360.01
1360.41
1360.81
1361.2
1361.6
1362
1362.41
1362.81
1363.21
1363.62
1364.03
1364.44
1364.84
1365.26
1365.67
1366.08
1366.49
1366.91
1367.33
1367.75
1368.16
1368.59
1369.01
1369.43
1369.85
1370.27
1370.69
1371.11
1371.53
1371.95
1372.37
1372.79
1373.2
1373.62
1374.04
1374.45
1374.86
1375.28
1375.69
1376.1
1376.51
1376.93
1377.34
1377.75
1378.16
1378.57
1378.98
iteracion: 1015
--- next_x
2086.57
2086.69
2086.82
2086.94
2087.06
2087.18
2087.31
2087.43
2087.55
2087.68
2087.8
2087.93
2088.05
2088.18
2088.3
2088.43
2088.55
2088.68
2088.8
2088.93
2089.05
2089.18
2089.31
2089.43
2089.56
2089.69
2089.81
2089.94
2090.07
2090.19
2090.32
2090.45
2090.57
2090.7
2090.82
2090.94
2091.07
2091.19
2091.32
2091.44
2091.56
2091.69
2091.81
2091.93
2092.06
2092.18
2092.31
2092.44
2092.58
2092.72
--- next_y
1358.83
1359.22
1359.62
1360.01
1360.41
1360.81
1361.2
1361.6
1362
1362.41
1362.81
1363.21
1363.62
1364.03
1364.44
1364.84
1365.26
1365.67
1366.08
1366.49
1366.91
1367.33
1367.75
1368.16
1368.59
1369.01
1369.43
1369.85
1370.27
1370.69
1371.11
1371.53
1371.95
1372.37
1372.79
1373.2
1373.62
1374.04
1374.45
1374.86
1375.28
1375.69
1376.1
1376.51
1376.93
1377.33
1377.74
1378.14
1378.55
1378.95
iteracion: 1015
--- next_x
2086.57
2086.69
2086.82
2086.94
2087.06
2087.18
2087.31
2087.43
2087.55
2087.68
2087.8
2087.93
2088.05
2088.18
2088.3
2088.43
2088.55
2088.68
2088.8
2088.93
2089.05
2089.18
2089.31
2089.43
2089.56
2089.69
2089.81
2089.94
2090.07
2090.19
2090.32
2090.45
2090.57
2090.7
2090.82
2090.94
2091.07
2091.19
2091.32
2091.44
2091.56
2091.69
2091.81
2091.93
2092.06
2092.17
2092.29
2092.4
2092.51
2092.61
--- next_y
1358.83
1359.22
1359.62
1360.01
1360.41
1360.81
1361.2
1361.6
1362
1362.41
1362.81
1363.21
1363.62
1364.03
1364.44
1364.84
1365.26
1365.67
1366.08
1366.49
1366.91
1367.33
1367.75
1368.16
1368.59
1369.01
1369.43
1369.85
1370.27
1370.69
1371.11
1371.53
1371.95
1372.37
1372.79
1373.2
1373.62
1374.04
1374.45
1374.86
1375.28
1375.69
1376.1
1376.51
1376.93
1377.33
1377.74
1378.15
1378.56
1378.98
