iteracion: 1716
--- next_x
2263.22
2263.27
2263.32
2263.37
2263.42
2263.47
2263.51
2263.56
2263.61
2263.66
2263.71
2263.76
2263.8
2263.85
2263.9
2263.95
2263.99
2264.04
2264.09
2264.14
2264.18
2264.23
2264.28
2264.32
2264.37
2264.41
2264.46
2264.51
2264.55
2264.6
2264.64
2264.68
2264.73
2264.77
2264.82
2264.86
2264.91
2264.95
2264.99
2265.03
2265.08
2265.12
2265.16
2265.2
2265.25
2265.29
2265.33
2265.38
2265.42
2265.46
--- next_y
2244.8
2245.05
2245.31
2245.57
2245.82
2246.08
2246.34
2246.59
2246.85
2247.1
2247.35
2247.61
2247.86
2248.11
2248.36
2248.62
2248.87
2249.12
2249.37
2249.62
2249.87
2250.11
2250.36
2250.61
2250.86
2251.1
2251.34
2251.59
2251.84
2252.08
2252.32
2252.56
2252.8
2253.05
2253.29
2253.52
2253.76
2254
2254.24
2254.47
2254.71
2254.95
2255.18
2255.41
2255.65
2255.88
2256.12
2256.35
2256.58
2256.82
iteracion: 1716
--- next_x
2263.22
2263.27
2263.32
2263.37
2263.42
2263.47
2263.51
2263.56
2263.61
2263.66
2263.71
2263.76
2263.8
2263.85
2263.9
2263.95
2263.99
2264.04
2264.09
2264.14
2264.18
2264.23
2264.28
2264.32
2264.37
2264.41
2264.46
2264.51
2264.55
2264.6
2264.64
2264.68
2264.73
2264.77
2264.82
2264.86
2264.91
2264.95
2264.99
2265.03
2265.08
2265.12
2265.16
2265.2
2265.25
2265.29
2265.33
2265.38
2265.42
2265.47
--- next_y
2244.8
2245.05
2245.31
2245.57
2245.82
2246.08
2246.34
2246.59
2246.85
2247.1
2247.35
2247.61
2247.86
2248.11
2248.36
2248.62
2248.87
2249.12
2249.37
2249.62
2249.87
2250.11
2250.36
2250.61
2250.86
2251.1
2251.34
2251.59
2251.84
2252.08
2252.32
2252.56
2252.8
2253.05
2253.29
2253.52
2253.76
2254
2254.24
2254.47
2254.71
2254.95
2255.18
2255.41
2255.65
2255.88
2256.11
2256.34
2256.58
2256.81
iteracion: 1716
--- next_x
2263.22
2263.27
2263.32
2263.37
2263.42
2263.47
2263.51
2263.56
2263.61
2263.66
2263.71
2263.76
2263.8
2263.85
2263.9
2263.95
2263.99
2264.04
2264.09
2264.14
2264.18
2264.23
2264.28
2264.32
2264.37
2264.41
2264.46
2264.51
2264.55
2264.6
2264.64
2264.68
2264.73
2264.77
2264.82
2264.86
2264.91
2264.95
2264.99
2265.03
2265.08
2265.12
2265.16
2265.2
2265.25
2265.29
2265.33
2265.37
2265.41
2265.45
--- next_y
2244.8
2245.05
2245.31
2245.57
2245.82
2246.08
2246.34
2246.59
2246.85
2247.1
2247.35
2247.61
2247.86
2248.11
2248.36
2248.62
2248.87
2249.12
2249.37
2249.62
2249.87
2250.11
2250.36
2250.61
2250.86
2251.1
2251.34
2251.59
2251.84
2252.08
2252.32
2252.56
2252.8
2253.05
2253.29
2253.52
2253.76
2254
2254.24
2254.47
2254.71
2254.95
2255.18
2255.41
2255.65
2255.88
2256.11
2256.35
2256.58
2256.81
