iteracion: 1260
--- next_x
2155.26
2155.34
2155.43
2155.52
2155.6
2155.69
2155.78
2155.86
2155.95
2156.04
2156.12
2156.21
2156.3
2156.38
2156.47
2156.55
2156.64
2156.72
2156.81
2156.89
2156.97
2157.06
2157.14
2157.22
2157.31
2157.39
2157.48
2157.56
2157.64
2157.72
2157.81
2157.89
2157.97
2158.05
2158.14
2158.22
2158.3
2158.38
2158.46
2158.54
2158.62
2158.7
2158.78
2158.86
2158.94
2159.02
2159.09
2159.17
2159.25
2159.33
--- next_y
1689.53
1689.87
1690.22
1690.57
1690.92
1691.26
1691.61
1691.95
1692.3
1692.64
1692.99
1693.33
1693.67
1694.02
1694.36
1694.7
1695.04
1695.38
1695.72
1696.06
1696.4
1696.74
1697.08
1697.41
1697.75
1698.09
1698.42
1698.76
1699.1
1699.43
1699.77
1700.1
1700.43
1700.77
1701.1
1701.43
1701.76
1702.09
1702.42
1702.76
1703.08
1703.41
1703.74
1704.07
1704.4
1704.73
1705.05
1705.38
1705.71
1706.04
iteracion: 1260
--- next_x
2155.26
2155.34
2155.43
2155.52
2155.6
2155.69
2155.78
2155.86
2155.95
2156.04
2156.12
2156.21
2156.3
2156.38
2156.47
2156.55
2156.64
2156.72
2156.81
2156.89
2156.97
2157.06
2157.14
2157.22
2157.31
2157.39
2157.48
2157.56
2157.64
2157.72
2157.81
2157.89
2157.97
2158.05
2158.14
2158.22
2158.3
2158.38
2158.46
2158.54
2158.62
2158.7
2158.78
2158.86
2158.94
2159.02
2159.1
2159.18
2159.26
2159.35
--- next_y
1689.53
1689.87
1690.22
1690.57
1690.92
1691.26
1691.61
1691.95
1692.3
1692.64
1692.99
1693.33
1693.67
1694.02
1694.36
1694.7
1695.04
1695.38
1695.72
1696.06
1696.4
1696.74
1697.08
1697.41
1697.75
1698.09
1698.42
1698.76
1699.1
1699.43
1699.77
1700.1
1700.43
1700.77
1701.1
1701.43
1701.76
1702.09
1702.42
1702.76
1703.08
1703.41
1703.74
1704.07
1704.4
1704.73
1705.05
1705.38
1705.7
1706.03
iteracion: 1260
--- next_x
2155.26
2155.34
2155.43
2155.52
2155.6
2155.69
2155.78
2155.86
2155.95
2156.04
2156.12
2156.21
2156.3
2156.38
2156.47
2156.55
2156.64
2156.72
2156.81
2156.89
2156.97
2157.06
2157.14
2157.22
2157.31
2157.39
2157.48
2157.56
2157.64
2157.72
2157.81
2157.89
2157.97
2158.05
2158.14
2158.22
2158.3
2158.38
2158.46
2158.54
2158.62
2158.7
2158.78
2158.86
2158.94
2159.02
2159.09
2159.17
2159.24
2159.31
--- next_y
1689.53
1689.87
1690.22
1690.57
1690.92
1691.26
1691.61
1691.95
1692.3
1692.64
1692.99
1693.33
1693.67
1694.02
1694.36
1694.7
1695.04
1695.38
1695.72
1696.06
1696.4
1696.74
1697.08
1697.41
1697.75
1698.09
1698.42
1698.76
1699.1
1699.43
1699.77
1700.1
1700.43
1700.77
1701.1
1701.43
1701.76
1702.09
1702.42
1702.76
1703.08
1703.41
1703.74
1704.07
1704.4
1704.73
1705.05
1705.37
1705.7
1706.02
