iteracion: 925
--- next_x
2051.08
2051.21
2051.34
2051.46
2051.59
2051.72
2051.84
2051.97
2052.1
2052.22
2052.34
2052.47
2052.59
2052.71
2052.84
2052.96
2053.08
2053.2
2053.32
2053.44
2053.55
2053.67
2053.79
2053.91
2054.03
2054.14
2054.26
2054.37
2054.49
2054.6
2054.71
2054.83
2054.94
2055.05
2055.16
2055.27
2055.38
2055.49
2055.6
2055.71
2055.82
2055.93
2056.04
2056.14
2056.25
2056.36
2056.47
2056.57
2056.68
2056.79
--- next_y
1266.06
1266.33
1266.59
1266.86
1267.12
1267.39
1267.65
1267.91
1268.18
1268.44
1268.7
1268.96
1269.22
1269.48
1269.74
1270.01
1270.26
1270.52
1270.78
1271.04
1271.3
1271.55
1271.81
1272.07
1272.32
1272.58
1272.83
1273.08
1273.34
1273.59
1273.84
1274.1
1274.35
1274.6
1274.85
1275.1
1275.35
1275.6
1275.85
1276.1
1276.35
1276.59
1276.84
1277.09
1277.34
1277.58
1277.83
1278.08
1278.33
1278.57
iteracion: 925
--- next_x
2051.08
2051.21
2051.34
2051.46
2051.59
2051.72
2051.84
2051.97
2052.1
2052.22
2052.34
2052.47
2052.59
2052.71
2052.84
2052.96
2053.08
2053.2
2053.32
2053.44
2053.55
2053.67
2053.79
2053.91
2054.03
2054.14
2054.26
2054.37
2054.49
2054.6
2054.71
2054.83
2054.94
2055.05
2055.16
2055.27
2055.38
2055.49
2055.6
2055.71
2055.82
2055.93
2056.04
2056.14
2056.25
2056.36
2056.47
2056.58
2056.69
2056.8
--- next_y
1266.06
1266.33
1266.59
1266.86
1267.12
1267.39
1267.65
1267.91
1268.18
1268.44
1268.7
1268.96
1269.22
1269.48
1269.74
1270.01
1270.26
1270.52
1270.78
1271.04
1271.3
1271.55
1271.81
1272.07
1272.32
1272.58
1272.83
1273.08
1273.34
1273.59
1273.84
1274.1
1274.35
1274.6
1274.85
1275.1
1275.35
1275.6
1275.85
1276.1
1276.35
1276.59
1276.84
1277.09
1277.34
1277.58
1277.83
1278.07
1278.32
1278.56
iteracion: 925
--- next_x
2051.08
2051.21
2051.34
2051.46
2051.59
2051.72
2051.84
2051.97
2052.1
2052.22
2052.34
2052.47
2052.59
2052.71
2052.84
2052.96
2053.08
2053.2
2053.32
2053.44
2053.55
2053.67
2053.79
2053.91
2054.03
2054.14
2054.26
2054.37
2054.49
2054.6
2054.71
2054.83
2054.94
2055.05
2055.16
2055.27
2055.38
2055.49
2055.6
2055.71
2055.82
2055.93
2056.04
2056.14
2056.25
2056.36
2056.46
2056.56
2056.67
2056.77
--- next_y
1266.06
1266.33
1266.59
1266.86
1267.12
1267.39
1267.65
1267.91
1268.18
1268.44
1268.7
1268.96
1269.22
1269.48
1269.74
1270.01
1270.26
1270.52
1270.78
1271.04
1271.3
1271.55
1271.81
1272.07
1272.32
1272.58
1272.83
1273.08
1273.34
1273.59
1273.84
1274.1
1274.35
1274.6
1274.85
1275.1
1275.35
1275.6
1275.85
1276.1
1276.35
1276.59
1276.84
1277.09
1277.34
1277.58
1277.83
1278.07
1278.32
1278.57
