iteracion: 1554
--- next_x
2215.36
2215.45
2215.53
2215.61
2215.7
2215.78
2215.86
2215.95
2216.03
2216.12
2216.2
2216.28
2216.37
2216.45
2216.54
2216.62
2216.7
2216.79
2216.87
2216.96
2217.04
2217.12
2217.21
2217.3
2217.38
2217.47
2217.55
2217.64
2217.72
2217.81
2217.9
2217.98
2218.07
2218.16
2218.24
2218.33
2218.42
2218.51
2218.59
2218.68
2218.77
2218.86
2218.95
2219.04
2219.13
2219.22
2219.31
2219.4
2219.49
2219.58
--- next_y
2048.24
2048.64
2049.03
2049.42
2049.82
2050.21
2050.6
2050.99
2051.38
2051.77
2052.16
2052.55
2052.94
2053.32
2053.71
2054.1
2054.48
2054.87
2055.25
2055.64
2056.02
2056.4
2056.78
2057.16
2057.54
2057.92
2058.3
2058.68
2059.05
2059.43
2059.81
2060.18
2060.56
2060.93
2061.31
2061.68
2062.05
2062.42
2062.79
2063.16
2063.53
2063.9
2064.27
2064.64
2065
2065.37
2065.74
2066.1
2066.47
2066.83
iteracion: 1554
--- next_x
2215.36
2215.45
2215.53
2215.61
2215.7
2215.78
2215.86
2215.95
2216.03
2216.12
2216.2
2216.28
2216.37
2216.45
2216.54
2216.62
2216.7
2216.79
2216.87
2216.96
2217.04
2217.12
2217.21
2217.3
2217.38
2217.47
2217.55
2217.64
2217.72
2217.81
2217.9
2217.98
2218.07
2218.16
2218.24
2218.33
2218.42
2218.51
2218.59
2218.68
2218.77
2218.86
2218.95
2219.04
2219.13
2219.22
2219.31
2219.4
2219.5
2219.6
--- next_y
2048.24
2048.64
2049.03
2049.42
2049.82
2050.21
2050.6
2050.99
2051.38
2051.77
2052.16
2052.55
2052.94
2053.32
2053.71
2054.1
2054.48
2054.87
2055.25
2055.64
2056.02
2056.4
2056.78
2057.16
2057.54
2057.92
2058.3
2058.68
2059.05
2059.43
2059.81
2060.18
2060.56
2060.93
2061.31
2061.68
2062.05
2062.42
2062.79
2063.16
2063.53
2063.9
2064.27
2064.64
2065
2065.37
2065.73
2066.09
2066.45
2066.8
iteracion: 1554
--- next_x
2215.36
2215.45
2215.53
2215.61
2215.7
2215.78
2215.86
2215.95
2216.03
2216.12
2216.2
2216.28
2216.37
2216.45
2216.54
2216.62
2216.7
2216.79
2216.87
2216.96
2217.04
2217.12
2217.21
2217.3
2217.38
2217.47
2217.55
2217.64
2217.72
2217.81
2217.9
2217.98
2218.07
2218.16
2218.24
2218.33
2218.42
2218.51
2218.59
2218.68
2218.77
2218.86
2218.95
2219.04
2219.13
2219.22
2219.3
2219.39
2219.47
2219.55
--- next_y
2048.24
2048.64
2049.03
2049.42
2049.82
2050.21
2050.6
2050.99
2051.38
2051.77
2052.16
2052.55
2052.94
2053.32
2053.71
2054.1
2054.48
2054.87
2055.25
2055.64
2056.02
2056.4
2056.78
2057.16
2057.54
2057.92
2058.3
2058.68
2059.05
2059.43
2059.81
2060.18
2060.56
2060.93
2061.31
2061.68
2062.05
2062.42
2062.79
2063.16
2063.53
2063.9
2064.27
2064.64
2065
2065.37
2065.73
2066.1
2066.47
2066.83
