iteracion: 566
--- next_x
1647.15
1647.41
1647.66
1647.92
1648.17
1648.42
1648.67
1648.93
1649.18
1649.43
1649.68
1649.93
1650.18
1650.43
1650.68
1650.93
1651.17
1651.42
1651.67
1651.91
1652.16
1652.4
1652.64
1652.89
1653.13
1653.37
1653.61
1653.86
1654.1
1654.34
1654.57
1654.81
1655.05
1655.29
1655.52
1655.76
1655.99
1656.23
1656.46
1656.7
1656.93
1657.16
1657.39
1657.62
1657.85
1658.08
1658.31
1658.54
1658.77
1659.01
--- next_y
1151.04
1151.01
1150.99
1150.97
1150.94
1150.92
1150.9
1150.88
1150.86
1150.83
1150.81
1150.79
1150.77
1150.74
1150.72
1150.7
1150.68
1150.66
1150.63
1150.61
1150.59
1150.57
1150.55
1150.53
1150.51
1150.48
1150.46
1150.44
1150.42
1150.4
1150.38
1150.36
1150.34
1150.32
1150.3
1150.28
1150.26
1150.24
1150.22
1150.2
1150.18
1150.16
1150.14
1150.12
1150.1
1150.08
1150.06
1150.04
1150.02
1150.01
iteracion: 566
--- next_x
1647.15
1647.41
1647.66
1647.92
1648.17
1648.42
1648.67
1648.93
1649.18
1649.43
1649.68
1649.93
1650.18
1650.43
1650.68
1650.93
1651.17
1651.42
1651.67
1651.91
1652.16
1652.4
1652.64
1652.89
1653.13
1653.37
1653.61
1653.86
1654.1
1654.34
1654.57
1654.81
1655.05
1655.29
1655.52
1655.76
1655.99
1656.23
1656.46
1656.7
1656.93
1657.16
1657.39
1657.62
1657.85
1658.08
1658.31
1658.54
1658.77
1659
--- next_y
1151.04
1151.01
1150.99
1150.97
1150.94
1150.92
1150.9
1150.88
1150.86
1150.83
1150.81
1150.79
1150.77
1150.74
1150.72
1150.7
1150.68
1150.66
1150.63
1150.61
1150.59
1150.57
1150.55
1150.53
1150.51
1150.48
1150.46
1150.44
1150.42
1150.4
1150.38
1150.36
1150.34
1150.32
1150.3
1150.28
1150.26
1150.24
1150.22
1150.2
1150.18
1150.16
1150.14
1150.12
1150.1
1150.08
1150.06
1150.04
1150.02
1150
iteracion: 566
--- next_x
1647.15
1647.41
1647.66
1647.92
1648.17
1648.42
1648.67
1648.93
1649.18
1649.43
1649.68
1649.93
1650.18
1650.43
1650.68
1650.93
1651.17
1651.42
1651.67
1651.91
1652.16
1652.4
1652.64
1652.89
1653.13
1653.37
1653.61
1653.86
1654.1
1654.34
1654.57
1654.81
1655.05
1655.29
1655.52
1655.76
1655.99
1656.23
1656.46
1656.7
1656.93
1657.16
1657.39
1657.62
1657.85
1658.08
1658.31
1658.54
1658.77
1659
--- next_y
1151.04
1151.01
1150.99
1150.97
1150.94
1150.92
1150.9
1150.88
1150.86
1150.83
1150.81
1150.79
1150.77
1150.74
1150.72
1150.7
1150.68
1150.66
1150.63
1150.61
1150.59
1150.57
1150.55
1150.53
1150.51
1150.48
1150.46
1150.44
1150.42
1150.4
1150.38
1150.36
1150.34
1150.32
1150.3
1150.28
1150.26
1150.24
1150.22
1150.2
1150.18
1150.16
1150.14
1150.12
1150.1
1150.08
1150.06
1150.05
1150.03
1150.01
