iteracion: 1408
--- next_x
2183.59
2183.63
2183.67
2183.7
2183.74
2183.78
2183.81
2183.85
2183.88
2183.92
2183.95
2183.99
2184.02
2184.06
2184.09
2184.12
2184.16
2184.19
2184.23
2184.26
2184.3
2184.33
2184.36
2184.4
2184.43
2184.46
2184.49
2184.53
2184.56
2184.59
2184.63
2184.66
2184.69
2184.73
2184.76
2184.79
2184.82
2184.86
2184.89
2184.92
2184.96
2184.99
2185.02
2185.06
2185.09
2185.13
2185.16
2185.19
2185.23
2185.26
--- next_y
1859.56
1859.95
1860.33
1860.71
1861.09
1861.47
1861.85
1862.23
1862.61
1862.99
1863.37
1863.74
1864.12
1864.5
1864.87
1865.25
1865.62
1866
1866.37
1866.74
1867.11
1867.48
1867.85
1868.22
1868.59
1868.96
1869.33
1869.69
1870.06
1870.43
1870.79
1871.16
1871.52
1871.88
1872.25
1872.61
1872.97
1873.33
1873.69
1874.05
1874.41
1874.77
1875.12
1875.48
1875.84
1876.19
1876.55
1876.91
1877.26
1877.62
iteracion: 1408
--- next_x
2183.59
2183.63
2183.67
2183.7
2183.74
2183.78
2183.81
2183.85
2183.88
2183.92
2183.95
2183.99
2184.02
2184.06
2184.09
2184.12
2184.16
2184.19
2184.23
2184.26
2184.3
2184.33
2184.36
2184.4
2184.43
2184.46
2184.49
2184.53
2184.56
2184.59
2184.63
2184.66
2184.69
2184.73
2184.76
2184.79
2184.82
2184.86
2184.89
2184.92
2184.96
2184.99
2185.02
2185.06
2185.09
2185.13
2185.16
2185.2
2185.23
2185.28
--- next_y
1859.56
1859.95
1860.33
1860.71
1861.09
1861.47
1861.85
1862.23
1862.61
1862.99
1863.37
1863.74
1864.12
1864.5
1864.87
1865.25
1865.62
1866
1866.37
1866.74
1867.11
1867.48
1867.85
1868.22
1868.59
1868.96
1869.33
1869.69
1870.06
1870.43
1870.79
1871.16
1871.52
1871.88
1872.25
1872.61
1872.97
1873.33
1873.69
1874.05
1874.41
1874.77
1875.12
1875.48
1875.84
1876.19
1876.55
1876.9
1877.25
1877.6
iteracion: 1408
--- next_x
2183.59
2183.63
2183.67
2183.7
2183.74
2183.78
2183.81
2183.85
2183.88
2183.92
2183.95
2183.99
2184.02
2184.06
2184.09
2184.12
2184.16
2184.19
2184.23
2184.26
2184.3
2184.33
2184.36
2184.4
2184.43
2184.46
2184.49
2184.53
2184.56
2184.59
2184.63
2184.66
2184.69
2184.73
2184.76
2184.79
2184.82
2184.86
2184.89
2184.92
2184.96
2184.99
2185.02
2185.06
2185.09
2185.13
2185.16
2185.19
2185.22
2185.25
--- next_y
1859.56
1859.95
1860.33
1860.71
1861.09
1861.47
1861.85
1862.23
1862.61
1862.99
1863.37
1863.74
1864.12
1864.5
1864.87
1865.25
1865.62
1866
1866.37
1866.74
1867.11
1867.48
1867.85
1868.22
1868.59
1868.96
1869.33
1869.69
1870.06
1870.43
1870.79
1871.16
1871.52
1871.88
1872.25
1872.61
1872.97
1873.33
1873.69
1874.05
1874.41
1874.77
1875.12
1875.48
1875.84
1876.19
1876.55
1876.9
1877.26
1877.61
