iteracion: 711
--- next_x
1841.1
1841.42
1841.74
1842.06
1842.38
1842.7
1843.02
1843.34
1843.65
1843.97
1844.29
1844.6
1844.91
1845.23
1845.54
1845.85
1846.17
1846.48
1846.79
1847.1
1847.41
1847.71
1848.02
1848.33
1848.64
1848.94
1849.25
1849.55
1849.86
1850.16
1850.46
1850.77
1851.07
1851.37
1851.67
1851.97
1852.27
1852.57
1852.86
1853.16
1853.46
1853.75
1854.05
1854.34
1854.64
1854.93
1855.22
1855.52
1855.81
1856.11
--- next_y
1141.85
1141.88
1141.91
1141.95
1141.98
1142.01
1142.04
1142.07
1142.11
1142.14
1142.17
1142.2
1142.23
1142.27
1142.3
1142.33
1142.37
1142.4
1142.43
1142.46
1142.5
1142.53
1142.56
1142.6
1142.63
1142.66
1142.7
1142.73
1142.76
1142.8
1142.83
1142.86
1142.89
1142.93
1142.96
1142.99
1143.03
1143.06
1143.09
1143.13
1143.16
1143.19
1143.23
1143.27
1143.3
1143.34
1143.37
1143.41
1143.44
1143.48
iteracion: 711
--- next_x
1841.1
1841.42
1841.74
1842.06
1842.38
1842.7
1843.02
1843.34
1843.65
1843.97
1844.29
1844.6
1844.91
1845.23
1845.54
1845.85
1846.17
1846.48
1846.79
1847.1
1847.41
1847.71
1848.02
1848.33
1848.64
1848.94
1849.25
1849.55
1849.86
1850.16
1850.46
1850.77
1851.07
1851.37
1851.67
1851.97
1852.27
1852.57
1852.86
1853.16
1853.46
1853.75
1854.05
1854.34
1854.64
1854.93
1855.22
1855.52
1855.81
1856.1
--- next_y
1141.85
1141.88
1141.91
1141.95
1141.98
1142.01
1142.04
1142.07
1142.11
1142.14
1142.17
1142.2
1142.23
1142.27
1142.3
1142.33
1142.37
1142.4
1142.43
1142.46
1142.5
1142.53
1142.56
1142.6
1142.63
1142.66
1142.7
1142.73
1142.76
1142.8
1142.83
1142.86
1142.89
1142.93
1142.96
1142.99
1143.03
1143.06
1143.09
1143.13
1143.16
1143.19
1143.23
1143.27
1143.3
1143.34
1143.37
1143.4
1143.43
1143.46
iteracion: 711
--- next_x
1841.1
1841.42
1841.74
1842.06
1842.38
1842.7
1843.02
1843.34
1843.65
1843.97
1844.29
1844.6
1844.91
1845.23
1845.54
1845.85
1846.17
1846.48
1846.79
1847.1
1847.41
1847.71
1848.02
1848.33
1848.64
1848.94
1849.25
1849.55
1849.86
1850.16
1850.46
1850.77
1851.07
1851.37
1851.67
1851.97
1852.27
1852.57
1852.86
1853.16
1853.46
1853.75
1854.05
1854.34
1854.64
1854.93
1855.22
1855.51
1855.8
1856.09
--- next_y
1141.85
1141.88
1141.91
1141.95
1141.98
1142.01
1142.04
1142.07
1142.11
1142.14
1142.17
1142.2
1142.23
1142.27
1142.3
1142.33
1142.37
1142.4
1142.43
1142.46
1142.5
1142.53
1142.56
1142.6
1142.63
1142.66
1142.7
1142.73
1142.76
1142.8
1142.83
1142.86
1142.89
1142.93
1142.96
1142.99
1143.03
1143.06
1143.09
1143.13
1143.16
1143.19
1143.23
1143.27
1143.3
1143.34
1143.37
1143.41
1143.45
1143.49
