iteracion: 1889
--- next_x
2317.55
2317.62
2317.68
2317.74
2317.8
2317.86
2317.92
2317.98
2318.04
2318.1
2318.16
2318.22
2318.28
2318.34
2318.4
2318.46
2318.52
2318.58
2318.64
2318.7
2318.75
2318.81
2318.87
2318.93
2318.98
2319.04
2319.1
2319.15
2319.21
2319.27
2319.32
2319.38
2319.44
2319.49
2319.55
2319.6
2319.66
2319.71
2319.77
2319.82
2319.88
2319.93
2319.99
2320.04
2320.1
2320.15
2320.21
2320.26
2320.32
2320.37
--- next_y
2445.6
2445.91
2446.21
2446.52
2446.82
2447.12
2447.43
2447.73
2448.03
2448.33
2448.63
2448.93
2449.23
2449.53
2449.83
2450.13
2450.43
2450.72
2451.02
2451.32
2451.61
2451.91
2452.2
2452.49
2452.79
2453.08
2453.37
2453.66
2453.96
2454.25
2454.54
2454.82
2455.11
2455.4
2455.69
2455.98
2456.26
2456.55
2456.84
2457.12
2457.41
2457.69
2457.97
2458.25
2458.54
2458.82
2459.1
2459.38
2459.67
2459.95
iteracion: 1889
--- next_x
2317.55
2317.62
2317.68
2317.74
2317.8
2317.86
2317.92
2317.98
2318.04
2318.1
2318.16
2318.22
2318.28
2318.34
2318.4
2318.46
2318.52
2318.58
2318.64
2318.7
2318.75
2318.81
2318.87
2318.93
2318.98
2319.04
2319.1
2319.15
2319.21
2319.27
2319.32
2319.38
2319.44
2319.49
2319.55
2319.6
2319.66
2319.71
2319.77
2319.82
2319.88
2319.93
2319.99
2320.04
2320.1
2320.15
2320.21
2320.27
2320.33
2320.39
--- next_y
2445.6
2445.91
2446.21
2446.52
2446.82
2447.12
2447.43
2447.73
2448.03
2448.33
2448.63
2448.93
2449.23
2449.53
2449.83
2450.13
2450.43
2450.72
2451.02
2451.32
2451.61
2451.91
2452.2
2452.49
2452.79
2453.08
2453.37
2453.66
2453.96
2454.25
2454.54
2454.82
2455.11
2455.4
2455.69
2455.98
2456.26
2456.55
2456.84
2457.12
2457.41
2457.69
2457.97
2458.25
2458.54
2458.82
2459.1
2459.38
2459.66
2459.93
iteracion: 1889
--- next_x
2317.55
2317.62
2317.68
2317.74
2317.8
2317.86
2317.92
2317.98
2318.04
2318.1
2318.16
2318.22
2318.28
2318.34
2318.4
2318.46
2318.52
2318.58
2318.64
2318.7
2318.75
2318.81
2318.87
2318.93
2318.98
2319.04
2319.1
2319.15
2319.21
2319.27
2319.32
2319.38
2319.44
2319.49
2319.55
2319.6
2319.66
2319.71
2319.77
2319.82
2319.88
2319.93
2319.99
2320.04
2320.1
2320.15
2320.2
2320.25
2320.3
2320.35
--- next_y
2445.6
2445.91
2446.21
2446.52
2446.82
2447.12
2447.43
2447.73
2448.03
2448.33
2448.63
2448.93
2449.23
2449.53
2449.83
2450.13
2450.43
2450.72
2451.02
2451.32
2451.61
2451.91
2452.2
2452.49
2452.79
2453.08
2453.37
2453.66
2453.96
2454.25
2454.54
2454.82
2455.11
2455.4
2455.69
2455.98
2456.26
2456.55
2456.84
2457.12
2457.41
2457.69
2457.97
2458.25
2458.54
2458.82
2459.1
2459.38
2459.66
2459.94
