iteracion: 3903
--- next_x
188.547
188.669
188.793
188.916
189.04
189.165
189.288
189.412
189.537
189.662
189.786
189.911
190.036
190.16
190.284
190.409
190.534
190.658
190.783
190.908
191.033
191.157
191.282
191.407
191.533
191.658
191.783
191.908
192.034
192.159
192.284
192.409
192.533
192.658
192.783
192.907
193.031
193.156
193.281
193.405
193.529
193.653
193.777
193.9
194.024
194.148
194.272
194.397
194.521
194.645
--- next_y
1939.91
1939.6
1939.29
1938.98
1938.66
1938.35
1938.04
1937.73
1937.42
1937.11
1936.8
1936.49
1936.19
1935.88
1935.58
1935.27
1934.97
1934.66
1934.36
1934.06
1933.76
1933.46
1933.16
1932.86
1932.56
1932.26
1931.96
1931.66
1931.37
1931.07
1930.78
1930.48
1930.19
1929.89
1929.6
1929.31
1929.02
1928.73
1928.44
1928.15
1927.86
1927.57
1927.29
1927
1926.71
1926.43
1926.14
1925.86
1925.57
1925.28
iteracion: 3903
--- next_x
188.547
188.669
188.793
188.916
189.04
189.165
189.288
189.412
189.537
189.662
189.786
189.911
190.036
190.16
190.284
190.409
190.534
190.658
190.783
190.908
191.033
191.157
191.282
191.407
191.533
191.658
191.783
191.908
192.034
192.159
192.284
192.409
192.533
192.658
192.783
192.907
193.031
193.156
193.281
193.405
193.529
193.653
193.777
193.9
194.024
194.148
194.272
194.394
194.515
194.634
--- next_y
1939.91
1939.6
1939.29
1938.98
1938.66
1938.35
1938.04
1937.73
1937.42
1937.11
1936.8
1936.49
1936.19
1935.88
1935.58
1935.27
1934.97
1934.66
1934.36
1934.06
1933.76
1933.46
1933.16
1932.86
1932.56
1932.26
1931.96
1931.66
1931.37
1931.07
1930.78
1930.48
1930.19
1929.89
1929.6
1929.31
1929.02
1928.73
1928.44
1928.15
1927.86
1927.57
1927.29
1927
1926.71
1926.43
1926.14
1925.86
1925.57
1925.29
iteracion: 3903
--- next_x
188.547
188.669
188.793
188.916
189.04
189.165
189.288
189.412
189.537
189.662
189.786
189.911
190.036
190.16
190.284
190.409
190.534
190.658
190.783
190.908
191.033
191.157
191.282
191.407
191.533
191.658
191.783
191.908
192.034
192.159
192.284
192.409
192.533
192.658
192.783
192.907
193.031
193.156
193.281
193.405
193.529
193.653
193.777
193.9
194.024
194.148
194.272
194.396
194.522
194.65
--- next_y
1939.91
1939.6
1939.29
1938.98
1938.66
1938.35
1938.04
1937.73
1937.42
1937.11
1936.8
1936.49
1936.19
1935.88
1935.58
1935.27
1934.97
1934.66
1934.36
1934.06
1933.76
1933.46
1933.16
1932.86
1932.56
1932.26
1931.96
1931.66
1931.37
1931.07
1930.78
1930.48
1930.19
1929.89
1929.6
1929.31
1929.02
1928.73
1928.44
1928.15
1927.86
1927.57
1927.29
1927
1926.71
1926.43
1926.14
1925.86
1925.58
1925.3
