iteracion: 1771
--- next_x
2275.49
2275.59
2275.69
2275.8
2275.9
2276.01
2276.11
2276.22
2276.32
2276.43
2276.53
2276.64
2276.74
2276.85
2276.95
2277.06
2277.17
2277.27
2277.38
2277.49
2277.6
2277.71
2277.82
2277.92
2278.03
2278.14
2278.25
2278.36
2278.47
2278.58
2278.69
2278.8
2278.91
2279.01
2279.12
2279.23
2279.34
2279.45
2279.56
2279.67
2279.78
2279.89
2280
2280.11
2280.22
2280.33
2280.45
2280.56
2280.67
2280.78
--- next_y
2306.39
2306.75
2307.12
2307.48
2307.85
2308.21
2308.57
2308.93
2309.3
2309.66
2310.01
2310.37
2310.73
2311.09
2311.45
2311.8
2312.16
2312.51
2312.87
2313.22
2313.58
2313.93
2314.28
2314.64
2314.99
2315.34
2315.68
2316.03
2316.38
2316.73
2317.07
2317.42
2317.77
2318.11
2318.45
2318.8
2319.14
2319.48
2319.82
2320.16
2320.5
2320.84
2321.18
2321.51
2321.85
2322.19
2322.53
2322.87
2323.2
2323.54
iteracion: 1771
--- next_x
2275.49
2275.59
2275.69
2275.8
2275.9
2276.01
2276.11
2276.22
2276.32
2276.43
2276.53
2276.64
2276.74
2276.85
2276.95
2277.06
2277.17
2277.27
2277.38
2277.49
2277.6
2277.71
2277.82
2277.92
2278.03
2278.14
2278.25
2278.36
2278.47
2278.58
2278.69
2278.8
2278.91
2279.01
2279.12
2279.23
2279.34
2279.45
2279.56
2279.67
2279.78
2279.89
2280
2280.11
2280.22
2280.33
2280.45
2280.57
2280.69
2280.81
--- next_y
2306.39
2306.75
2307.12
2307.48
2307.85
2308.21
2308.57
2308.93
2309.3
2309.66
2310.01
2310.37
2310.73
2311.09
2311.45
2311.8
2312.16
2312.51
2312.87
2313.22
2313.58
2313.93
2314.28
2314.64
2314.99
2315.34
2315.68
2316.03
2316.38
2316.73
2317.07
2317.42
2317.77
2318.11
2318.45
2318.8
2319.14
2319.48
2319.82
2320.16
2320.5
2320.84
2321.18
2321.51
2321.85
2322.19
2322.52
2322.85
2323.18
2323.51
iteracion: 1771
--- next_x
2275.49
2275.59
2275.69
2275.8
2275.9
2276.01
2276.11
2276.22
2276.32
2276.43
2276.53
2276.64
2276.74
2276.85
2276.95
2277.06
2277.17
2277.27
2277.38
2277.49
2277.6
2277.71
2277.82
2277.92
2278.03
2278.14
2278.25
2278.36
2278.47
2278.58
2278.69
2278.8
2278.91
2279.01
2279.12
2279.23
2279.34
2279.45
2279.56
2279.67
2279.78
2279.89
2280
2280.11
2280.22
2280.33
2280.44
2280.54
2280.64
2280.74
--- next_y
2306.39
2306.75
2307.12
2307.48
2307.85
2308.21
2308.57
2308.93
2309.3
2309.66
2310.01
2310.37
2310.73
2311.09
2311.45
2311.8
2312.16
2312.51
2312.87
2313.22
2313.58
2313.93
2314.28
2314.64
2314.99
2315.34
2315.68
2316.03
2316.38
2316.73
2317.07
2317.42
2317.77
2318.11
2318.45
2318.8
2319.14
2319.48
2319.82
2320.16
2320.5
2320.84
2321.18
2321.51
2321.85
2322.19
2322.53
2322.86
2323.2
2323.54
