iteracion: 791
--- next_x
1953.94
1954.25
1954.55
1954.85
1955.16
1955.46
1955.76
1956.06
1956.35
1956.65
1956.94
1957.24
1957.53
1957.82
1958.11
1958.4
1958.68
1958.97
1959.26
1959.54
1959.82
1960.11
1960.39
1960.67
1960.96
1961.24
1961.53
1961.81
1962.1
1962.39
1962.68
1962.97
1963.26
1963.54
1963.84
1964.13
1964.42
1964.71
1965
1965.29
1965.57
1965.86
1966.14
1966.43
1966.71
1966.99
1967.27
1967.55
1967.83
1968.11
--- next_y
1167.83
1167.96
1168.09
1168.22
1168.35
1168.48
1168.62
1168.75
1168.88
1169.01
1169.14
1169.28
1169.41
1169.54
1169.67
1169.8
1169.93
1170.07
1170.2
1170.33
1170.46
1170.59
1170.72
1170.85
1170.99
1171.12
1171.26
1171.39
1171.53
1171.67
1171.81
1171.94
1172.08
1172.22
1172.37
1172.51
1172.65
1172.8
1172.94
1173.08
1173.23
1173.37
1173.52
1173.66
1173.8
1173.95
1174.09
1174.24
1174.38
1174.53
iteracion: 791
--- next_x
1953.94
1954.25
1954.55
1954.85
1955.16
1955.46
1955.76
1956.06
1956.35
1956.65
1956.94
1957.24
1957.53
1957.82
1958.11
1958.4
1958.68
1958.97
1959.26
1959.54
1959.82
1960.11
1960.39
1960.67
1960.96
1961.24
1961.53
1961.81
1962.1
1962.39
1962.68
1962.97
1963.26
1963.54
1963.84
1964.13
1964.42
1964.71
1965
1965.29
1965.57
1965.86
1966.14
1966.43
1966.71
1966.99
1967.27
1967.55
1967.83
1968.12
--- next_y
1167.83
1167.96
1168.09
1168.22
1168.35
1168.48
1168.62
1168.75
1168.88
1169.01
1169.14
1169.28
1169.41
1169.54
1169.67
1169.8
1169.93
1170.07
1170.2
1170.33
1170.46
1170.59
1170.72
1170.85
1170.99
1171.12
1171.26
1171.39
1171.53
1171.67
1171.81
1171.94
1172.08
1172.22
1172.37
1172.51
1172.65
1172.8
1172.94
1173.08
1173.23
1173.37
1173.52
1173.66
1173.8
1173.95
1174.09
1174.24
1174.38
1174.52
iteracion: 791
--- next_x
1953.94
1954.25
1954.55
1954.85
1955.16
1955.46
1955.76
1956.06
1956.35
1956.65
1956.94
1957.24
1957.53
1957.82
1958.11
1958.4
1958.68
1958.97
1959.26
1959.54
1959.82
1960.11
1960.39
1960.67
1960.96
1961.24
1961.53
1961.81
1962.1
1962.39
1962.68
1962.97
1963.26
1963.54
1963.84
1964.13
1964.42
1964.71
1965
1965.29
1965.57
1965.86
1966.14
1966.43
1966.71
1966.99
1967.27
1967.54
1967.82
1968.09
--- next_y
1167.83
1167.96
1168.09
1168.22
1168.35
1168.48
1168.62
1168.75
1168.88
1169.01
1169.14
1169.28
1169.41
1169.54
1169.67
1169.8
1169.93
1170.07
1170.2
1170.33
1170.46
1170.59
1170.72
1170.85
1170.99
1171.12
1171.26
1171.39
1171.53
1171.67
1171.81
1171.94
1172.08
1172.22
1172.37
1172.51
1172.65
1172.8
1172.94
1173.08
1173.23
1173.37
1173.52
1173.66
1173.8
1173.95
1174.09
1174.23
1174.38
1174.53
