iteracion: 848
--- next_x
1981.22
1981.6
1981.97
1982.34
1982.71
1983.09
1983.46
1983.83
1984.2
1984.57
1984.94
1985.3
1985.67
1986.04
1986.41
1986.77
1987.14
1987.51
1987.87
1988.24
1988.6
1988.96
1989.33
1989.69
1990.05
1990.42
1990.78
1991.14
1991.5
1991.86
1992.21
1992.57
1992.93
1993.29
1993.64
1993.99
1994.35
1994.7
1995.05
1995.4
1995.75
1996.1
1996.45
1996.8
1997.15
1997.49
1997.84
1998.18
1998.52
1998.86
--- next_y
1182.12
1182.36
1182.6
1182.84
1183.09
1183.33
1183.57
1183.82
1184.06
1184.3
1184.55
1184.8
1185.04
1185.29
1185.54
1185.79
1186.04
1186.29
1186.54
1186.79
1187.04
1187.3
1187.55
1187.8
1188.06
1188.31
1188.57
1188.83
1189.08
1189.34
1189.6
1189.86
1190.12
1190.39
1190.65
1190.92
1191.18
1191.45
1191.72
1191.99
1192.26
1192.53
1192.8
1193.07
1193.35
1193.62
1193.9
1194.18
1194.46
1194.74
iteracion: 848
--- next_x
1981.22
1981.6
1981.97
1982.34
1982.71
1983.09
1983.46
1983.83
1984.2
1984.57
1984.94
1985.3
1985.67
1986.04
1986.41
1986.77
1987.14
1987.51
1987.87
1988.24
1988.6
1988.96
1989.33
1989.69
1990.05
1990.42
1990.78
1991.14
1991.5
1991.86
1992.21
1992.57
1992.93
1993.29
1993.64
1993.99
1994.35
1994.7
1995.05
1995.4
1995.75
1996.1
1996.45
1996.8
1997.15
1997.49
1997.84
1998.19
1998.54
1998.89
--- next_y
1182.12
1182.36
1182.6
1182.84
1183.09
1183.33
1183.57
1183.82
1184.06
1184.3
1184.55
1184.8
1185.04
1185.29
1185.54
1185.79
1186.04
1186.29
1186.54
1186.79
1187.04
1187.3
1187.55
1187.8
1188.06
1188.31
1188.57
1188.83
1189.08
1189.34
1189.6
1189.86
1190.12
1190.39
1190.65
1190.92
1191.18
1191.45
1191.72
1191.99
1192.26
1192.53
1192.8
1193.07
1193.35
1193.62
1193.9
1194.17
1194.45
1194.72
iteracion: 848
--- next_x
1981.22
1981.6
1981.97
1982.34
1982.71
1983.09
1983.46
1983.83
1984.2
1984.57
1984.94
1985.3
1985.67
1986.04
1986.41
1986.77
1987.14
1987.51
1987.87
1988.24
1988.6
1988.96
1989.33
1989.69
1990.05
1990.42
1990.78
1991.14
1991.5
1991.86
1992.21
1992.57
1992.93
1993.29
1993.64
1993.99
1994.35
1994.7
1995.05
1995.4
1995.75
1996.1
1996.45
1996.8
1997.15
1997.49
1997.82
1998.15
1998.48
1998.8
--- next_y
1182.12
1182.36
1182.6
1182.84
1183.09
1183.33
1183.57
1183.82
1184.06
1184.3
1184.55
1184.8
1185.04
1185.29
1185.54
1185.79
1186.04
1186.29
1186.54
1186.79
1187.04
1187.3
1187.55
1187.8
1188.06
1188.31
1188.57
1188.83
1189.08
1189.34
1189.6
1189.86
1190.12
1190.39
1190.65
1190.92
1191.18
1191.45
1191.72
1191.99
1192.26
1192.53
1192.8
1193.07
1193.35
1193.62
1193.9
1194.18
1194.46
1194.74
