iteracion: 3889
--- next_x
182.558
182.662
182.766
182.871
182.976
183.081
183.188
183.294
183.402
183.509
183.618
183.727
183.837
183.947
184.057
184.169
184.281
184.393
184.505
184.619
184.732
184.846
184.96
185.074
185.189
185.305
185.421
185.537
185.654
185.771
185.888
186.006
186.124
186.242
186.361
186.48
186.599
186.719
186.839
186.959
187.079
187.2
187.322
187.443
187.564
187.686
187.809
187.932
188.056
188.18
--- next_y
1957.29
1956.94
1956.58
1956.23
1955.88
1955.53
1955.18
1954.83
1954.49
1954.14
1953.79
1953.45
1953.1
1952.76
1952.41
1952.07
1951.73
1951.38
1951.04
1950.7
1950.37
1950.03
1949.69
1949.36
1949.02
1948.68
1948.35
1948.02
1947.68
1947.35
1947.02
1946.69
1946.36
1946.03
1945.7
1945.37
1945.05
1944.72
1944.39
1944.07
1943.74
1943.42
1943.1
1942.78
1942.46
1942.14
1941.82
1941.5
1941.18
1940.86
iteracion: 3889
--- next_x
182.558
182.662
182.766
182.871
182.976
183.081
183.188
183.294
183.402
183.509
183.618
183.727
183.837
183.947
184.057
184.169
184.281
184.393
184.505
184.619
184.732
184.846
184.96
185.074
185.189
185.305
185.421
185.537
185.654
185.771
185.888
186.006
186.124
186.242
186.361
186.48
186.599
186.719
186.839
186.959
187.079
187.2
187.322
187.443
187.564
187.686
187.809
187.93
188.05
188.168
--- next_y
1957.29
1956.94
1956.58
1956.23
1955.88
1955.53
1955.18
1954.83
1954.49
1954.14
1953.79
1953.45
1953.1
1952.76
1952.41
1952.07
1951.73
1951.38
1951.04
1950.7
1950.37
1950.03
1949.69
1949.36
1949.02
1948.68
1948.35
1948.02
1947.68
1947.35
1947.02
1946.69
1946.36
1946.03
1945.7
1945.37
1945.05
1944.72
1944.39
1944.07
1943.74
1943.42
1943.1
1942.78
1942.46
1942.14
1941.82
1941.5
1941.18
1940.85
iteracion: 3889
--- next_x
182.558
182.662
182.766
182.871
182.976
183.081
183.188
183.294
183.402
183.509
183.618
183.727
183.837
183.947
184.057
184.169
184.281
184.393
184.505
184.619
184.732
184.846
184.96
185.074
185.189
185.305
185.421
185.537
185.654
185.771
185.888
186.006
186.124
186.242
186.361
186.48
186.599
186.719
186.839
186.959
187.079
187.2
187.322
187.443
187.564
187.686
187.809
187.932
188.058
188.185
--- next_y
1957.29
1956.94
1956.58
1956.23
1955.88
1955.53
1955.18
1954.83
1954.49
1954.14
1953.79
1953.45
1953.1
1952.76
1952.41
1952.07
1951.73
1951.38
1951.04
1950.7
1950.37
1950.03
1949.69
1949.36
1949.02
1948.68
1948.35
1948.02
1947.68
1947.35
1947.02
1946.69
1946.36
1946.03
1945.7
1945.37
1945.05
1944.72
1944.39
1944.07
1943.74
1943.42
1943.1
1942.78
1942.46
1942.14
1941.82
1941.5
1941.19
1940.87
