iteracion: 1168
--- next_x
2129.32
2129.39
2129.46
2129.52
2129.59
2129.66
2129.72
2129.79
2129.86
2129.92
2129.99
2130.05
2130.12
2130.19
2130.25
2130.32
2130.39
2130.45
2130.52
2130.58
2130.65
2130.71
2130.78
2130.84
2130.9
2130.97
2131.03
2131.09
2131.16
2131.22
2131.28
2131.34
2131.41
2131.47
2131.53
2131.59
2131.66
2131.72
2131.78
2131.84
2131.9
2131.97
2132.03
2132.09
2132.15
2132.21
2132.27
2132.33
2132.39
2132.45
--- next_y
1565.55
1565.91
1566.26
1566.61
1566.96
1567.31
1567.66
1568.01
1568.36
1568.7
1569.05
1569.4
1569.74
1570.09
1570.43
1570.78
1571.12
1571.46
1571.8
1572.14
1572.49
1572.83
1573.16
1573.5
1573.84
1574.18
1574.52
1574.86
1575.19
1575.53
1575.86
1576.19
1576.53
1576.86
1577.19
1577.52
1577.85
1578.18
1578.51
1578.84
1579.17
1579.5
1579.83
1580.15
1580.48
1580.8
1581.13
1581.46
1581.78
1582.11
iteracion: 1168
--- next_x
2129.32
2129.39
2129.46
2129.52
2129.59
2129.66
2129.72
2129.79
2129.86
2129.92
2129.99
2130.05
2130.12
2130.19
2130.25
2130.32
2130.39
2130.45
2130.52
2130.58
2130.65
2130.71
2130.78
2130.84
2130.9
2130.97
2131.03
2131.09
2131.16
2131.22
2131.28
2131.34
2131.41
2131.47
2131.53
2131.59
2131.66
2131.72
2131.78
2131.84
2131.9
2131.97
2132.03
2132.09
2132.15
2132.21
2132.28
2132.34
2132.41
2132.48
--- next_y
1565.55
1565.91
1566.26
1566.61
1566.96
1567.31
1567.66
1568.01
1568.36
1568.7
1569.05
1569.4
1569.74
1570.09
1570.43
1570.78
1571.12
1571.46
1571.8
1572.14
1572.49
1572.83
1573.16
1573.5
1573.84
1574.18
1574.52
1574.86
1575.19
1575.53
1575.86
1576.19
1576.53
1576.86
1577.19
1577.52
1577.85
1578.18
1578.51
1578.84
1579.17
1579.5
1579.83
1580.15
1580.48
1580.8
1581.12
1581.45
1581.77
1582.09
iteracion: 1168
--- next_x
2129.32
2129.39
2129.46
2129.52
2129.59
2129.66
2129.72
2129.79
2129.86
2129.92
2129.99
2130.05
2130.12
2130.19
2130.25
2130.32
2130.39
2130.45
2130.52
2130.58
2130.65
2130.71
2130.78
2130.84
2130.9
2130.97
2131.03
2131.09
2131.16
2131.22
2131.28
2131.34
2131.41
2131.47
2131.53
2131.59
2131.66
2131.72
2131.78
2131.84
2131.9
2131.97
2132.03
2132.09
2132.15
2132.21
2132.27
2132.32
2132.37
2132.42
--- next_y
1565.55
1565.91
1566.26
1566.61
1566.96
1567.31
1567.66
1568.01
1568.36
1568.7
1569.05
1569.4
1569.74
1570.09
1570.43
1570.78
1571.12
1571.46
1571.8
1572.14
1572.49
1572.83
1573.16
1573.5
1573.84
1574.18
1574.52
1574.86
1575.19
1575.53
1575.86
1576.19
1576.53
1576.86
1577.19
1577.52
1577.85
1578.18
1578.51
1578.84
1579.17
1579.5
1579.83
1580.15
1580.48
1580.8
1581.12
1581.45
1581.77
1582.1
