iteracion: 1340
--- next_x
2228.91
2229.01
2229.1
2229.2
2229.29
2229.39
2229.48
2229.57
2229.66
2229.76
2229.85
2229.94
2230.03
2230.12
2230.21
2230.3
2230.4
2230.49
2230.58
2230.67
2230.76
2230.85
2230.94
2231.03
2231.12
2231.21
2231.3
2231.39
2231.48
2231.57
2231.66
2231.74
2231.83
2231.92
2232.01
2232.1
2232.18
2232.27
2232.36
2232.44
2232.53
2232.61
2232.7
2232.79
2232.87
2232.96
2233.04
2233.13
2233.21
2233.3
--- next_y
2099.67
2099.97
2100.28
2100.59
2100.9
2101.2
2101.51
2101.81
2102.11
2102.42
2102.72
2103.02
2103.32
2103.62
2103.92
2104.22
2104.51
2104.81
2105.1
2105.39
2105.69
2105.98
2106.28
2106.56
2106.85
2107.14
2107.43
2107.72
2108
2108.29
2108.57
2108.85
2109.14
2109.42
2109.7
2109.97
2110.25
2110.53
2110.8
2111.08
2111.35
2111.62
2111.89
2112.16
2112.43
2112.7
2112.97
2113.24
2113.51
2113.78
iteracion: 1340
--- next_x
2228.91
2229.01
2229.1
2229.2
2229.29
2229.39
2229.48
2229.57
2229.66
2229.76
2229.85
2229.94
2230.03
2230.12
2230.21
2230.3
2230.4
2230.49
2230.58
2230.67
2230.76
2230.85
2230.94
2231.03
2231.12
2231.21
2231.3
2231.39
2231.48
2231.57
2231.66
2231.74
2231.83
2231.92
2232.01
2232.1
2232.18
2232.27
2232.36
2232.44
2232.53
2232.61
2232.7
2232.79
2232.87
2232.96
2233.05
2233.13
2233.22
2233.31
--- next_y
2099.67
2099.97
2100.28
2100.59
2100.9
2101.2
2101.51
2101.81
2102.11
2102.42
2102.72
2103.02
2103.32
2103.62
2103.92
2104.22
2104.51
2104.81
2105.1
2105.39
2105.69
2105.98
2106.28
2106.56
2106.85
2107.14
2107.43
2107.72
2108
2108.29
2108.57
2108.85
2109.14
2109.42
2109.7
2109.97
2110.25
2110.53
2110.8
2111.08
2111.35
2111.62
2111.89
2112.16
2112.43
2112.7
2112.96
2113.23
2113.5
2113.76
iteracion: 1340
--- next_x
2228.91
2229.01
2229.1
2229.2
2229.29
2229.39
2229.48
2229.57
2229.66
2229.76
2229.85
2229.94
2230.03
2230.12
2230.21
2230.3
2230.4
2230.49
2230.58
2230.67
2230.76
2230.85
2230.94
2231.03
2231.12
2231.21
2231.3
2231.39
2231.48
2231.57
2231.66
2231.74
2231.83
2231.92
2232.01
2232.1
2232.18
2232.27
2232.36
2232.44
2232.53
2232.61
2232.7
2232.79
2232.87
2232.96
2233.04
2233.12
2233.2
2233.28
--- next_y
2099.67
2099.97
2100.28
2100.59
2100.9
2101.2
2101.51
2101.81
2102.11
2102.42
2102.72
2103.02
2103.32
2103.62
2103.92
2104.22
2104.51
2104.81
2105.1
2105.39
2105.69
2105.98
2106.28
2106.56
2106.85
2107.14
2107.43
2107.72
2108
2108.29
2108.57
2108.85
2109.14
2109.42
2109.7
2109.97
2110.25
2110.53
2110.8
2111.08
2111.35
2111.62
2111.89
2112.16
2112.43
2112.69
2112.96
2113.23
2113.5
2113.77
