iteracion: 1080
--- next_x
2112.25
2112.29
2112.33
2112.37
2112.41
2112.45
2112.49
2112.54
2112.58
2112.62
2112.66
2112.7
2112.74
2112.78
2112.82
2112.86
2112.9
2112.94
2112.98
2113.02
2113.06
2113.1
2113.14
2113.18
2113.22
2113.25
2113.29
2113.33
2113.37
2113.41
2113.44
2113.48
2113.52
2113.56
2113.59
2113.63
2113.67
2113.71
2113.74
2113.78
2113.82
2113.86
2113.9
2113.93
2113.97
2114.01
2114.05
2114.09
2114.12
2114.16
--- next_y
1462.42
1462.72
1463.02
1463.32
1463.61
1463.91
1464.21
1464.51
1464.8
1465.1
1465.39
1465.69
1465.98
1466.27
1466.57
1466.86
1467.15
1467.44
1467.73
1468.02
1468.31
1468.6
1468.89
1469.18
1469.47
1469.76
1470.04
1470.33
1470.62
1470.9
1471.19
1471.47
1471.76
1472.04
1472.32
1472.61
1472.89
1473.17
1473.45
1473.73
1474.02
1474.29
1474.57
1474.85
1475.13
1475.41
1475.69
1475.97
1476.25
1476.53
iteracion: 1080
--- next_x
2112.25
2112.29
2112.33
2112.37
2112.41
2112.45
2112.49
2112.54
2112.58
2112.62
2112.66
2112.7
2112.74
2112.78
2112.82
2112.86
2112.9
2112.94
2112.98
2113.02
2113.06
2113.1
2113.14
2113.18
2113.22
2113.25
2113.29
2113.33
2113.37
2113.41
2113.44
2113.48
2113.52
2113.56
2113.59
2113.63
2113.67
2113.71
2113.74
2113.78
2113.82
2113.86
2113.9
2113.93
2113.97
2114.01
2114.05
2114.09
2114.13
2114.17
--- next_y
1462.42
1462.72
1463.02
1463.32
1463.61
1463.91
1464.21
1464.51
1464.8
1465.1
1465.39
1465.69
1465.98
1466.27
1466.57
1466.86
1467.15
1467.44
1467.73
1468.02
1468.31
1468.6
1468.89
1469.18
1469.47
1469.76
1470.04
1470.33
1470.62
1470.9
1471.19
1471.47
1471.76
1472.04
1472.32
1472.61
1472.89
1473.17
1473.45
1473.73
1474.02
1474.29
1474.57
1474.85
1475.13
1475.41
1475.69
1475.96
1476.24
1476.52
iteracion: 1080
--- next_x
2112.25
2112.29
2112.33
2112.37
2112.41
2112.45
2112.49
2112.54
2112.58
2112.62
2112.66
2112.7
2112.74
2112.78
2112.82
2112.86
2112.9
2112.94
2112.98
2113.02
2113.06
2113.1
2113.14
2113.18
2113.22
2113.25
2113.29
2113.33
2113.37
2113.41
2113.44
2113.48
2113.52
2113.56
2113.59
2113.63
2113.67
2113.71
2113.74
2113.78
2113.82
2113.86
2113.9
2113.93
2113.97
2114.01
2114.05
2114.08
2114.12
2114.15
--- next_y
1462.42
1462.72
1463.02
1463.32
1463.61
1463.91
1464.21
1464.51
1464.8
1465.1
1465.39
1465.69
1465.98
1466.27
1466.57
1466.86
1467.15
1467.44
1467.73
1468.02
1468.31
1468.6
1468.89
1469.18
1469.47
1469.76
1470.04
1470.33
1470.62
1470.9
1471.19
1471.47
1471.76
1472.04
1472.32
1472.61
1472.89
1473.17
1473.45
1473.73
1474.02
1474.29
1474.57
1474.85
1475.13
1475.41
1475.69
1475.97
1476.24
1476.52
