iteracion: 652
--- next_x
1749.22
1749.66
1750.11
1750.56
1751
1751.45
1751.89
1752.34
1752.78
1753.23
1753.67
1754.12
1754.57
1755.01
1755.46
1755.9
1756.35
1756.79
1757.23
1757.68
1758.12
1758.56
1759
1759.44
1759.88
1760.32
1760.76
1761.2
1761.64
1762.07
1762.51
1762.95
1763.38
1763.82
1764.25
1764.68
1765.12
1765.55
1765.98
1766.41
1766.84
1767.27
1767.7
1768.13
1768.56
1768.99
1769.42
1769.85
1770.28
1770.71
--- next_y
1143.32
1143.3
1143.27
1143.24
1143.22
1143.19
1143.17
1143.14
1143.11
1143.09
1143.06
1143.04
1143.01
1142.98
1142.95
1142.93
1142.9
1142.87
1142.84
1142.81
1142.79
1142.76
1142.73
1142.7
1142.67
1142.64
1142.61
1142.59
1142.56
1142.53
1142.49
1142.46
1142.43
1142.4
1142.38
1142.35
1142.31
1142.28
1142.25
1142.22
1142.19
1142.16
1142.13
1142.1
1142.07
1142.04
1142
1141.97
1141.94
1141.91
iteracion: 652
--- next_x
1749.22
1749.66
1750.11
1750.56
1751
1751.45
1751.89
1752.34
1752.78
1753.23
1753.67
1754.12
1754.57
1755.01
1755.46
1755.9
1756.35
1756.79
1757.23
1757.68
1758.12
1758.56
1759
1759.44
1759.88
1760.32
1760.76
1761.2
1761.64
1762.07
1762.51
1762.95
1763.38
1763.82
1764.25
1764.68
1765.12
1765.55
1765.98
1766.41
1766.84
1767.27
1767.7
1768.13
1768.56
1768.99
1769.42
1769.84
1770.26
1770.69
--- next_y
1143.32
1143.3
1143.27
1143.24
1143.22
1143.19
1143.17
1143.14
1143.11
1143.09
1143.06
1143.04
1143.01
1142.98
1142.95
1142.93
1142.9
1142.87
1142.84
1142.81
1142.79
1142.76
1142.73
1142.7
1142.67
1142.64
1142.61
1142.59
1142.56
1142.53
1142.49
1142.46
1142.43
1142.4
1142.38
1142.35
1142.31
1142.28
1142.25
1142.22
1142.19
1142.16
1142.13
1142.1
1142.07
1142.04
1142
1141.96
1141.92
1141.87
iteracion: 652
--- next_x
1749.22
1749.66
1750.11
1750.56
1751
1751.45
1751.89
1752.34
1752.78
1753.23
1753.67
1754.12
1754.57
1755.01
1755.46
1755.9
1756.35
1756.79
1757.23
1757.68
1758.12
1758.56
1759
1759.44
1759.88
1760.32
1760.76
1761.2
1761.64
1762.07
1762.51
1762.95
1763.38
1763.82
1764.25
1764.68
1765.12
1765.55
1765.98
1766.41
1766.84
1767.27
1767.7
1768.13
1768.56
1768.99
1769.41
1769.84
1770.26
1770.69
--- next_y
1143.32
1143.3
1143.27
1143.24
1143.22
1143.19
1143.17
1143.14
1143.11
1143.09
1143.06
1143.04
1143.01
1142.98
1142.95
1142.93
1142.9
1142.87
1142.84
1142.81
1142.79
1142.76
1142.73
1142.7
1142.67
1142.64
1142.61
1142.59
1142.56
1142.53
1142.49
1142.46
1142.43
1142.4
1142.38
1142.35
1142.31
1142.28
1142.25
1142.22
1142.19
1142.16
1142.13
1142.1
1142.07
1142.04
1142.01
1141.99
1141.97
1141.95
