iteracion: 302
--- next_x
1313.53
1313.89
1314.24
1314.59
1314.94
1315.29
1315.64
1315.99
1316.33
1316.67
1317.02
1317.36
1317.7
1318.04
1318.37
1318.71
1319.04
1319.38
1319.71
1320.04
1320.37
1320.7
1321.03
1321.35
1321.68
1322
1322.33
1322.65
1322.97
1323.29
1323.61
1323.93
1324.25
1324.57
1324.88
1325.19
1325.51
1325.82
1326.13
1326.44
1326.75
1327.06
1327.36
1327.67
1327.97
1328.28
1328.58
1328.89
1329.19
1329.5
--- next_y
1185.15
1185.12
1185.08
1185.04
1185.01
1184.97
1184.93
1184.9
1184.86
1184.82
1184.79
1184.75
1184.71
1184.68
1184.64
1184.61
1184.57
1184.54
1184.5
1184.46
1184.43
1184.39
1184.36
1184.32
1184.29
1184.25
1184.22
1184.18
1184.15
1184.11
1184.08
1184.04
1184.01
1183.97
1183.94
1183.91
1183.88
1183.84
1183.81
1183.78
1183.74
1183.71
1183.68
1183.65
1183.62
1183.58
1183.55
1183.52
1183.48
1183.45
iteracion: 302
--- next_x
1313.53
1313.89
1314.24
1314.59
1314.94
1315.29
1315.64
1315.99
1316.33
1316.67
1317.02
1317.36
1317.7
1318.04
1318.37
1318.71
1319.04
1319.38
1319.71
1320.04
1320.37
1320.7
1321.03
1321.35
1321.68
1322
1322.33
1322.65
1322.97
1323.29
1323.61
1323.93
1324.25
1324.57
1324.88
1325.19
1325.51
1325.82
1326.13
1326.44
1326.75
1327.06
1327.36
1327.67
1327.97
1328.28
1328.58
1328.88
1329.19
1329.49
--- next_y
1185.15
1185.12
1185.08
1185.04
1185.01
1184.97
1184.93
1184.9
1184.86
1184.82
1184.79
1184.75
1184.71
1184.68
1184.64
1184.61
1184.57
1184.54
1184.5
1184.46
1184.43
1184.39
1184.36
1184.32
1184.29
1184.25
1184.22
1184.18
1184.15
1184.11
1184.08
1184.04
1184.01
1183.97
1183.94
1183.91
1183.88
1183.84
1183.81
1183.78
1183.74
1183.71
1183.68
1183.65
1183.62
1183.58
1183.55
1183.51
1183.48
1183.44
iteracion: 302
--- next_x
1313.53
1313.89
1314.24
1314.59
1314.94
1315.29
1315.64
1315.99
1316.33
1316.67
1317.02
1317.36
1317.7
1318.04
1318.37
1318.71
1319.04
1319.38
1319.71
1320.04
1320.37
1320.7
1321.03
1321.35
1321.68
1322
1322.33
1322.65
1322.97
1323.29
1323.61
1323.93
1324.25
1324.57
1324.88
1325.19
1325.51
1325.82
1326.13
1326.44
1326.75
1327.06
1327.36
1327.67
1327.97
1328.28
1328.58
1328.88
1329.19
1329.49
--- next_y
1185.15
1185.12
1185.08
1185.04
1185.01
1184.97
1184.93
1184.9
1184.86
1184.82
1184.79
1184.75
1184.71
1184.68
1184.64
1184.61
1184.57
1184.54
1184.5
1184.46
1184.43
1184.39
1184.36
1184.32
1184.29
1184.25
1184.22
1184.18
1184.15
1184.11
1184.08
1184.04
1184.01
1183.97
1183.94
1183.91
1183.88
1183.84
1183.81
1183.78
1183.74
1183.71
1183.68
1183.65
1183.62
1183.58
1183.55
1183.52
1183.49
1183.47
