iteracion: 351
--- next_x
1389.41
1389.77
1390.14
1390.5
1390.86
1391.22
1391.59
1391.95
1392.31
1392.66
1393.03
1393.38
1393.74
1394.1
1394.45
1394.81
1395.16
1395.52
1395.87
1396.22
1396.58
1396.93
1397.28
1397.63
1397.98
1398.33
1398.68
1399.02
1399.37
1399.72
1400.06
1400.41
1400.76
1401.1
1401.44
1401.79
1402.13
1402.47
1402.81
1403.15
1403.49
1403.84
1404.17
1404.51
1404.85
1405.19
1405.53
1405.87
1406.21
1406.55
--- next_y
1177.67
1177.63
1177.59
1177.55
1177.51
1177.47
1177.42
1177.38
1177.34
1177.3
1177.26
1177.22
1177.18
1177.14
1177.1
1177.06
1177.02
1176.97
1176.93
1176.89
1176.85
1176.81
1176.77
1176.73
1176.69
1176.65
1176.61
1176.56
1176.52
1176.48
1176.44
1176.4
1176.36
1176.32
1176.28
1176.24
1176.19
1176.15
1176.11
1176.07
1176.03
1175.99
1175.95
1175.91
1175.87
1175.83
1175.78
1175.74
1175.7
1175.66
iteracion: 351
--- next_x
1389.41
1389.77
1390.14
1390.5
1390.86
1391.22
1391.59
1391.95
1392.31
1392.66
1393.03
1393.38
1393.74
1394.1
1394.45
1394.81
1395.16
1395.52
1395.87
1396.22
1396.58
1396.93
1397.28
1397.63
1397.98
1398.33
1398.68
1399.02
1399.37
1399.72
1400.06
1400.41
1400.76
1401.1
1401.44
1401.79
1402.13
1402.47
1402.81
1403.15
1403.49
1403.84
1404.17
1404.51
1404.85
1405.19
1405.53
1405.86
1406.2
1406.53
--- next_y
1177.67
1177.63
1177.59
1177.55
1177.51
1177.47
1177.42
1177.38
1177.34
1177.3
1177.26
1177.22
1177.18
1177.14
1177.1
1177.06
1177.02
1176.97
1176.93
1176.89
1176.85
1176.81
1176.77
1176.73
1176.69
1176.65
1176.61
1176.56
1176.52
1176.48
1176.44
1176.4
1176.36
1176.32
1176.28
1176.24
1176.19
1176.15
1176.11
1176.07
1176.03
1175.99
1175.95
1175.91
1175.87
1175.83
1175.78
1175.74
1175.69
1175.64
iteracion: 351
--- next_x
1389.41
1389.77
1390.14
1390.5
1390.86
1391.22
1391.59
1391.95
1392.31
1392.66
1393.03
1393.38
1393.74
1394.1
1394.45
1394.81
1395.16
1395.52
1395.87
1396.22
1396.58
1396.93
1397.28
1397.63
1397.98
1398.33
1398.68
1399.02
1399.37
1399.72
1400.06
1400.41
1400.76
1401.1
1401.44
1401.79
1402.13
1402.47
1402.81
1403.15
1403.49
1403.84
1404.17
1404.51
1404.85
1405.19
1405.53
1405.86
1406.2
1406.54
--- next_y
1177.67
1177.63
1177.59
1177.55
1177.51
1177.47
1177.42
1177.38
1177.34
1177.3
1177.26
1177.22
1177.18
1177.14
1177.1
1177.06
1177.02
1176.97
1176.93
1176.89
1176.85
1176.81
1176.77
1176.73
1176.69
1176.65
1176.61
1176.56
1176.52
1176.48
1176.44
1176.4
1176.36
1176.32
1176.28
1176.24
1176.19
1176.15
1176.11
1176.07
1176.03
1175.99
1175.95
1175.91
1175.87
1175.83
1175.79
1175.75
1175.72
1175.68
