iteracion: 1792
--- next_x
2284.14
2284.24
2284.34
2284.45
2284.56
2284.66
2284.76
2284.87
2284.97
2285.08
2285.18
2285.28
2285.39
2285.49
2285.59
2285.7
2285.8
2285.9
2286
2286.11
2286.21
2286.31
2286.41
2286.51
2286.61
2286.72
2286.82
2286.92
2287.02
2287.12
2287.22
2287.32
2287.42
2287.52
2287.62
2287.72
2287.82
2287.92
2288.02
2288.12
2288.22
2288.32
2288.42
2288.51
2288.61
2288.71
2288.81
2288.91
2289
2289.1
--- next_y
2333.6
2333.91
2334.23
2334.54
2334.85
2335.17
2335.48
2335.79
2336.1
2336.41
2336.72
2337.03
2337.34
2337.64
2337.95
2338.26
2338.57
2338.87
2339.18
2339.48
2339.79
2340.09
2340.39
2340.7
2341
2341.3
2341.61
2341.91
2342.21
2342.51
2342.81
2343.1
2343.4
2343.7
2343.99
2344.29
2344.59
2344.88
2345.18
2345.47
2345.76
2346.06
2346.35
2346.64
2346.93
2347.22
2347.52
2347.81
2348.1
2348.39
iteracion: 1792
--- next_x
2284.14
2284.24
2284.34
2284.45
2284.56
2284.66
2284.76
2284.87
2284.97
2285.08
2285.18
2285.28
2285.39
2285.49
2285.59
2285.7
2285.8
2285.9
2286
2286.11
2286.21
2286.31
2286.41
2286.51
2286.61
2286.72
2286.82
2286.92
2287.02
2287.12
2287.22
2287.32
2287.42
2287.52
2287.62
2287.72
2287.82
2287.92
2288.02
2288.12
2288.22
2288.32
2288.42
2288.51
2288.61
2288.71
2288.81
2288.91
2289.01
2289.11
--- next_y
2333.6
2333.91
2334.23
2334.54
2334.85
2335.17
2335.48
2335.79
2336.1
2336.41
2336.72
2337.03
2337.34
2337.64
2337.95
2338.26
2338.57
2338.87
2339.18
2339.48
2339.79
2340.09
2340.39
2340.7
2341
2341.3
2341.61
2341.91
2342.21
2342.51
2342.81
2343.1
2343.4
2343.7
2343.99
2344.29
2344.59
2344.88
2345.18
2345.47
2345.76
2346.06
2346.35
2346.64
2346.93
2347.22
2347.51
2347.8
2348.09
2348.38
iteracion: 1792
--- next_x
2284.14
2284.24
2284.34
2284.45
2284.56
2284.66
2284.76
2284.87
2284.97
2285.08
2285.18
2285.28
2285.39
2285.49
2285.59
2285.7
2285.8
2285.9
2286
2286.11
2286.21
2286.31
2286.41
2286.51
2286.61
2286.72
2286.82
2286.92
2287.02
2287.12
2287.22
2287.32
2287.42
2287.52
2287.62
2287.72
2287.82
2287.92
2288.02
2288.12
2288.22
2288.32
2288.42
2288.51
2288.61
2288.71
2288.81
2288.9
2288.99
2289.08
--- next_y
2333.6
2333.91
2334.23
2334.54
2334.85
2335.17
2335.48
2335.79
2336.1
2336.41
2336.72
2337.03
2337.34
2337.64
2337.95
2338.26
2338.57
2338.87
2339.18
2339.48
2339.79
2340.09
2340.39
2340.7
2341
2341.3
2341.61
2341.91
2342.21
2342.51
2342.81
2343.1
2343.4
2343.7
2343.99
2344.29
2344.59
2344.88
2345.18
2345.47
2345.76
2346.06
2346.35
2346.64
2346.93
2347.22
2347.51
2347.8
2348.1
2348.39
