iteracion: 913
--- next_x
2044.72
2044.88
2045.03
2045.18
2045.33
2045.48
2045.63
2045.78
2045.93
2046.08
2046.23
2046.38
2046.52
2046.67
2046.82
2046.96
2047.11
2047.25
2047.39
2047.54
2047.68
2047.82
2047.96
2048.11
2048.25
2048.39
2048.53
2048.66
2048.8
2048.94
2049.08
2049.21
2049.35
2049.49
2049.62
2049.76
2049.89
2050.02
2050.16
2050.29
2050.42
2050.55
2050.68
2050.82
2050.95
2051.08
2051.21
2051.34
2051.47
2051.6
--- next_y
1253.73
1254.01
1254.3
1254.58
1254.86
1255.14
1255.42
1255.7
1255.98
1256.26
1256.54
1256.82
1257.1
1257.38
1257.65
1257.93
1258.21
1258.48
1258.76
1259.03
1259.31
1259.58
1259.86
1260.13
1260.4
1260.68
1260.95
1261.22
1261.49
1261.77
1262.04
1262.31
1262.58
1262.85
1263.12
1263.39
1263.66
1263.93
1264.2
1264.46
1264.73
1265
1265.27
1265.53
1265.8
1266.06
1266.33
1266.6
1266.86
1267.13
iteracion: 913
--- next_x
2044.72
2044.88
2045.03
2045.18
2045.33
2045.48
2045.63
2045.78
2045.93
2046.08
2046.23
2046.38
2046.52
2046.67
2046.82
2046.96
2047.11
2047.25
2047.39
2047.54
2047.68
2047.82
2047.96
2048.11
2048.25
2048.39
2048.53
2048.66
2048.8
2048.94
2049.08
2049.21
2049.35
2049.49
2049.62
2049.76
2049.89
2050.02
2050.16
2050.29
2050.42
2050.55
2050.68
2050.82
2050.95
2051.08
2051.21
2051.34
2051.47
2051.61
--- next_y
1253.73
1254.01
1254.3
1254.58
1254.86
1255.14
1255.42
1255.7
1255.98
1256.26
1256.54
1256.82
1257.1
1257.38
1257.65
1257.93
1258.21
1258.48
1258.76
1259.03
1259.31
1259.58
1259.86
1260.13
1260.4
1260.68
1260.95
1261.22
1261.49
1261.77
1262.04
1262.31
1262.58
1262.85
1263.12
1263.39
1263.66
1263.93
1264.2
1264.46
1264.73
1265
1265.27
1265.53
1265.8
1266.06
1266.33
1266.59
1266.86
1267.12
iteracion: 913
--- next_x
2044.72
2044.88
2045.03
2045.18
2045.33
2045.48
2045.63
2045.78
2045.93
2046.08
2046.23
2046.38
2046.52
2046.67
2046.82
2046.96
2047.11
2047.25
2047.39
2047.54
2047.68
2047.82
2047.96
2048.11
2048.25
2048.39
2048.53
2048.66
2048.8
2048.94
2049.08
2049.21
2049.35
2049.49
2049.62
2049.76
2049.89
2050.02
2050.16
2050.29
2050.42
2050.55
2050.68
2050.82
2050.95
2051.08
2051.2
2051.33
2051.45
2051.58
--- next_y
1253.73
1254.01
1254.3
1254.58
1254.86
1255.14
1255.42
1255.7
1255.98
1256.26
1256.54
1256.82
1257.1
1257.38
1257.65
1257.93
1258.21
1258.48
1258.76
1259.03
1259.31
1259.58
1259.86
1260.13
1260.4
1260.68
1260.95
1261.22
1261.49
1261.77
1262.04
1262.31
1262.58
1262.85
1263.12
1263.39
1263.66
1263.93
1264.2
1264.46
1264.73
1265
1265.27
1265.53
1265.8
1266.06
1266.33
1266.59
1266.86
1267.12
