iteracion: 519
--- next_x
1590.88
1591.24
1591.6
1591.96
1592.32
1592.68
1593.04
1593.4
1593.76
1594.12
1594.47
1594.83
1595.19
1595.54
1595.9
1596.25
1596.61
1596.96
1597.31
1597.66
1598.01
1598.36
1598.71
1599.07
1599.41
1599.76
1600.11
1600.46
1600.8
1601.15
1601.5
1601.84
1602.19
1602.53
1602.87
1603.22
1603.56
1603.9
1604.24
1604.58
1604.92
1605.26
1605.59
1605.93
1606.27
1606.6
1606.94
1607.28
1607.61
1607.95
--- next_y
1156.44
1156.41
1156.38
1156.36
1156.33
1156.31
1156.28
1156.26
1156.23
1156.2
1156.18
1156.15
1156.12
1156.1
1156.07
1156.04
1156.02
1155.99
1155.96
1155.93
1155.91
1155.88
1155.85
1155.83
1155.8
1155.77
1155.74
1155.71
1155.68
1155.66
1155.63
1155.6
1155.57
1155.54
1155.51
1155.48
1155.45
1155.43
1155.4
1155.37
1155.34
1155.31
1155.28
1155.25
1155.22
1155.18
1155.15
1155.12
1155.09
1155.06
iteracion: 519
--- next_x
1590.88
1591.24
1591.6
1591.96
1592.32
1592.68
1593.04
1593.4
1593.76
1594.12
1594.47
1594.83
1595.19
1595.54
1595.9
1596.25
1596.61
1596.96
1597.31
1597.66
1598.01
1598.36
1598.71
1599.07
1599.41
1599.76
1600.11
1600.46
1600.8
1601.15
1601.5
1601.84
1602.19
1602.53
1602.87
1603.22
1603.56
1603.9
1604.24
1604.58
1604.92
1605.26
1605.59
1605.93
1606.27
1606.6
1606.94
1607.27
1607.6
1607.93
--- next_y
1156.44
1156.41
1156.38
1156.36
1156.33
1156.31
1156.28
1156.26
1156.23
1156.2
1156.18
1156.15
1156.12
1156.1
1156.07
1156.04
1156.02
1155.99
1155.96
1155.93
1155.91
1155.88
1155.85
1155.83
1155.8
1155.77
1155.74
1155.71
1155.68
1155.66
1155.63
1155.6
1155.57
1155.54
1155.51
1155.48
1155.45
1155.43
1155.4
1155.37
1155.34
1155.31
1155.28
1155.25
1155.22
1155.18
1155.15
1155.12
1155.08
1155.04
iteracion: 519
--- next_x
1590.88
1591.24
1591.6
1591.96
1592.32
1592.68
1593.04
1593.4
1593.76
1594.12
1594.47
1594.83
1595.19
1595.54
1595.9
1596.25
1596.61
1596.96
1597.31
1597.66
1598.01
1598.36
1598.71
1599.07
1599.41
1599.76
1600.11
1600.46
1600.8
1601.15
1601.5
1601.84
1602.19
1602.53
1602.87
1603.22
1603.56
1603.9
1604.24
1604.58
1604.92
1605.26
1605.59
1605.93
1606.27
1606.6
1606.94
1607.27
1607.61
1607.94
--- next_y
1156.44
1156.41
1156.38
1156.36
1156.33
1156.31
1156.28
1156.26
1156.23
1156.2
1156.18
1156.15
1156.12
1156.1
1156.07
1156.04
1156.02
1155.99
1155.96
1155.93
1155.91
1155.88
1155.85
1155.83
1155.8
1155.77
1155.74
1155.71
1155.68
1155.66
1155.63
1155.6
1155.57
1155.54
1155.51
1155.48
1155.45
1155.43
1155.4
1155.37
1155.34
1155.31
1155.28
1155.25
1155.22
1155.18
1155.16
1155.13
1155.1
1155.08
