iteracion: 539
--- next_x
1618.28
1618.59
1618.9
1619.22
1619.53
1619.84
1620.15
1620.46
1620.77
1621.08
1621.39
1621.7
1622.01
1622.32
1622.62
1622.93
1623.23
1623.54
1623.85
1624.15
1624.45
1624.76
1625.06
1625.36
1625.66
1625.97
1626.27
1626.57
1626.87
1627.16
1627.46
1627.76
1628.06
1628.36
1628.65
1628.94
1629.24
1629.54
1629.83
1630.12
1630.41
1630.71
1631
1631.29
1631.58
1631.87
1632.16
1632.45
1632.74
1633.03
--- next_y
1154.04
1154
1153.97
1153.93
1153.9
1153.87
1153.83
1153.8
1153.77
1153.73
1153.7
1153.66
1153.63
1153.6
1153.56
1153.53
1153.49
1153.46
1153.42
1153.39
1153.36
1153.32
1153.29
1153.26
1153.22
1153.19
1153.15
1153.12
1153.09
1153.05
1153.02
1152.99
1152.95
1152.92
1152.89
1152.85
1152.82
1152.79
1152.76
1152.73
1152.69
1152.66
1152.63
1152.6
1152.57
1152.54
1152.5
1152.47
1152.44
1152.41
iteracion: 539
--- next_x
1618.28
1618.59
1618.9
1619.22
1619.53
1619.84
1620.15
1620.46
1620.77
1621.08
1621.39
1621.7
1622.01
1622.32
1622.62
1622.93
1623.23
1623.54
1623.85
1624.15
1624.45
1624.76
1625.06
1625.36
1625.66
1625.97
1626.27
1626.57
1626.87
1627.16
1627.46
1627.76
1628.06
1628.36
1628.65
1628.94
1629.24
1629.54
1629.83
1630.12
1630.41
1630.71
1631
1631.29
1631.58
1631.87
1632.16
1632.45
1632.74
1633.02
--- next_y
1154.04
1154
1153.97
1153.93
1153.9
1153.87
1153.83
1153.8
1153.77
1153.73
1153.7
1153.66
1153.63
1153.6
1153.56
1153.53
1153.49
1153.46
1153.42
1153.39
1153.36
1153.32
1153.29
1153.26
1153.22
1153.19
1153.15
1153.12
1153.09
1153.05
1153.02
1152.99
1152.95
1152.92
1152.89
1152.85
1152.82
1152.79
1152.76
1152.73
1152.69
1152.66
1152.63
1152.6
1152.57
1152.54
1152.5
1152.47
1152.43
1152.4
iteracion: 539
--- next_x
1618.28
1618.59
1618.9
1619.22
1619.53
1619.84
1620.15
1620.46
1620.77
1621.08
1621.39
1621.7
1622.01
1622.32
1622.62
1622.93
1623.23
1623.54
1623.85
1624.15
1624.45
1624.76
1625.06
1625.36
1625.66
1625.97
1626.27
1626.57
1626.87
1627.16
1627.46
1627.76
1628.06
1628.36
1628.65
1628.94
1629.24
1629.54
1629.83
1630.12
1630.41
1630.71
1631
1631.29
1631.58
1631.87
1632.16
1632.44
1632.73
1633.02
--- next_y
1154.04
1154
1153.97
1153.93
1153.9
1153.87
1153.83
1153.8
1153.77
1153.73
1153.7
1153.66
1153.63
1153.6
1153.56
1153.53
1153.49
1153.46
1153.42
1153.39
1153.36
1153.32
1153.29
1153.26
1153.22
1153.19
1153.15
1153.12
1153.09
1153.05
1153.02
1152.99
1152.95
1152.92
1152.89
1152.85
1152.82
1152.79
1152.76
1152.73
1152.69
1152.66
1152.63
1152.6
1152.57
1152.54
1152.51
1152.48
1152.45
1152.42
