iteracion: 517
--- next_x
1587.95
1588.32
1588.69
1589.05
1589.42
1589.78
1590.15
1590.51
1590.88
1591.24
1591.6
1591.96
1592.32
1592.68
1593.04
1593.4
1593.76
1594.12
1594.47
1594.83
1595.19
1595.54
1595.9
1596.25
1596.61
1596.96
1597.31
1597.66
1598.01
1598.36
1598.71
1599.07
1599.41
1599.76
1600.11
1600.46
1600.8
1601.15
1601.5
1601.84
1602.19
1602.53
1602.87
1603.22
1603.56
1603.9
1604.24
1604.58
1604.92
1605.26
--- next_y
1156.64
1156.62
1156.59
1156.57
1156.54
1156.52
1156.49
1156.46
1156.44
1156.41
1156.38
1156.36
1156.33
1156.31
1156.28
1156.26
1156.23
1156.2
1156.18
1156.15
1156.12
1156.1
1156.07
1156.04
1156.02
1155.99
1155.96
1155.93
1155.91
1155.88
1155.85
1155.83
1155.8
1155.77
1155.74
1155.71
1155.68
1155.66
1155.63
1155.6
1155.57
1155.54
1155.51
1155.48
1155.45
1155.43
1155.4
1155.37
1155.34
1155.31
iteracion: 517
--- next_x
1587.95
1588.32
1588.69
1589.05
1589.42
1589.78
1590.15
1590.51
1590.88
1591.24
1591.6
1591.96
1592.32
1592.68
1593.04
1593.4
1593.76
1594.12
1594.47
1594.83
1595.19
1595.54
1595.9
1596.25
1596.61
1596.96
1597.31
1597.66
1598.01
1598.36
1598.71
1599.07
1599.41
1599.76
1600.11
1600.46
1600.8
1601.15
1601.5
1601.84
1602.19
1602.53
1602.87
1603.22
1603.56
1603.9
1604.24
1604.58
1604.91
1605.25
--- next_y
1156.64
1156.62
1156.59
1156.57
1156.54
1156.52
1156.49
1156.46
1156.44
1156.41
1156.38
1156.36
1156.33
1156.31
1156.28
1156.26
1156.23
1156.2
1156.18
1156.15
1156.12
1156.1
1156.07
1156.04
1156.02
1155.99
1155.96
1155.93
1155.91
1155.88
1155.85
1155.83
1155.8
1155.77
1155.74
1155.71
1155.68
1155.66
1155.63
1155.6
1155.57
1155.54
1155.51
1155.48
1155.45
1155.43
1155.4
1155.36
1155.33
1155.29
iteracion: 517
--- next_x
1587.95
1588.32
1588.69
1589.05
1589.42
1589.78
1590.15
1590.51
1590.88
1591.24
1591.6
1591.96
1592.32
1592.68
1593.04
1593.4
1593.76
1594.12
1594.47
1594.83
1595.19
1595.54
1595.9
1596.25
1596.61
1596.96
1597.31
1597.66
1598.01
1598.36
1598.71
1599.07
1599.41
1599.76
1600.11
1600.46
1600.8
1601.15
1601.5
1601.84
1602.19
1602.53
1602.87
1603.22
1603.56
1603.9
1604.24
1604.58
1604.92
1605.26
--- next_y
1156.64
1156.62
1156.59
1156.57
1156.54
1156.52
1156.49
1156.46
1156.44
1156.41
1156.38
1156.36
1156.33
1156.31
1156.28
1156.26
1156.23
1156.2
1156.18
1156.15
1156.12
1156.1
1156.07
1156.04
1156.02
1155.99
1155.96
1155.93
1155.91
1155.88
1155.85
1155.83
1155.8
1155.77
1155.74
1155.71
1155.68
1155.66
1155.63
1155.6
1155.57
1155.54
1155.51
1155.48
1155.45
1155.43
1155.4
1155.37
1155.34
1155.32
