iteracion: 1306
--- next_x
2166.74
2166.78
2166.83
2166.88
2166.92
2166.97
2167.01
2167.05
2167.1
2167.14
2167.19
2167.23
2167.28
2167.32
2167.36
2167.4
2167.45
2167.49
2167.53
2167.57
2167.61
2167.66
2167.7
2167.74
2167.78
2167.82
2167.86
2167.9
2167.94
2167.98
2168.02
2168.06
2168.09
2168.13
2168.17
2168.21
2168.25
2168.28
2168.32
2168.36
2168.39
2168.43
2168.47
2168.5
2168.54
2168.58
2168.61
2168.65
2168.69
2168.73
--- next_y
1742.71
1742.96
1743.21
1743.46
1743.72
1743.97
1744.22
1744.47
1744.72
1744.96
1745.21
1745.46
1745.71
1745.95
1746.2
1746.45
1746.69
1746.94
1747.18
1747.43
1747.67
1747.91
1748.15
1748.4
1748.64
1748.88
1749.12
1749.36
1749.59
1749.83
1750.07
1750.31
1750.54
1750.78
1751.02
1751.25
1751.48
1751.72
1751.95
1752.18
1752.41
1752.65
1752.88
1753.11
1753.33
1753.56
1753.79
1754.02
1754.25
1754.48
iteracion: 1306
--- next_x
2166.74
2166.78
2166.83
2166.88
2166.92
2166.97
2167.01
2167.05
2167.1
2167.14
2167.19
2167.23
2167.28
2167.32
2167.36
2167.4
2167.45
2167.49
2167.53
2167.57
2167.61
2167.66
2167.7
2167.74
2167.78
2167.82
2167.86
2167.9
2167.94
2167.98
2168.02
2168.06
2168.09
2168.13
2168.17
2168.21
2168.25
2168.28
2168.32
2168.36
2168.39
2168.43
2168.47
2168.5
2168.54
2168.58
2168.62
2168.65
2168.69
2168.73
--- next_y
1742.71
1742.96
1743.21
1743.46
1743.72
1743.97
1744.22
1744.47
1744.72
1744.96
1745.21
1745.46
1745.71
1745.95
1746.2
1746.45
1746.69
1746.94
1747.18
1747.43
1747.67
1747.91
1748.15
1748.4
1748.64
1748.88
1749.12
1749.36
1749.59
1749.83
1750.07
1750.31
1750.54
1750.78
1751.02
1751.25
1751.48
1751.72
1751.95
1752.18
1752.41
1752.65
1752.88
1753.11
1753.33
1753.56
1753.79
1754.02
1754.25
1754.48
iteracion: 1306
--- next_x
2166.74
2166.78
2166.83
2166.88
2166.92
2166.97
2167.01
2167.05
2167.1
2167.14
2167.19
2167.23
2167.28
2167.32
2167.36
2167.4
2167.45
2167.49
2167.53
2167.57
2167.61
2167.66
2167.7
2167.74
2167.78
2167.82
2167.86
2167.9
2167.94
2167.98
2168.02
2168.06
2168.09
2168.13
2168.17
2168.21
2168.25
2168.28
2168.32
2168.36
2168.39
2168.43
2168.47
2168.5
2168.54
2168.58
2168.61
2168.65
2168.68
2168.72
--- next_y
1742.71
1742.96
1743.21
1743.46
1743.72
1743.97
1744.22
1744.47
1744.72
1744.96
1745.21
1745.46
1745.71
1745.95
1746.2
1746.45
1746.69
1746.94
1747.18
1747.43
1747.67
1747.91
1748.15
1748.4
1748.64
1748.88
1749.12
1749.36
1749.59
1749.83
1750.07
1750.31
1750.54
1750.78
1751.02
1751.25
1751.48
1751.72
1751.95
1752.18
1752.41
1752.65
1752.88
1753.11
1753.33
1753.56
1753.79
1754.02
1754.25
1754.48
