iteracion: 3900
--- next_x
187.2
187.322
187.443
187.564
187.686
187.809
187.931
188.054
188.177
188.3
188.423
188.547
188.669
188.793
188.916
189.04
189.165
189.288
189.412
189.537
189.662
189.786
189.911
190.036
190.16
190.284
190.409
190.534
190.658
190.783
190.908
191.033
191.157
191.282
191.407
191.533
191.658
191.783
191.908
192.034
192.159
192.284
192.409
192.533
192.658
192.783
192.908
193.033
193.159
193.284
--- next_y
1943.42
1943.1
1942.78
1942.46
1942.14
1941.82
1941.5
1941.18
1940.86
1940.55
1940.23
1939.91
1939.6
1939.29
1938.98
1938.66
1938.35
1938.04
1937.73
1937.42
1937.11
1936.8
1936.49
1936.19
1935.88
1935.58
1935.27
1934.97
1934.66
1934.36
1934.06
1933.76
1933.46
1933.16
1932.86
1932.56
1932.26
1931.96
1931.66
1931.37
1931.07
1930.78
1930.48
1930.19
1929.89
1929.6
1929.31
1929.02
1928.72
1928.43
iteracion: 3900
--- next_x
187.2
187.322
187.443
187.564
187.686
187.809
187.931
188.054
188.177
188.3
188.423
188.547
188.669
188.793
188.916
189.04
189.165
189.288
189.412
189.537
189.662
189.786
189.911
190.036
190.16
190.284
190.409
190.534
190.658
190.783
190.908
191.033
191.157
191.282
191.407
191.533
191.658
191.783
191.908
192.034
192.159
192.284
192.409
192.533
192.658
192.783
192.906
193.028
193.148
193.267
--- next_y
1943.42
1943.1
1942.78
1942.46
1942.14
1941.82
1941.5
1941.18
1940.86
1940.55
1940.23
1939.91
1939.6
1939.29
1938.98
1938.66
1938.35
1938.04
1937.73
1937.42
1937.11
1936.8
1936.49
1936.19
1935.88
1935.58
1935.27
1934.97
1934.66
1934.36
1934.06
1933.76
1933.46
1933.16
1932.86
1932.56
1932.26
1931.96
1931.66
1931.37
1931.07
1930.78
1930.48
1930.19
1929.89
1929.6
1929.31
1929.02
1928.72
1928.43
iteracion: 3900
--- next_x
187.2
187.322
187.443
187.564
187.686
187.809
187.931
188.054
188.177
188.3
188.423
188.547
188.669
188.793
188.916
189.04
189.165
189.288
189.412
189.537
189.662
189.786
189.911
190.036
190.16
190.284
190.409
190.534
190.658
190.783
190.908
191.033
191.157
191.282
191.407
191.533
191.658
191.783
191.908
192.034
192.159
192.284
192.409
192.533
192.658
192.783
192.908
193.035
193.163
193.293
--- next_y
1943.42
1943.1
1942.78
1942.46
1942.14
1941.82
1941.5
1941.18
1940.86
1940.55
1940.23
1939.91
1939.6
1939.29
1938.98
1938.66
1938.35
1938.04
1937.73
1937.42
1937.11
1936.8
1936.49
1936.19
1935.88
1935.58
1935.27
1934.97
1934.66
1934.36
1934.06
1933.76
1933.46
1933.16
1932.86
1932.56
1932.26
1931.96
1931.66
1931.37
1931.07
1930.78
1930.48
1930.19
1929.89
1929.6
1929.31
1929.02
1928.74
1928.45
