iteracion: 1107
--- next_x
2116.95
2116.99
2117.02
2117.06
2117.1
2117.13
2117.17
2117.2
2117.24
2117.28
2117.31
2117.35
2117.38
2117.42
2117.45
2117.49
2117.53
2117.56
2117.59
2117.63
2117.66
2117.7
2117.73
2117.77
2117.8
2117.84
2117.87
2117.91
2117.94
2117.98
2118.01
2118.05
2118.08
2118.12
2118.15
2118.19
2118.22
2118.26
2118.29
2118.32
2118.36
2118.39
2118.43
2118.46
2118.5
2118.53
2118.57
2118.6
2118.64
2118.67
--- next_y
1495.48
1495.71
1495.95
1496.19
1496.43
1496.66
1496.9
1497.14
1497.37
1497.61
1497.84
1498.07
1498.31
1498.54
1498.77
1499
1499.23
1499.46
1499.69
1499.92
1500.15
1500.38
1500.6
1500.83
1501.06
1501.28
1501.51
1501.73
1501.96
1502.18
1502.4
1502.62
1502.85
1503.07
1503.29
1503.51
1503.73
1503.95
1504.17
1504.39
1504.6
1504.82
1505.04
1505.26
1505.47
1505.69
1505.91
1506.13
1506.34
1506.56
iteracion: 1107
--- next_x
2116.95
2116.99
2117.02
2117.06
2117.1
2117.13
2117.17
2117.2
2117.24
2117.28
2117.31
2117.35
2117.38
2117.42
2117.45
2117.49
2117.53
2117.56
2117.59
2117.63
2117.66
2117.7
2117.73
2117.77
2117.8
2117.84
2117.87
2117.91
2117.94
2117.98
2118.01
2118.05
2118.08
2118.12
2118.15
2118.19
2118.22
2118.26
2118.29
2118.32
2118.36
2118.39
2118.43
2118.46
2118.5
2118.54
2118.57
2118.61
2118.65
2118.69
--- next_y
1495.48
1495.71
1495.95
1496.19
1496.43
1496.66
1496.9
1497.14
1497.37
1497.61
1497.84
1498.07
1498.31
1498.54
1498.77
1499
1499.23
1499.46
1499.69
1499.92
1500.15
1500.38
1500.6
1500.83
1501.06
1501.28
1501.51
1501.73
1501.96
1502.18
1502.4
1502.62
1502.85
1503.07
1503.29
1503.51
1503.73
1503.95
1504.17
1504.39
1504.6
1504.82
1505.04
1505.26
1505.47
1505.69
1505.9
1506.12
1506.33
1506.55
iteracion: 1107
--- next_x
2116.95
2116.99
2117.02
2117.06
2117.1
2117.13
2117.17
2117.2
2117.24
2117.28
2117.31
2117.35
2117.38
2117.42
2117.45
2117.49
2117.53
2117.56
2117.59
2117.63
2117.66
2117.7
2117.73
2117.77
2117.8
2117.84
2117.87
2117.91
2117.94
2117.98
2118.01
2118.05
2118.08
2118.12
2118.15
2118.19
2118.22
2118.26
2118.29
2118.32
2118.36
2118.39
2118.43
2118.46
2118.5
2118.53
2118.56
2118.6
2118.63
2118.66
--- next_y
1495.48
1495.71
1495.95
1496.19
1496.43
1496.66
1496.9
1497.14
1497.37
1497.61
1497.84
1498.07
1498.31
1498.54
1498.77
1499
1499.23
1499.46
1499.69
1499.92
1500.15
1500.38
1500.6
1500.83
1501.06
1501.28
1501.51
1501.73
1501.96
1502.18
1502.4
1502.62
1502.85
1503.07
1503.29
1503.51
1503.73
1503.95
1504.17
1504.39
1504.6
1504.82
1505.04
1505.26
1505.47
1505.69
1505.91
1506.12
1506.34
1506.56
