iteracion: 1047
--- next_x
2101.76
2101.86
2101.97
2102.07
2102.18
2102.28
2102.39
2102.49
2102.59
2102.69
2102.79
2102.89
2102.99
2103.09
2103.19
2103.28
2103.38
2103.47
2103.57
2103.66
2103.75
2103.84
2103.94
2104.03
2104.12
2104.21
2104.3
2104.39
2104.47
2104.56
2104.65
2104.74
2104.82
2104.91
2104.99
2105.07
2105.16
2105.24
2105.32
2105.4
2105.48
2105.56
2105.64
2105.72
2105.8
2105.88
2105.96
2106.03
2106.11
2106.19
--- next_y
1409.92
1410.28
1410.64
1411.01
1411.37
1411.73
1412.09
1412.45
1412.81
1413.17
1413.53
1413.88
1414.24
1414.6
1414.96
1415.32
1415.67
1416.03
1416.38
1416.74
1417.09
1417.45
1417.8
1418.15
1418.51
1418.86
1419.21
1419.57
1419.92
1420.27
1420.62
1420.98
1421.33
1421.68
1422.03
1422.38
1422.73
1423.08
1423.42
1423.77
1424.12
1424.47
1424.82
1425.17
1425.51
1425.86
1426.21
1426.56
1426.91
1427.25
iteracion: 1047
--- next_x
2101.76
2101.86
2101.97
2102.07
2102.18
2102.28
2102.39
2102.49
2102.59
2102.69
2102.79
2102.89
2102.99
2103.09
2103.19
2103.28
2103.38
2103.47
2103.57
2103.66
2103.75
2103.84
2103.94
2104.03
2104.12
2104.21
2104.3
2104.39
2104.47
2104.56
2104.65
2104.74
2104.82
2104.91
2104.99
2105.07
2105.16
2105.24
2105.32
2105.4
2105.48
2105.56
2105.64
2105.72
2105.8
2105.88
2105.96
2106.04
2106.12
2106.21
--- next_y
1409.92
1410.28
1410.64
1411.01
1411.37
1411.73
1412.09
1412.45
1412.81
1413.17
1413.53
1413.88
1414.24
1414.6
1414.96
1415.32
1415.67
1416.03
1416.38
1416.74
1417.09
1417.45
1417.8
1418.15
1418.51
1418.86
1419.21
1419.57
1419.92
1420.27
1420.62
1420.98
1421.33
1421.68
1422.03
1422.38
1422.73
1423.08
1423.42
1423.77
1424.12
1424.47
1424.82
1425.17
1425.51
1425.86
1426.21
1426.55
1426.9
1427.24
iteracion: 1047
--- next_x
2101.76
2101.86
2101.97
2102.07
2102.18
2102.28
2102.39
2102.49
2102.59
2102.69
2102.79
2102.89
2102.99
2103.09
2103.19
2103.28
2103.38
2103.47
2103.57
2103.66
2103.75
2103.84
2103.94
2104.03
2104.12
2104.21
2104.3
2104.39
2104.47
2104.56
2104.65
2104.74
2104.82
2104.91
2104.99
2105.07
2105.16
2105.24
2105.32
2105.4
2105.48
2105.56
2105.64
2105.72
2105.8
2105.88
2105.95
2106.02
2106.09
2106.16
--- next_y
1409.92
1410.28
1410.64
1411.01
1411.37
1411.73
1412.09
1412.45
1412.81
1413.17
1413.53
1413.88
1414.24
1414.6
1414.96
1415.32
1415.67
1416.03
1416.38
1416.74
1417.09
1417.45
1417.8
1418.15
1418.51
1418.86
1419.21
1419.57
1419.92
1420.27
1420.62
1420.98
1421.33
1421.68
1422.03
1422.38
1422.73
1423.08
1423.42
1423.77
1424.12
1424.47
1424.82
1425.17
1425.51
1425.86
1426.21
1426.55
1426.89
1427.24
