iteracion: 662
--- next_x
1767.7
1768.13
1768.56
1768.99
1769.42
1769.85
1770.27
1770.7
1771.12
1771.55
1771.97
1772.4
1772.82
1773.24
1773.67
1774.09
1774.51
1774.93
1775.35
1775.77
1776.19
1776.61
1777.03
1777.45
1777.87
1778.29
1778.7
1779.12
1779.53
1779.95
1780.36
1780.78
1781.19
1781.6
1782.01
1782.42
1782.84
1783.25
1783.66
1784.07
1784.47
1784.88
1785.29
1785.7
1786.1
1786.51
1786.92
1787.32
1787.73
1788.14
--- next_y
1142.13
1142.1
1142.07
1142.04
1142
1141.97
1141.94
1141.91
1141.88
1141.85
1141.82
1141.79
1141.76
1141.73
1141.7
1141.67
1141.64
1141.61
1141.58
1141.56
1141.53
1141.5
1141.47
1141.44
1141.42
1141.39
1141.36
1141.34
1141.31
1141.29
1141.26
1141.23
1141.21
1141.18
1141.16
1141.13
1141.11
1141.09
1141.06
1141.04
1141.02
1140.99
1140.97
1140.95
1140.92
1140.9
1140.88
1140.86
1140.84
1140.82
iteracion: 662
--- next_x
1767.7
1768.13
1768.56
1768.99
1769.42
1769.85
1770.27
1770.7
1771.12
1771.55
1771.97
1772.4
1772.82
1773.24
1773.67
1774.09
1774.51
1774.93
1775.35
1775.77
1776.19
1776.61
1777.03
1777.45
1777.87
1778.29
1778.7
1779.12
1779.53
1779.95
1780.36
1780.78
1781.19
1781.6
1782.01
1782.42
1782.84
1783.25
1783.66
1784.07
1784.47
1784.88
1785.29
1785.7
1786.1
1786.51
1786.91
1787.32
1787.72
1788.12
--- next_y
1142.13
1142.1
1142.07
1142.04
1142
1141.97
1141.94
1141.91
1141.88
1141.85
1141.82
1141.79
1141.76
1141.73
1141.7
1141.67
1141.64
1141.61
1141.58
1141.56
1141.53
1141.5
1141.47
1141.44
1141.42
1141.39
1141.36
1141.34
1141.31
1141.29
1141.26
1141.23
1141.21
1141.18
1141.16
1141.13
1141.11
1141.09
1141.06
1141.04
1141.02
1140.99
1140.97
1140.95
1140.92
1140.9
1140.88
1140.85
1140.82
1140.78
iteracion: 662
--- next_x
1767.7
1768.13
1768.56
1768.99
1769.42
1769.85
1770.27
1770.7
1771.12
1771.55
1771.97
1772.4
1772.82
1773.24
1773.67
1774.09
1774.51
1774.93
1775.35
1775.77
1776.19
1776.61
1777.03
1777.45
1777.87
1778.29
1778.7
1779.12
1779.53
1779.95
1780.36
1780.78
1781.19
1781.6
1782.01
1782.42
1782.84
1783.25
1783.66
1784.07
1784.47
1784.88
1785.29
1785.7
1786.1
1786.51
1786.91
1787.31
1787.71
1788.11
--- next_y
1142.13
1142.1
1142.07
1142.04
1142
1141.97
1141.94
1141.91
1141.88
1141.85
1141.82
1141.79
1141.76
1141.73
1141.7
1141.67
1141.64
1141.61
1141.58
1141.56
1141.53
1141.5
1141.47
1141.44
1141.42
1141.39
1141.36
1141.34
1141.31
1141.29
1141.26
1141.23
1141.21
1141.18
1141.16
1141.13
1141.11
1141.09
1141.06
1141.04
1141.02
1140.99
1140.97
1140.95
1140.92
1140.9
1140.88
1140.87
1140.86
1140.85
