iteracion: 1282
--- next_x
2161.66
2161.73
2161.79
2161.86
2161.92
2161.98
2162.05
2162.11
2162.17
2162.23
2162.3
2162.36
2162.42
2162.48
2162.54
2162.6
2162.66
2162.72
2162.78
2162.84
2162.9
2162.96
2163.02
2163.08
2163.14
2163.2
2163.25
2163.31
2163.37
2163.43
2163.48
2163.54
2163.6
2163.66
2163.71
2163.77
2163.82
2163.88
2163.94
2163.99
2164.05
2164.1
2164.16
2164.21
2164.26
2164.32
2164.37
2164.43
2164.48
2164.54
--- next_y
1716.46
1716.77
1717.07
1717.38
1717.68
1717.98
1718.29
1718.59
1718.89
1719.19
1719.49
1719.79
1720.09
1720.39
1720.69
1720.99
1721.29
1721.58
1721.88
1722.17
1722.47
1722.76
1723.06
1723.35
1723.64
1723.94
1724.23
1724.52
1724.81
1725.1
1725.39
1725.67
1725.96
1726.25
1726.54
1726.82
1727.11
1727.39
1727.68
1727.96
1728.24
1728.53
1728.81
1729.09
1729.37
1729.65
1729.93
1730.21
1730.5
1730.78
iteracion: 1282
--- next_x
2161.66
2161.73
2161.79
2161.86
2161.92
2161.98
2162.05
2162.11
2162.17
2162.23
2162.3
2162.36
2162.42
2162.48
2162.54
2162.6
2162.66
2162.72
2162.78
2162.84
2162.9
2162.96
2163.02
2163.08
2163.14
2163.2
2163.25
2163.31
2163.37
2163.43
2163.48
2163.54
2163.6
2163.66
2163.71
2163.77
2163.82
2163.88
2163.94
2163.99
2164.05
2164.1
2164.16
2164.21
2164.26
2164.32
2164.38
2164.43
2164.49
2164.55
--- next_y
1716.46
1716.77
1717.07
1717.38
1717.68
1717.98
1718.29
1718.59
1718.89
1719.19
1719.49
1719.79
1720.09
1720.39
1720.69
1720.99
1721.29
1721.58
1721.88
1722.17
1722.47
1722.76
1723.06
1723.35
1723.64
1723.94
1724.23
1724.52
1724.81
1725.1
1725.39
1725.67
1725.96
1726.25
1726.54
1726.82
1727.11
1727.39
1727.68
1727.96
1728.24
1728.53
1728.81
1729.09
1729.37
1729.65
1729.93
1730.21
1730.49
1730.77
iteracion: 1282
--- next_x
2161.66
2161.73
2161.79
2161.86
2161.92
2161.98
2162.05
2162.11
2162.17
2162.23
2162.3
2162.36
2162.42
2162.48
2162.54
2162.6
2162.66
2162.72
2162.78
2162.84
2162.9
2162.96
2163.02
2163.08
2163.14
2163.2
2163.25
2163.31
2163.37
2163.43
2163.48
2163.54
2163.6
2163.66
2163.71
2163.77
2163.82
2163.88
2163.94
2163.99
2164.05
2164.1
2164.16
2164.21
2164.26
2164.32
2164.37
2164.42
2164.47
2164.52
--- next_y
1716.46
1716.77
1717.07
1717.38
1717.68
1717.98
1718.29
1718.59
1718.89
1719.19
1719.49
1719.79
1720.09
1720.39
1720.69
1720.99
1721.29
1721.58
1721.88
1722.17
1722.47
1722.76
1723.06
1723.35
1723.64
1723.94
1724.23
1724.52
1724.81
1725.1
1725.39
1725.67
1725.96
1726.25
1726.54
1726.82
1727.11
1727.39
1727.68
1727.96
1728.24
1728.53
1728.81
1729.09
1729.37
1729.65
1729.93
1730.21
1730.49
1730.77
