iteracion: 1452
--- next_x
2190
2190.05
2190.09
2190.13
2190.18
2190.22
2190.26
2190.31
2190.35
2190.4
2190.44
2190.48
2190.53
2190.57
2190.61
2190.65
2190.7
2190.74
2190.78
2190.82
2190.86
2190.91
2190.95
2190.99
2191.04
2191.08
2191.12
2191.16
2191.21
2191.25
2191.29
2191.34
2191.38
2191.42
2191.47
2191.51
2191.55
2191.59
2191.64
2191.68
2191.72
2191.77
2191.81
2191.86
2191.9
2191.94
2191.99
2192.03
2192.08
2192.12
--- next_y
1916.08
1916.35
1916.63
1916.91
1917.19
1917.46
1917.74
1918.02
1918.29
1918.57
1918.84
1919.12
1919.39
1919.66
1919.93
1920.21
1920.48
1920.75
1921.02
1921.29
1921.55
1921.82
1922.09
1922.36
1922.62
1922.89
1923.15
1923.41
1923.68
1923.94
1924.2
1924.46
1924.73
1924.99
1925.25
1925.5
1925.76
1926.02
1926.28
1926.53
1926.79
1927.04
1927.3
1927.55
1927.8
1928.06
1928.31
1928.56
1928.82
1929.07
iteracion: 1452
--- next_x
2190
2190.05
2190.09
2190.13
2190.18
2190.22
2190.26
2190.31
2190.35
2190.4
2190.44
2190.48
2190.53
2190.57
2190.61
2190.65
2190.7
2190.74
2190.78
2190.82
2190.86
2190.91
2190.95
2190.99
2191.04
2191.08
2191.12
2191.16
2191.21
2191.25
2191.29
2191.34
2191.38
2191.42
2191.47
2191.51
2191.55
2191.59
2191.64
2191.68
2191.72
2191.77
2191.81
2191.86
2191.9
2191.94
2191.99
2192.03
2192.08
2192.13
--- next_y
1916.08
1916.35
1916.63
1916.91
1917.19
1917.46
1917.74
1918.02
1918.29
1918.57
1918.84
1919.12
1919.39
1919.66
1919.93
1920.21
1920.48
1920.75
1921.02
1921.29
1921.55
1921.82
1922.09
1922.36
1922.62
1922.89
1923.15
1923.41
1923.68
1923.94
1924.2
1924.46
1924.73
1924.99
1925.25
1925.5
1925.76
1926.02
1926.28
1926.53
1926.79
1927.04
1927.3
1927.55
1927.8
1928.06
1928.31
1928.56
1928.81
1929.06
iteracion: 1452
--- next_x
2190
2190.05
2190.09
2190.13
2190.18
2190.22
2190.26
2190.31
2190.35
2190.4
2190.44
2190.48
2190.53
2190.57
2190.61
2190.65
2190.7
2190.74
2190.78
2190.82
2190.86
2190.91
2190.95
2190.99
2191.04
2191.08
2191.12
2191.16
2191.21
2191.25
2191.29
2191.34
2191.38
2191.42
2191.47
2191.51
2191.55
2191.59
2191.64
2191.68
2191.72
2191.77
2191.81
2191.86
2191.9
2191.94
2191.99
2192.03
2192.07
2192.11
--- next_y
1916.08
1916.35
1916.63
1916.91
1917.19
1917.46
1917.74
1918.02
1918.29
1918.57
1918.84
1919.12
1919.39
1919.66
1919.93
1920.21
1920.48
1920.75
1921.02
1921.29
1921.55
1921.82
1922.09
1922.36
1922.62
1922.89
1923.15
1923.41
1923.68
1923.94
1924.2
1924.46
1924.73
1924.99
1925.25
1925.5
1925.76
1926.02
1926.28
1926.53
1926.79
1927.04
1927.3
1927.55
1927.8
1928.06
1928.31
1928.56
1928.82
1929.07
