iteracion: 1668
--- next_x
2252.03
2252.11
2252.19
2252.27
2252.34
2252.42
2252.5
2252.58
2252.65
2252.73
2252.81
2252.88
2252.96
2253.03
2253.11
2253.18
2253.26
2253.34
2253.41
2253.49
2253.56
2253.64
2253.71
2253.79
2253.86
2253.94
2254.01
2254.08
2254.16
2254.23
2254.31
2254.38
2254.46
2254.53
2254.6
2254.68
2254.75
2254.82
2254.89
2254.97
2255.04
2255.11
2255.18
2255.25
2255.32
2255.39
2255.46
2255.52
2255.59
2255.66
--- next_y
2186.57
2186.93
2187.3
2187.67
2188.03
2188.39
2188.76
2189.12
2189.48
2189.85
2190.21
2190.57
2190.93
2191.29
2191.65
2192.01
2192.36
2192.72
2193.08
2193.43
2193.79
2194.14
2194.5
2194.85
2195.2
2195.55
2195.9
2196.25
2196.6
2196.95
2197.3
2197.65
2198
2198.34
2198.69
2199.04
2199.38
2199.72
2200.07
2200.41
2200.76
2201.1
2201.44
2201.78
2202.12
2202.46
2202.8
2203.14
2203.48
2203.82
iteracion: 1668
--- next_x
2252.03
2252.11
2252.19
2252.27
2252.34
2252.42
2252.5
2252.58
2252.65
2252.73
2252.81
2252.88
2252.96
2253.03
2253.11
2253.18
2253.26
2253.34
2253.41
2253.49
2253.56
2253.64
2253.71
2253.79
2253.86
2253.94
2254.01
2254.08
2254.16
2254.23
2254.31
2254.38
2254.46
2254.53
2254.6
2254.68
2254.75
2254.82
2254.89
2254.97
2255.04
2255.11
2255.18
2255.25
2255.32
2255.39
2255.46
2255.53
2255.6
2255.67
--- next_y
2186.57
2186.93
2187.3
2187.67
2188.03
2188.39
2188.76
2189.12
2189.48
2189.85
2190.21
2190.57
2190.93
2191.29
2191.65
2192.01
2192.36
2192.72
2193.08
2193.43
2193.79
2194.14
2194.5
2194.85
2195.2
2195.55
2195.9
2196.25
2196.6
2196.95
2197.3
2197.65
2198
2198.34
2198.69
2199.04
2199.38
2199.72
2200.07
2200.41
2200.76
2201.1
2201.44
2201.78
2202.12
2202.46
2202.8
2203.14
2203.48
2203.81
iteracion: 1668
--- next_x
2252.03
2252.11
2252.19
2252.27
2252.34
2252.42
2252.5
2252.58
2252.65
2252.73
2252.81
2252.88
2252.96
2253.03
2253.11
2253.18
2253.26
2253.34
2253.41
2253.49
2253.56
2253.64
2253.71
2253.79
2253.86
2253.94
2254.01
2254.08
2254.16
2254.23
2254.31
2254.38
2254.46
2254.53
2254.6
2254.68
2254.75
2254.82
2254.89
2254.97
2255.04
2255.11
2255.18
2255.25
2255.32
2255.39
2255.46
2255.52
2255.59
2255.65
--- next_y
2186.57
2186.93
2187.3
2187.67
2188.03
2188.39
2188.76
2189.12
2189.48
2189.85
2190.21
2190.57
2190.93
2191.29
2191.65
2192.01
2192.36
2192.72
2193.08
2193.43
2193.79
2194.14
2194.5
2194.85
2195.2
2195.55
2195.9
2196.25
2196.6
2196.95
2197.3
2197.65
2198
2198.34
2198.69
2199.04
2199.38
2199.72
2200.07
2200.41
2200.76
2201.1
2201.44
2201.78
2202.12
2202.46
2202.8
2203.14
2203.48
2203.81
