iteracion: 447
--- next_x
1498.56
1498.94
1499.33
1499.72
1500.12
1500.51
1500.9
1501.3
1501.7
1502.1
1502.49
1502.9
1503.3
1503.7
1504.11
1504.52
1504.92
1505.33
1505.74
1506.16
1506.57
1506.99
1507.4
1507.82
1508.24
1508.66
1509.08
1509.51
1509.93
1510.36
1510.79
1511.22
1511.65
1512.08
1512.51
1512.95
1513.39
1513.83
1514.27
1514.71
1515.15
1515.59
1516.04
1516.48
1516.92
1517.36
1517.8
1518.25
1518.69
1519.13
--- next_y
1164.01
1163.97
1163.93
1163.89
1163.85
1163.81
1163.77
1163.73
1163.69
1163.65
1163.61
1163.57
1163.53
1163.49
1163.45
1163.41
1163.37
1163.33
1163.29
1163.25
1163.21
1163.17
1163.13
1163.09
1163.05
1163.01
1162.97
1162.93
1162.89
1162.85
1162.81
1162.77
1162.73
1162.69
1162.65
1162.62
1162.58
1162.54
1162.5
1162.46
1162.42
1162.38
1162.34
1162.31
1162.27
1162.23
1162.19
1162.15
1162.11
1162.08
iteracion: 447
--- next_x
1498.56
1498.94
1499.33
1499.72
1500.12
1500.51
1500.9
1501.3
1501.7
1502.1
1502.49
1502.9
1503.3
1503.7
1504.11
1504.52
1504.92
1505.33
1505.74
1506.16
1506.57
1506.99
1507.4
1507.82
1508.24
1508.66
1509.08
1509.51
1509.93
1510.36
1510.79
1511.22
1511.65
1512.08
1512.51
1512.95
1513.39
1513.83
1514.27
1514.71
1515.15
1515.59
1516.04
1516.48
1516.92
1517.36
1517.8
1518.23
1518.67
1519.11
--- next_y
1164.01
1163.97
1163.93
1163.89
1163.85
1163.81
1163.77
1163.73
1163.69
1163.65
1163.61
1163.57
1163.53
1163.49
1163.45
1163.41
1163.37
1163.33
1163.29
1163.25
1163.21
1163.17
1163.13
1163.09
1163.05
1163.01
1162.97
1162.93
1162.89
1162.85
1162.81
1162.77
1162.73
1162.69
1162.65
1162.62
1162.58
1162.54
1162.5
1162.46
1162.42
1162.38
1162.34
1162.31
1162.27
1162.23
1162.19
1162.14
1162.09
1162.04
iteracion: 447
--- next_x
1498.56
1498.94
1499.33
1499.72
1500.12
1500.51
1500.9
1501.3
1501.7
1502.1
1502.49
1502.9
1503.3
1503.7
1504.11
1504.52
1504.92
1505.33
1505.74
1506.16
1506.57
1506.99
1507.4
1507.82
1508.24
1508.66
1509.08
1509.51
1509.93
1510.36
1510.79
1511.22
1511.65
1512.08
1512.51
1512.95
1513.39
1513.83
1514.27
1514.71
1515.15
1515.59
1516.04
1516.48
1516.92
1517.36
1517.8
1518.24
1518.67
1519.11
--- next_y
1164.01
1163.97
1163.93
1163.89
1163.85
1163.81
1163.77
1163.73
1163.69
1163.65
1163.61
1163.57
1163.53
1163.49
1163.45
1163.41
1163.37
1163.33
1163.29
1163.25
1163.21
1163.17
1163.13
1163.09
1163.05
1163.01
1162.97
1162.93
1162.89
1162.85
1162.81
1162.77
1162.73
1162.69
1162.65
1162.62
1162.58
1162.54
1162.5
1162.46
1162.42
1162.38
1162.34
1162.31
1162.27
1162.23
1162.19
1162.17
1162.14
1162.12
