iteracion: 1106
--- next_x
2116.73
2116.77
2116.8
2116.84
2116.88
2116.91
2116.95
2116.99
2117.02
2117.06
2117.1
2117.13
2117.17
2117.2
2117.24
2117.28
2117.31
2117.35
2117.38
2117.42
2117.45
2117.49
2117.53
2117.56
2117.59
2117.63
2117.66
2117.7
2117.73
2117.77
2117.8
2117.84
2117.87
2117.91
2117.94
2117.98
2118.01
2118.05
2118.08
2118.12
2118.15
2118.19
2118.22
2118.26
2118.29
2118.33
2118.36
2118.4
2118.43
2118.47
--- next_y
1494.04
1494.28
1494.52
1494.76
1495
1495.24
1495.48
1495.71
1495.95
1496.19
1496.43
1496.66
1496.9
1497.14
1497.37
1497.61
1497.84
1498.07
1498.31
1498.54
1498.77
1499
1499.23
1499.46
1499.69
1499.92
1500.15
1500.38
1500.6
1500.83
1501.06
1501.28
1501.51
1501.73
1501.96
1502.18
1502.4
1502.62
1502.85
1503.07
1503.29
1503.51
1503.73
1503.95
1504.17
1504.39
1504.61
1504.83
1505.05
1505.27
iteracion: 1106
--- next_x
2116.73
2116.77
2116.8
2116.84
2116.88
2116.91
2116.95
2116.99
2117.02
2117.06
2117.1
2117.13
2117.17
2117.2
2117.24
2117.28
2117.31
2117.35
2117.38
2117.42
2117.45
2117.49
2117.53
2117.56
2117.59
2117.63
2117.66
2117.7
2117.73
2117.77
2117.8
2117.84
2117.87
2117.91
2117.94
2117.98
2118.01
2118.05
2118.08
2118.12
2118.15
2118.19
2118.22
2118.26
2118.29
2118.33
2118.36
2118.4
2118.44
2118.47
--- next_y
1494.04
1494.28
1494.52
1494.76
1495
1495.24
1495.48
1495.71
1495.95
1496.19
1496.43
1496.66
1496.9
1497.14
1497.37
1497.61
1497.84
1498.07
1498.31
1498.54
1498.77
1499
1499.23
1499.46
1499.69
1499.92
1500.15
1500.38
1500.6
1500.83
1501.06
1501.28
1501.51
1501.73
1501.96
1502.18
1502.4
1502.62
1502.85
1503.07
1503.29
1503.51
1503.73
1503.95
1504.17
1504.39
1504.6
1504.82
1505.04
1505.26
iteracion: 1106
--- next_x
2116.73
2116.77
2116.8
2116.84
2116.88
2116.91
2116.95
2116.99
2117.02
2117.06
2117.1
2117.13
2117.17
2117.2
2117.24
2117.28
2117.31
2117.35
2117.38
2117.42
2117.45
2117.49
2117.53
2117.56
2117.59
2117.63
2117.66
2117.7
2117.73
2117.77
2117.8
2117.84
2117.87
2117.91
2117.94
2117.98
2118.01
2118.05
2118.08
2118.12
2118.15
2118.19
2118.22
2118.26
2118.29
2118.32
2118.36
2118.39
2118.42
2118.46
--- next_y
1494.04
1494.28
1494.52
1494.76
1495
1495.24
1495.48
1495.71
1495.95
1496.19
1496.43
1496.66
1496.9
1497.14
1497.37
1497.61
1497.84
1498.07
1498.31
1498.54
1498.77
1499
1499.23
1499.46
1499.69
1499.92
1500.15
1500.38
1500.6
1500.83
1501.06
1501.28
1501.51
1501.73
1501.96
1502.18
1502.4
1502.62
1502.85
1503.07
1503.29
1503.51
1503.73
1503.95
1504.17
1504.39
1504.61
1504.83
1505.04
1505.26
