iteracion: 337
--- next_x
1368.84
1369.23
1369.63
1370.03
1370.42
1370.81
1371.21
1371.6
1371.99
1372.39
1372.78
1373.17
1373.56
1373.95
1374.34
1374.73
1375.12
1375.51
1375.89
1376.28
1376.67
1377.05
1377.44
1377.82
1378.2
1378.59
1378.97
1379.35
1379.73
1380.11
1380.49
1380.87
1381.25
1381.63
1382
1382.38
1382.76
1383.13
1383.5
1383.88
1384.25
1384.62
1384.99
1385.36
1385.73
1386.11
1386.48
1386.85
1387.22
1387.59
--- next_y
1179.69
1179.65
1179.61
1179.58
1179.54
1179.5
1179.47
1179.43
1179.39
1179.36
1179.32
1179.29
1179.25
1179.21
1179.18
1179.14
1179.11
1179.07
1179.04
1179
1178.96
1178.93
1178.89
1178.86
1178.82
1178.78
1178.75
1178.71
1178.67
1178.63
1178.6
1178.56
1178.52
1178.48
1178.45
1178.41
1178.37
1178.33
1178.29
1178.26
1178.22
1178.18
1178.14
1178.1
1178.07
1178.03
1177.99
1177.95
1177.91
1177.87
iteracion: 337
--- next_x
1368.84
1369.23
1369.63
1370.03
1370.42
1370.81
1371.21
1371.6
1371.99
1372.39
1372.78
1373.17
1373.56
1373.95
1374.34
1374.73
1375.12
1375.51
1375.89
1376.28
1376.67
1377.05
1377.44
1377.82
1378.2
1378.59
1378.97
1379.35
1379.73
1380.11
1380.49
1380.87
1381.25
1381.63
1382
1382.38
1382.76
1383.13
1383.5
1383.88
1384.25
1384.62
1384.99
1385.36
1385.73
1386.11
1386.47
1386.84
1387.2
1387.57
--- next_y
1179.69
1179.65
1179.61
1179.58
1179.54
1179.5
1179.47
1179.43
1179.39
1179.36
1179.32
1179.29
1179.25
1179.21
1179.18
1179.14
1179.11
1179.07
1179.04
1179
1178.96
1178.93
1178.89
1178.86
1178.82
1178.78
1178.75
1178.71
1178.67
1178.63
1178.6
1178.56
1178.52
1178.48
1178.45
1178.41
1178.37
1178.33
1178.29
1178.26
1178.22
1178.18
1178.14
1178.1
1178.07
1178.03
1177.98
1177.94
1177.89
1177.84
iteracion: 337
--- next_x
1368.84
1369.23
1369.63
1370.03
1370.42
1370.81
1371.21
1371.6
1371.99
1372.39
1372.78
1373.17
1373.56
1373.95
1374.34
1374.73
1375.12
1375.51
1375.89
1376.28
1376.67
1377.05
1377.44
1377.82
1378.2
1378.59
1378.97
1379.35
1379.73
1380.11
1380.49
1380.87
1381.25
1381.63
1382
1382.38
1382.76
1383.13
1383.5
1383.88
1384.25
1384.62
1384.99
1385.36
1385.73
1386.11
1386.47
1386.84
1387.21
1387.58
--- next_y
1179.69
1179.65
1179.61
1179.58
1179.54
1179.5
1179.47
1179.43
1179.39
1179.36
1179.32
1179.29
1179.25
1179.21
1179.18
1179.14
1179.11
1179.07
1179.04
1179
1178.96
1178.93
1178.89
1178.86
1178.82
1178.78
1178.75
1178.71
1178.67
1178.63
1178.6
1178.56
1178.52
1178.48
1178.45
1178.41
1178.37
1178.33
1178.29
1178.26
1178.22
1178.18
1178.14
1178.1
1178.07
1178.03
1177.99
1177.96
1177.92
1177.9
