iteracion: 694
--- next_x
1819.71
1820.06
1820.42
1820.78
1821.13
1821.48
1821.84
1822.19
1822.55
1822.9
1823.25
1823.6
1823.95
1824.3
1824.65
1825
1825.35
1825.7
1826.05
1826.39
1826.74
1827.08
1827.43
1827.77
1828.12
1828.46
1828.8
1829.14
1829.49
1829.83
1830.17
1830.51
1830.85
1831.19
1831.52
1831.86
1832.2
1832.54
1832.88
1833.21
1833.55
1833.88
1834.22
1834.55
1834.88
1835.22
1835.55
1835.89
1836.22
1836.55
--- next_y
1140.35
1140.37
1140.38
1140.4
1140.41
1140.43
1140.45
1140.47
1140.48
1140.5
1140.52
1140.54
1140.56
1140.57
1140.59
1140.61
1140.63
1140.65
1140.67
1140.69
1140.71
1140.73
1140.75
1140.77
1140.8
1140.82
1140.84
1140.86
1140.88
1140.91
1140.93
1140.95
1140.98
1141
1141.03
1141.05
1141.08
1141.1
1141.12
1141.15
1141.18
1141.2
1141.23
1141.26
1141.28
1141.31
1141.34
1141.36
1141.39
1141.42
iteracion: 694
--- next_x
1819.71
1820.06
1820.42
1820.78
1821.13
1821.48
1821.84
1822.19
1822.55
1822.9
1823.25
1823.6
1823.95
1824.3
1824.65
1825
1825.35
1825.7
1826.05
1826.39
1826.74
1827.08
1827.43
1827.77
1828.12
1828.46
1828.8
1829.14
1829.49
1829.83
1830.17
1830.51
1830.85
1831.19
1831.52
1831.86
1832.2
1832.54
1832.88
1833.21
1833.55
1833.88
1834.22
1834.55
1834.88
1835.22
1835.55
1835.88
1836.22
1836.55
--- next_y
1140.35
1140.37
1140.38
1140.4
1140.41
1140.43
1140.45
1140.47
1140.48
1140.5
1140.52
1140.54
1140.56
1140.57
1140.59
1140.61
1140.63
1140.65
1140.67
1140.69
1140.71
1140.73
1140.75
1140.77
1140.8
1140.82
1140.84
1140.86
1140.88
1140.91
1140.93
1140.95
1140.98
1141
1141.03
1141.05
1141.08
1141.1
1141.12
1141.15
1141.18
1141.2
1141.23
1141.26
1141.28
1141.31
1141.34
1141.36
1141.39
1141.41
iteracion: 694
--- next_x
1819.71
1820.06
1820.42
1820.78
1821.13
1821.48
1821.84
1822.19
1822.55
1822.9
1823.25
1823.6
1823.95
1824.3
1824.65
1825
1825.35
1825.7
1826.05
1826.39
1826.74
1827.08
1827.43
1827.77
1828.12
1828.46
1828.8
1829.14
1829.49
1829.83
1830.17
1830.51
1830.85
1831.19
1831.52
1831.86
1832.2
1832.54
1832.88
1833.21
1833.55
1833.88
1834.22
1834.55
1834.88
1835.22
1835.55
1835.88
1836.21
1836.54
--- next_y
1140.35
1140.37
1140.38
1140.4
1140.41
1140.43
1140.45
1140.47
1140.48
1140.5
1140.52
1140.54
1140.56
1140.57
1140.59
1140.61
1140.63
1140.65
1140.67
1140.69
1140.71
1140.73
1140.75
1140.77
1140.8
1140.82
1140.84
1140.86
1140.88
1140.91
1140.93
1140.95
1140.98
1141
1141.03
1141.05
1141.08
1141.1
1141.12
1141.15
1141.18
1141.2
1141.23
1141.26
1141.28
1141.31
1141.34
1141.37
1141.4
1141.43
