iteracion: 353
--- next_x
1392.31
1392.66
1393.03
1393.38
1393.74
1394.1
1394.45
1394.81
1395.16
1395.52
1395.87
1396.22
1396.58
1396.93
1397.28
1397.63
1397.98
1398.33
1398.68
1399.02
1399.37
1399.72
1400.06
1400.41
1400.76
1401.1
1401.44
1401.79
1402.13
1402.47
1402.81
1403.15
1403.49
1403.84
1404.17
1404.51
1404.85
1405.19
1405.53
1405.86
1406.2
1406.54
1406.87
1407.2
1407.54
1407.87
1408.21
1408.54
1408.88
1409.21
--- next_y
1177.34
1177.3
1177.26
1177.22
1177.18
1177.14
1177.1
1177.06
1177.02
1176.97
1176.93
1176.89
1176.85
1176.81
1176.77
1176.73
1176.69
1176.65
1176.61
1176.56
1176.52
1176.48
1176.44
1176.4
1176.36
1176.32
1176.28
1176.24
1176.19
1176.15
1176.11
1176.07
1176.03
1175.99
1175.95
1175.91
1175.87
1175.83
1175.79
1175.74
1175.7
1175.66
1175.62
1175.58
1175.54
1175.5
1175.46
1175.42
1175.38
1175.33
iteracion: 353
--- next_x
1392.31
1392.66
1393.03
1393.38
1393.74
1394.1
1394.45
1394.81
1395.16
1395.52
1395.87
1396.22
1396.58
1396.93
1397.28
1397.63
1397.98
1398.33
1398.68
1399.02
1399.37
1399.72
1400.06
1400.41
1400.76
1401.1
1401.44
1401.79
1402.13
1402.47
1402.81
1403.15
1403.49
1403.84
1404.17
1404.51
1404.85
1405.19
1405.53
1405.86
1406.2
1406.54
1406.87
1407.2
1407.54
1407.87
1408.2
1408.53
1408.86
1409.19
--- next_y
1177.34
1177.3
1177.26
1177.22
1177.18
1177.14
1177.1
1177.06
1177.02
1176.97
1176.93
1176.89
1176.85
1176.81
1176.77
1176.73
1176.69
1176.65
1176.61
1176.56
1176.52
1176.48
1176.44
1176.4
1176.36
1176.32
1176.28
1176.24
1176.19
1176.15
1176.11
1176.07
1176.03
1175.99
1175.95
1175.91
1175.87
1175.83
1175.79
1175.74
1175.7
1175.66
1175.62
1175.58
1175.54
1175.5
1175.46
1175.41
1175.37
1175.32
iteracion: 353
--- next_x
1392.31
1392.66
1393.03
1393.38
1393.74
1394.1
1394.45
1394.81
1395.16
1395.52
1395.87
1396.22
1396.58
1396.93
1397.28
1397.63
1397.98
1398.33
1398.68
1399.02
1399.37
1399.72
1400.06
1400.41
1400.76
1401.1
1401.44
1401.79
1402.13
1402.47
1402.81
1403.15
1403.49
1403.84
1404.17
1404.51
1404.85
1405.19
1405.53
1405.86
1406.2
1406.54
1406.87
1407.2
1407.54
1407.87
1408.21
1408.54
1408.87
1409.2
--- next_y
1177.34
1177.3
1177.26
1177.22
1177.18
1177.14
1177.1
1177.06
1177.02
1176.97
1176.93
1176.89
1176.85
1176.81
1176.77
1176.73
1176.69
1176.65
1176.61
1176.56
1176.52
1176.48
1176.44
1176.4
1176.36
1176.32
1176.28
1176.24
1176.19
1176.15
1176.11
1176.07
1176.03
1175.99
1175.95
1175.91
1175.87
1175.83
1175.79
1175.74
1175.7
1175.66
1175.62
1175.58
1175.54
1175.5
1175.46
1175.42
1175.39
1175.36
