iteracion: 976
--- next_x
2136.78
2136.84
2136.91
2136.97
2137.04
2137.1
2137.17
2137.23
2137.29
2137.36
2137.42
2137.48
2137.54
2137.61
2137.67
2137.73
2137.79
2137.85
2137.91
2137.97
2138.04
2138.1
2138.16
2138.22
2138.28
2138.34
2138.4
2138.46
2138.52
2138.58
2138.64
2138.7
2138.76
2138.82
2138.88
2138.94
2139
2139.06
2139.12
2139.18
2139.24
2139.3
2139.36
2139.42
2139.48
2139.54
2139.6
2139.66
2139.72
2139.78
--- next_y
1605.89
1606.25
1606.61
1606.97
1607.33
1607.68
1608.04
1608.39
1608.75
1609.1
1609.45
1609.8
1610.15
1610.49
1610.84
1611.18
1611.53
1611.87
1612.21
1612.55
1612.89
1613.23
1613.57
1613.91
1614.24
1614.58
1614.91
1615.24
1615.57
1615.9
1616.23
1616.55
1616.88
1617.2
1617.52
1617.85
1618.17
1618.48
1618.8
1619.11
1619.43
1619.74
1620.05
1620.36
1620.67
1620.99
1621.3
1621.61
1621.92
1622.23
iteracion: 976
--- next_x
2136.78
2136.84
2136.91
2136.97
2137.04
2137.1
2137.17
2137.23
2137.29
2137.36
2137.42
2137.48
2137.54
2137.61
2137.67
2137.73
2137.79
2137.85
2137.91
2137.97
2138.04
2138.1
2138.16
2138.22
2138.28
2138.34
2138.4
2138.46
2138.52
2138.58
2138.64
2138.7
2138.76
2138.82
2138.88
2138.94
2139
2139.06
2139.12
2139.18
2139.24
2139.3
2139.36
2139.42
2139.48
2139.54
2139.6
2139.66
2139.73
2139.8
--- next_y
1605.89
1606.25
1606.61
1606.97
1607.33
1607.68
1608.04
1608.39
1608.75
1609.1
1609.45
1609.8
1610.15
1610.49
1610.84
1611.18
1611.53
1611.87
1612.21
1612.55
1612.89
1613.23
1613.57
1613.91
1614.24
1614.58
1614.91
1615.24
1615.57
1615.9
1616.23
1616.55
1616.88
1617.2
1617.52
1617.85
1618.17
1618.48
1618.8
1619.11
1619.43
1619.74
1620.05
1620.36
1620.67
1620.99
1621.29
1621.6
1621.91
1622.21
iteracion: 976
--- next_x
2136.78
2136.84
2136.91
2136.97
2137.04
2137.1
2137.17
2137.23
2137.29
2137.36
2137.42
2137.48
2137.54
2137.61
2137.67
2137.73
2137.79
2137.85
2137.91
2137.97
2138.04
2138.1
2138.16
2138.22
2138.28
2138.34
2138.4
2138.46
2138.52
2138.58
2138.64
2138.7
2138.76
2138.82
2138.88
2138.94
2139
2139.06
2139.12
2139.18
2139.24
2139.3
2139.36
2139.42
2139.48
2139.54
2139.6
2139.65
2139.71
2139.76
--- next_y
1605.89
1606.25
1606.61
1606.97
1607.33
1607.68
1608.04
1608.39
1608.75
1609.1
1609.45
1609.8
1610.15
1610.49
1610.84
1611.18
1611.53
1611.87
1612.21
1612.55
1612.89
1613.23
1613.57
1613.91
1614.24
1614.58
1614.91
1615.24
1615.57
1615.9
1616.23
1616.55
1616.88
1617.2
1617.52
1617.85
1618.17
1618.48
1618.8
1619.11
1619.43
1619.74
1620.05
1620.36
1620.67
1620.99
1621.3
1621.6
1621.91
1622.23
