iteracion: 901
--- next_x
2036.94
2037.12
2037.3
2037.48
2037.66
2037.84
2038.02
2038.19
2038.37
2038.54
2038.71
2038.89
2039.06
2039.23
2039.4
2039.57
2039.74
2039.91
2040.08
2040.25
2040.42
2040.58
2040.75
2040.91
2041.08
2041.25
2041.41
2041.57
2041.74
2041.9
2042.06
2042.22
2042.38
2042.54
2042.7
2042.86
2043.02
2043.18
2043.34
2043.49
2043.65
2043.8
2043.96
2044.11
2044.27
2044.42
2044.57
2044.73
2044.88
2045.03
--- next_y
1240.05
1240.34
1240.64
1240.94
1241.24
1241.53
1241.83
1242.13
1242.42
1242.72
1243.02
1243.31
1243.61
1243.9
1244.2
1244.49
1244.79
1245.08
1245.37
1245.66
1245.96
1246.25
1246.54
1246.83
1247.12
1247.41
1247.7
1247.99
1248.28
1248.58
1248.86
1249.15
1249.44
1249.73
1250.02
1250.3
1250.59
1250.88
1251.16
1251.45
1251.74
1252.02
1252.31
1252.59
1252.88
1253.16
1253.45
1253.73
1254.02
1254.31
iteracion: 901
--- next_x
2036.94
2037.12
2037.3
2037.48
2037.66
2037.84
2038.02
2038.19
2038.37
2038.54
2038.71
2038.89
2039.06
2039.23
2039.4
2039.57
2039.74
2039.91
2040.08
2040.25
2040.42
2040.58
2040.75
2040.91
2041.08
2041.25
2041.41
2041.57
2041.74
2041.9
2042.06
2042.22
2042.38
2042.54
2042.7
2042.86
2043.02
2043.18
2043.34
2043.49
2043.65
2043.8
2043.96
2044.11
2044.27
2044.42
2044.58
2044.73
2044.89
2045.05
--- next_y
1240.05
1240.34
1240.64
1240.94
1241.24
1241.53
1241.83
1242.13
1242.42
1242.72
1243.02
1243.31
1243.61
1243.9
1244.2
1244.49
1244.79
1245.08
1245.37
1245.66
1245.96
1246.25
1246.54
1246.83
1247.12
1247.41
1247.7
1247.99
1248.28
1248.58
1248.86
1249.15
1249.44
1249.73
1250.02
1250.3
1250.59
1250.88
1251.16
1251.45
1251.74
1252.02
1252.31
1252.59
1252.88
1253.16
1253.44
1253.73
1254.01
1254.29
iteracion: 901
--- next_x
2036.94
2037.12
2037.3
2037.48
2037.66
2037.84
2038.02
2038.19
2038.37
2038.54
2038.71
2038.89
2039.06
2039.23
2039.4
2039.57
2039.74
2039.91
2040.08
2040.25
2040.42
2040.58
2040.75
2040.91
2041.08
2041.25
2041.41
2041.57
2041.74
2041.9
2042.06
2042.22
2042.38
2042.54
2042.7
2042.86
2043.02
2043.18
2043.34
2043.49
2043.65
2043.8
2043.96
2044.11
2044.27
2044.42
2044.57
2044.71
2044.86
2045
--- next_y
1240.05
1240.34
1240.64
1240.94
1241.24
1241.53
1241.83
1242.13
1242.42
1242.72
1243.02
1243.31
1243.61
1243.9
1244.2
1244.49
1244.79
1245.08
1245.37
1245.66
1245.96
1246.25
1246.54
1246.83
1247.12
1247.41
1247.7
1247.99
1248.28
1248.58
1248.86
1249.15
1249.44
1249.73
1250.02
1250.3
1250.59
1250.88
1251.16
1251.45
1251.74
1252.02
1252.31
1252.59
1252.88
1253.16
1253.44
1253.73
1254.01
1254.3
