iteracion: 1710
--- next_x
2262.17
2262.22
2262.28
2262.32
2262.38
2262.43
2262.48
2262.53
2262.58
2262.63
2262.68
2262.73
2262.78
2262.83
2262.88
2262.93
2262.98
2263.03
2263.08
2263.13
2263.18
2263.22
2263.27
2263.32
2263.37
2263.42
2263.47
2263.51
2263.56
2263.61
2263.66
2263.71
2263.76
2263.8
2263.85
2263.9
2263.95
2263.99
2264.04
2264.09
2264.14
2264.18
2264.23
2264.28
2264.32
2264.37
2264.42
2264.46
2264.51
2264.55
--- next_y
2239.23
2239.5
2239.77
2240.04
2240.31
2240.58
2240.85
2241.11
2241.38
2241.65
2241.91
2242.18
2242.44
2242.71
2242.97
2243.23
2243.5
2243.76
2244.02
2244.28
2244.54
2244.8
2245.05
2245.31
2245.57
2245.82
2246.08
2246.34
2246.59
2246.85
2247.1
2247.35
2247.61
2247.86
2248.11
2248.36
2248.62
2248.87
2249.12
2249.37
2249.62
2249.87
2250.11
2250.36
2250.61
2250.86
2251.1
2251.35
2251.6
2251.84
iteracion: 1710
--- next_x
2262.17
2262.22
2262.28
2262.32
2262.38
2262.43
2262.48
2262.53
2262.58
2262.63
2262.68
2262.73
2262.78
2262.83
2262.88
2262.93
2262.98
2263.03
2263.08
2263.13
2263.18
2263.22
2263.27
2263.32
2263.37
2263.42
2263.47
2263.51
2263.56
2263.61
2263.66
2263.71
2263.76
2263.8
2263.85
2263.9
2263.95
2263.99
2264.04
2264.09
2264.14
2264.18
2264.23
2264.28
2264.32
2264.37
2264.42
2264.46
2264.51
2264.56
--- next_y
2239.23
2239.5
2239.77
2240.04
2240.31
2240.58
2240.85
2241.11
2241.38
2241.65
2241.91
2242.18
2242.44
2242.71
2242.97
2243.23
2243.5
2243.76
2244.02
2244.28
2244.54
2244.8
2245.05
2245.31
2245.57
2245.82
2246.08
2246.34
2246.59
2246.85
2247.1
2247.35
2247.61
2247.86
2248.11
2248.36
2248.62
2248.87
2249.12
2249.37
2249.62
2249.87
2250.11
2250.36
2250.61
2250.86
2251.1
2251.35
2251.59
2251.84
iteracion: 1710
--- next_x
2262.17
2262.22
2262.28
2262.32
2262.38
2262.43
2262.48
2262.53
2262.58
2262.63
2262.68
2262.73
2262.78
2262.83
2262.88
2262.93
2262.98
2263.03
2263.08
2263.13
2263.18
2263.22
2263.27
2263.32
2263.37
2263.42
2263.47
2263.51
2263.56
2263.61
2263.66
2263.71
2263.76
2263.8
2263.85
2263.9
2263.95
2263.99
2264.04
2264.09
2264.14
2264.18
2264.23
2264.28
2264.32
2264.37
2264.41
2264.46
2264.5
2264.54
--- next_y
2239.23
2239.5
2239.77
2240.04
2240.31
2240.58
2240.85
2241.11
2241.38
2241.65
2241.91
2242.18
2242.44
2242.71
2242.97
2243.23
2243.5
2243.76
2244.02
2244.28
2244.54
2244.8
2245.05
2245.31
2245.57
2245.82
2246.08
2246.34
2246.59
2246.85
2247.1
2247.35
2247.61
2247.86
2248.11
2248.36
2248.62
2248.87
2249.12
2249.37
2249.62
2249.87
2250.11
2250.36
2250.61
2250.86
2251.1
2251.35
2251.59
2251.84
