iteracion: 3894
--- next_x
184.505
184.619
184.732
184.846
184.96
185.074
185.189
185.305
185.421
185.537
185.654
185.771
185.888
186.006
186.124
186.242
186.361
186.48
186.599
186.719
186.839
186.959
187.079
187.2
187.322
187.443
187.564
187.686
187.809
187.931
188.054
188.177
188.3
188.423
188.547
188.669
188.793
188.916
189.04
189.165
189.288
189.412
189.537
189.662
189.786
189.911
190.036
190.161
190.286
190.412
--- next_y
1951.04
1950.7
1950.37
1950.03
1949.69
1949.36
1949.02
1948.68
1948.35
1948.02
1947.68
1947.35
1947.02
1946.69
1946.36
1946.03
1945.7
1945.37
1945.05
1944.72
1944.39
1944.07
1943.74
1943.42
1943.1
1942.78
1942.46
1942.14
1941.82
1941.5
1941.18
1940.86
1940.55
1940.23
1939.91
1939.6
1939.29
1938.98
1938.66
1938.35
1938.04
1937.73
1937.42
1937.11
1936.8
1936.49
1936.19
1935.88
1935.57
1935.26
iteracion: 3894
--- next_x
184.505
184.619
184.732
184.846
184.96
185.074
185.189
185.305
185.421
185.537
185.654
185.771
185.888
186.006
186.124
186.242
186.361
186.48
186.599
186.719
186.839
186.959
187.079
187.2
187.322
187.443
187.564
187.686
187.809
187.931
188.054
188.177
188.3
188.423
188.547
188.669
188.793
188.916
189.04
189.165
189.288
189.412
189.537
189.662
189.786
189.911
190.036
190.159
190.28
190.4
--- next_y
1951.04
1950.7
1950.37
1950.03
1949.69
1949.36
1949.02
1948.68
1948.35
1948.02
1947.68
1947.35
1947.02
1946.69
1946.36
1946.03
1945.7
1945.37
1945.05
1944.72
1944.39
1944.07
1943.74
1943.42
1943.1
1942.78
1942.46
1942.14
1941.82
1941.5
1941.18
1940.86
1940.55
1940.23
1939.91
1939.6
1939.29
1938.98
1938.66
1938.35
1938.04
1937.73
1937.42
1937.11
1936.8
1936.49
1936.19
1935.88
1935.57
1935.26
iteracion: 3894
--- next_x
184.505
184.619
184.732
184.846
184.96
185.074
185.189
185.305
185.421
185.537
185.654
185.771
185.888
186.006
186.124
186.242
186.361
186.48
186.599
186.719
186.839
186.959
187.079
187.2
187.322
187.443
187.564
187.686
187.809
187.931
188.054
188.177
188.3
188.423
188.547
188.669
188.793
188.916
189.04
189.165
189.288
189.412
189.537
189.662
189.786
189.911
190.036
190.16
190.288
190.417
--- next_y
1951.04
1950.7
1950.37
1950.03
1949.69
1949.36
1949.02
1948.68
1948.35
1948.02
1947.68
1947.35
1947.02
1946.69
1946.36
1946.03
1945.7
1945.37
1945.05
1944.72
1944.39
1944.07
1943.74
1943.42
1943.1
1942.78
1942.46
1942.14
1941.82
1941.5
1941.18
1940.86
1940.55
1940.23
1939.91
1939.6
1939.29
1938.98
1938.66
1938.35
1938.04
1937.73
1937.42
1937.11
1936.8
1936.49
1936.19
1935.88
1935.58
1935.28
