iteracion: 1094
--- next_x
2114.65
2114.69
2114.73
2114.77
2114.8
2114.84
2114.88
2114.92
2114.95
2114.99
2115.03
2115.07
2115.11
2115.14
2115.18
2115.22
2115.26
2115.3
2115.33
2115.37
2115.41
2115.45
2115.48
2115.52
2115.56
2115.6
2115.64
2115.67
2115.71
2115.75
2115.79
2115.82
2115.86
2115.9
2115.94
2115.97
2116.01
2116.05
2116.09
2116.13
2116.16
2116.2
2116.24
2116.28
2116.32
2116.35
2116.39
2116.43
2116.47
2116.51
--- next_y
1480.05
1480.32
1480.59
1480.86
1481.12
1481.39
1481.65
1481.92
1482.18
1482.44
1482.71
1482.97
1483.23
1483.5
1483.76
1484.02
1484.28
1484.54
1484.8
1485.06
1485.32
1485.57
1485.83
1486.09
1486.34
1486.6
1486.86
1487.11
1487.37
1487.62
1487.87
1488.12
1488.37
1488.63
1488.88
1489.13
1489.38
1489.62
1489.87
1490.12
1490.37
1490.62
1490.87
1491.11
1491.36
1491.61
1491.86
1492.1
1492.35
1492.6
iteracion: 1094
--- next_x
2114.65
2114.69
2114.73
2114.77
2114.8
2114.84
2114.88
2114.92
2114.95
2114.99
2115.03
2115.07
2115.11
2115.14
2115.18
2115.22
2115.26
2115.3
2115.33
2115.37
2115.41
2115.45
2115.48
2115.52
2115.56
2115.6
2115.64
2115.67
2115.71
2115.75
2115.79
2115.82
2115.86
2115.9
2115.94
2115.97
2116.01
2116.05
2116.09
2116.13
2116.16
2116.2
2116.24
2116.28
2116.32
2116.35
2116.39
2116.43
2116.47
2116.52
--- next_y
1480.05
1480.32
1480.59
1480.86
1481.12
1481.39
1481.65
1481.92
1482.18
1482.44
1482.71
1482.97
1483.23
1483.5
1483.76
1484.02
1484.28
1484.54
1484.8
1485.06
1485.32
1485.57
1485.83
1486.09
1486.34
1486.6
1486.86
1487.11
1487.37
1487.62
1487.87
1488.12
1488.37
1488.63
1488.88
1489.13
1489.38
1489.62
1489.87
1490.12
1490.37
1490.62
1490.87
1491.11
1491.36
1491.61
1491.85
1492.1
1492.34
1492.58
iteracion: 1094
--- next_x
2114.65
2114.69
2114.73
2114.77
2114.8
2114.84
2114.88
2114.92
2114.95
2114.99
2115.03
2115.07
2115.11
2115.14
2115.18
2115.22
2115.26
2115.3
2115.33
2115.37
2115.41
2115.45
2115.48
2115.52
2115.56
2115.6
2115.64
2115.67
2115.71
2115.75
2115.79
2115.82
2115.86
2115.9
2115.94
2115.97
2116.01
2116.05
2116.09
2116.13
2116.16
2116.2
2116.24
2116.28
2116.32
2116.35
2116.39
2116.42
2116.46
2116.49
--- next_y
1480.05
1480.32
1480.59
1480.86
1481.12
1481.39
1481.65
1481.92
1482.18
1482.44
1482.71
1482.97
1483.23
1483.5
1483.76
1484.02
1484.28
1484.54
1484.8
1485.06
1485.32
1485.57
1485.83
1486.09
1486.34
1486.6
1486.86
1487.11
1487.37
1487.62
1487.87
1488.12
1488.37
1488.63
1488.88
1489.13
1489.38
1489.62
1489.87
1490.12
1490.37
1490.62
1490.87
1491.11
1491.36
1491.61
1491.85
1492.1
1492.34
1492.59
