iteracion: 1608
--- next_x
2233.54
2233.62
2233.7
2233.79
2233.87
2233.95
2234.03
2234.11
2234.19
2234.28
2234.36
2234.43
2234.51
2234.59
2234.67
2234.75
2234.83
2234.91
2234.99
2235.07
2235.14
2235.22
2235.3
2235.38
2235.45
2235.53
2235.61
2235.68
2235.76
2235.83
2235.91
2235.99
2236.06
2236.14
2236.21
2236.28
2236.36
2236.43
2236.51
2236.58
2236.65
2236.73
2236.8
2236.87
2236.94
2237.02
2237.09
2237.16
2237.23
2237.3
--- next_y
2114.56
2114.83
2115.1
2115.36
2115.63
2115.9
2116.16
2116.43
2116.69
2116.96
2117.22
2117.49
2117.75
2118.01
2118.27
2118.53
2118.79
2119.05
2119.31
2119.57
2119.83
2120.09
2120.34
2120.6
2120.86
2121.11
2121.37
2121.62
2121.88
2122.13
2122.38
2122.64
2122.89
2123.14
2123.39
2123.64
2123.88
2124.13
2124.38
2124.63
2124.87
2125.12
2125.37
2125.61
2125.85
2126.1
2126.34
2126.59
2126.83
2127.08
iteracion: 1608
--- next_x
2233.54
2233.62
2233.7
2233.79
2233.87
2233.95
2234.03
2234.11
2234.19
2234.28
2234.36
2234.43
2234.51
2234.59
2234.67
2234.75
2234.83
2234.91
2234.99
2235.07
2235.14
2235.22
2235.3
2235.38
2235.45
2235.53
2235.61
2235.68
2235.76
2235.83
2235.91
2235.99
2236.06
2236.14
2236.21
2236.28
2236.36
2236.43
2236.51
2236.58
2236.65
2236.73
2236.8
2236.87
2236.94
2237.02
2237.09
2237.16
2237.23
2237.31
--- next_y
2114.56
2114.83
2115.1
2115.36
2115.63
2115.9
2116.16
2116.43
2116.69
2116.96
2117.22
2117.49
2117.75
2118.01
2118.27
2118.53
2118.79
2119.05
2119.31
2119.57
2119.83
2120.09
2120.34
2120.6
2120.86
2121.11
2121.37
2121.62
2121.88
2122.13
2122.38
2122.64
2122.89
2123.14
2123.39
2123.64
2123.88
2124.13
2124.38
2124.63
2124.87
2125.12
2125.37
2125.61
2125.85
2126.1
2126.34
2126.59
2126.83
2127.07
iteracion: 1608
--- next_x
2233.54
2233.62
2233.7
2233.79
2233.87
2233.95
2234.03
2234.11
2234.19
2234.28
2234.36
2234.43
2234.51
2234.59
2234.67
2234.75
2234.83
2234.91
2234.99
2235.07
2235.14
2235.22
2235.3
2235.38
2235.45
2235.53
2235.61
2235.68
2235.76
2235.83
2235.91
2235.99
2236.06
2236.14
2236.21
2236.28
2236.36
2236.43
2236.51
2236.58
2236.65
2236.73
2236.8
2236.87
2236.94
2237.02
2237.09
2237.16
2237.23
2237.3
--- next_y
2114.56
2114.83
2115.1
2115.36
2115.63
2115.9
2116.16
2116.43
2116.69
2116.96
2117.22
2117.49
2117.75
2118.01
2118.27
2118.53
2118.79
2119.05
2119.31
2119.57
2119.83
2120.09
2120.34
2120.6
2120.86
2121.11
2121.37
2121.62
2121.88
2122.13
2122.38
2122.64
2122.89
2123.14
2123.39
2123.64
2123.88
2124.13
2124.38
2124.63
2124.87
2125.12
2125.37
2125.61
2125.85
2126.1
2126.34
2126.59
2126.83
2127.07
