iteracion: 577
--- next_x
1659
1659.22
1659.45
1659.67
1659.9
1660.12
1660.35
1660.57
1660.8
1661.02
1661.24
1661.46
1661.68
1661.9
1662.12
1662.34
1662.56
1662.78
1663
1663.22
1663.44
1663.65
1663.87
1664.09
1664.3
1664.52
1664.73
1664.94
1665.16
1665.37
1665.58
1665.79
1666
1666.21
1666.42
1666.63
1666.84
1667.05
1667.25
1667.46
1667.67
1667.87
1668.08
1668.28
1668.49
1668.69
1668.9
1669.1
1669.31
1669.52
--- next_y
1150.01
1149.99
1149.97
1149.95
1149.93
1149.91
1149.89
1149.88
1149.86
1149.84
1149.82
1149.8
1149.78
1149.76
1149.74
1149.73
1149.71
1149.69
1149.67
1149.65
1149.64
1149.62
1149.6
1149.58
1149.57
1149.55
1149.53
1149.51
1149.49
1149.48
1149.46
1149.44
1149.42
1149.41
1149.39
1149.37
1149.35
1149.34
1149.32
1149.3
1149.28
1149.26
1149.25
1149.23
1149.21
1149.19
1149.18
1149.16
1149.14
1149.12
iteracion: 577
--- next_x
1659
1659.22
1659.45
1659.67
1659.9
1660.12
1660.35
1660.57
1660.8
1661.02
1661.24
1661.46
1661.68
1661.9
1662.12
1662.34
1662.56
1662.78
1663
1663.22
1663.44
1663.65
1663.87
1664.09
1664.3
1664.52
1664.73
1664.94
1665.16
1665.37
1665.58
1665.79
1666
1666.21
1666.42
1666.63
1666.84
1667.05
1667.25
1667.46
1667.67
1667.87
1668.08
1668.28
1668.49
1668.69
1668.9
1669.1
1669.31
1669.51
--- next_y
1150.01
1149.99
1149.97
1149.95
1149.93
1149.91
1149.89
1149.88
1149.86
1149.84
1149.82
1149.8
1149.78
1149.76
1149.74
1149.73
1149.71
1149.69
1149.67
1149.65
1149.64
1149.62
1149.6
1149.58
1149.57
1149.55
1149.53
1149.51
1149.49
1149.48
1149.46
1149.44
1149.42
1149.41
1149.39
1149.37
1149.35
1149.34
1149.32
1149.3
1149.28
1149.26
1149.25
1149.23
1149.21
1149.19
1149.17
1149.15
1149.13
1149.11
iteracion: 577
--- next_x
1659
1659.22
1659.45
1659.67
1659.9
1660.12
1660.35
1660.57
1660.8
1661.02
1661.24
1661.46
1661.68
1661.9
1662.12
1662.34
1662.56
1662.78
1663
1663.22
1663.44
1663.65
1663.87
1664.09
1664.3
1664.52
1664.73
1664.94
1665.16
1665.37
1665.58
1665.79
1666
1666.21
1666.42
1666.63
1666.84
1667.05
1667.25
1667.46
1667.67
1667.87
1668.08
1668.28
1668.49
1668.69
1668.9
1669.1
1669.3
1669.51
--- next_y
1150.01
1149.99
1149.97
1149.95
1149.93
1149.91
1149.89
1149.88
1149.86
1149.84
1149.82
1149.8
1149.78
1149.76
1149.74
1149.73
1149.71
1149.69
1149.67
1149.65
1149.64
1149.62
1149.6
1149.58
1149.57
1149.55
1149.53
1149.51
1149.49
1149.48
1149.46
1149.44
1149.42
1149.41
1149.39
1149.37
1149.35
1149.34
1149.32
1149.3
1149.28
1149.26
1149.25
1149.23
1149.21
1149.19
1149.18
1149.16
1149.14
1149.13
