iteracion: 1235
--- next_x
2145.11
2145.2
2145.29
2145.38
2145.48
2145.57
2145.66
2145.76
2145.85
2145.95
2146.04
2146.13
2146.23
2146.32
2146.41
2146.51
2146.6
2146.7
2146.79
2146.89
2146.98
2147.08
2147.17
2147.27
2147.36
2147.46
2147.55
2147.64
2147.74
2147.83
2147.93
2148.02
2148.11
2148.21
2148.3
2148.39
2148.49
2148.58
2148.68
2148.77
2148.86
2148.95
2149.05
2149.14
2149.23
2149.32
2149.42
2149.51
2149.6
2149.7
--- next_y
1647.7
1648.1
1648.5
1648.9
1649.31
1649.71
1650.12
1650.52
1650.92
1651.32
1651.72
1652.12
1652.52
1652.92
1653.32
1653.72
1654.12
1654.51
1654.91
1655.3
1655.7
1656.09
1656.49
1656.88
1657.28
1657.67
1658.06
1658.45
1658.84
1659.23
1659.62
1660.01
1660.4
1660.79
1661.17
1661.56
1661.95
1662.33
1662.72
1663.1
1663.48
1663.87
1664.25
1664.63
1665.02
1665.4
1665.78
1666.16
1666.55
1666.93
iteracion: 1235
--- next_x
2145.11
2145.2
2145.29
2145.38
2145.48
2145.57
2145.66
2145.76
2145.85
2145.95
2146.04
2146.13
2146.23
2146.32
2146.41
2146.51
2146.6
2146.7
2146.79
2146.89
2146.98
2147.08
2147.17
2147.27
2147.36
2147.46
2147.55
2147.64
2147.74
2147.83
2147.93
2148.02
2148.11
2148.21
2148.3
2148.39
2148.49
2148.58
2148.68
2148.77
2148.86
2148.95
2149.05
2149.14
2149.23
2149.33
2149.42
2149.52
2149.63
2149.74
--- next_y
1647.7
1648.1
1648.5
1648.9
1649.31
1649.71
1650.12
1650.52
1650.92
1651.32
1651.72
1652.12
1652.52
1652.92
1653.32
1653.72
1654.12
1654.51
1654.91
1655.3
1655.7
1656.09
1656.49
1656.88
1657.28
1657.67
1658.06
1658.45
1658.84
1659.23
1659.62
1660.01
1660.4
1660.79
1661.17
1661.56
1661.95
1662.33
1662.72
1663.1
1663.48
1663.87
1664.25
1664.63
1665.02
1665.39
1665.77
1666.15
1666.52
1666.9
iteracion: 1235
--- next_x
2145.11
2145.2
2145.29
2145.38
2145.48
2145.57
2145.66
2145.76
2145.85
2145.95
2146.04
2146.13
2146.23
2146.32
2146.41
2146.51
2146.6
2146.7
2146.79
2146.89
2146.98
2147.08
2147.17
2147.27
2147.36
2147.46
2147.55
2147.64
2147.74
2147.83
2147.93
2148.02
2148.11
2148.21
2148.3
2148.39
2148.49
2148.58
2148.68
2148.77
2148.86
2148.95
2149.05
2149.14
2149.23
2149.32
2149.41
2149.49
2149.57
2149.65
--- next_y
1647.7
1648.1
1648.5
1648.9
1649.31
1649.71
1650.12
1650.52
1650.92
1651.32
1651.72
1652.12
1652.52
1652.92
1653.32
1653.72
1654.12
1654.51
1654.91
1655.3
1655.7
1656.09
1656.49
1656.88
1657.28
1657.67
1658.06
1658.45
1658.84
1659.23
1659.62
1660.01
1660.4
1660.79
1661.17
1661.56
1661.95
1662.33
1662.72
1663.1
1663.48
1663.87
1664.25
1664.63
1665.02
1665.39
1665.77
1666.16
1666.54
1666.92
