iteracion: 375
--- next_x
1421.99
1422.29
1422.6
1422.91
1423.21
1423.52
1423.83
1424.13
1424.43
1424.74
1425.04
1425.34
1425.64
1425.94
1426.25
1426.55
1426.85
1427.14
1427.44
1427.74
1428.04
1428.34
1428.63
1428.93
1429.22
1429.52
1429.81
1430.11
1430.4
1430.69
1430.98
1431.28
1431.57
1431.86
1432.15
1432.44
1432.73
1433.02
1433.3
1433.59
1433.88
1434.16
1434.45
1434.73
1435.02
1435.3
1435.59
1435.87
1436.15
1436.44
--- next_y
1173.76
1173.72
1173.69
1173.65
1173.61
1173.58
1173.54
1173.5
1173.46
1173.43
1173.39
1173.35
1173.32
1173.28
1173.24
1173.21
1173.17
1173.13
1173.1
1173.06
1173.02
1172.98
1172.95
1172.91
1172.87
1172.84
1172.8
1172.76
1172.73
1172.69
1172.65
1172.62
1172.58
1172.54
1172.51
1172.47
1172.43
1172.4
1172.36
1172.32
1172.29
1172.25
1172.21
1172.17
1172.14
1172.1
1172.06
1172.03
1171.99
1171.95
iteracion: 375
--- next_x
1421.99
1422.29
1422.6
1422.91
1423.21
1423.52
1423.83
1424.13
1424.43
1424.74
1425.04
1425.34
1425.64
1425.94
1426.25
1426.55
1426.85
1427.14
1427.44
1427.74
1428.04
1428.34
1428.63
1428.93
1429.22
1429.52
1429.81
1430.11
1430.4
1430.69
1430.98
1431.28
1431.57
1431.86
1432.15
1432.44
1432.73
1433.02
1433.3
1433.59
1433.88
1434.16
1434.45
1434.73
1435.02
1435.3
1435.58
1435.86
1436.15
1436.43
--- next_y
1173.76
1173.72
1173.69
1173.65
1173.61
1173.58
1173.54
1173.5
1173.46
1173.43
1173.39
1173.35
1173.32
1173.28
1173.24
1173.21
1173.17
1173.13
1173.1
1173.06
1173.02
1172.98
1172.95
1172.91
1172.87
1172.84
1172.8
1172.76
1172.73
1172.69
1172.65
1172.62
1172.58
1172.54
1172.51
1172.47
1172.43
1172.4
1172.36
1172.32
1172.29
1172.25
1172.21
1172.17
1172.14
1172.1
1172.06
1172.02
1171.98
1171.94
iteracion: 375
--- next_x
1421.99
1422.29
1422.6
1422.91
1423.21
1423.52
1423.83
1424.13
1424.43
1424.74
1425.04
1425.34
1425.64
1425.94
1426.25
1426.55
1426.85
1427.14
1427.44
1427.74
1428.04
1428.34
1428.63
1428.93
1429.22
1429.52
1429.81
1430.11
1430.4
1430.69
1430.98
1431.28
1431.57
1431.86
1432.15
1432.44
1432.73
1433.02
1433.3
1433.59
1433.88
1434.16
1434.45
1434.73
1435.02
1435.3
1435.58
1435.87
1436.15
1436.43
--- next_y
1173.76
1173.72
1173.69
1173.65
1173.61
1173.58
1173.54
1173.5
1173.46
1173.43
1173.39
1173.35
1173.32
1173.28
1173.24
1173.21
1173.17
1173.13
1173.1
1173.06
1173.02
1172.98
1172.95
1172.91
1172.87
1172.84
1172.8
1172.76
1172.73
1172.69
1172.65
1172.62
1172.58
1172.54
1172.51
1172.47
1172.43
1172.4
1172.36
1172.32
1172.29
1172.25
1172.21
1172.17
1172.14
1172.1
1172.07
1172.03
1172
1171.97
