iteracion: 1267
--- next_x
2157.56
2157.64
2157.72
2157.81
2157.89
2157.97
2158.05
2158.14
2158.22
2158.3
2158.38
2158.46
2158.54
2158.62
2158.7
2158.78
2158.86
2158.94
2159.02
2159.09
2159.17
2159.25
2159.33
2159.4
2159.48
2159.55
2159.63
2159.71
2159.78
2159.86
2159.93
2160.01
2160.08
2160.15
2160.22
2160.3
2160.37
2160.44
2160.51
2160.58
2160.65
2160.72
2160.79
2160.86
2160.93
2161
2161.07
2161.14
2161.2
2161.27
--- next_y
1698.76
1699.1
1699.43
1699.77
1700.1
1700.43
1700.77
1701.1
1701.43
1701.76
1702.09
1702.42
1702.76
1703.08
1703.41
1703.74
1704.07
1704.4
1704.73
1705.05
1705.38
1705.7
1706.03
1706.35
1706.68
1707
1707.32
1707.65
1707.97
1708.29
1708.61
1708.93
1709.25
1709.57
1709.89
1710.21
1710.53
1710.85
1711.16
1711.48
1711.8
1712.11
1712.43
1712.74
1713.05
1713.37
1713.68
1713.99
1714.31
1714.62
iteracion: 1267
--- next_x
2157.56
2157.64
2157.72
2157.81
2157.89
2157.97
2158.05
2158.14
2158.22
2158.3
2158.38
2158.46
2158.54
2158.62
2158.7
2158.78
2158.86
2158.94
2159.02
2159.09
2159.17
2159.25
2159.33
2159.4
2159.48
2159.55
2159.63
2159.71
2159.78
2159.86
2159.93
2160.01
2160.08
2160.15
2160.22
2160.3
2160.37
2160.44
2160.51
2160.58
2160.65
2160.72
2160.79
2160.86
2160.93
2161
2161.07
2161.14
2161.21
2161.29
--- next_y
1698.76
1699.1
1699.43
1699.77
1700.1
1700.43
1700.77
1701.1
1701.43
1701.76
1702.09
1702.42
1702.76
1703.08
1703.41
1703.74
1704.07
1704.4
1704.73
1705.05
1705.38
1705.7
1706.03
1706.35
1706.68
1707
1707.32
1707.65
1707.97
1708.29
1708.61
1708.93
1709.25
1709.57
1709.89
1710.21
1710.53
1710.85
1711.16
1711.48
1711.8
1712.11
1712.43
1712.74
1713.05
1713.37
1713.68
1713.99
1714.3
1714.61
iteracion: 1267
--- next_x
2157.56
2157.64
2157.72
2157.81
2157.89
2157.97
2158.05
2158.14
2158.22
2158.3
2158.38
2158.46
2158.54
2158.62
2158.7
2158.78
2158.86
2158.94
2159.02
2159.09
2159.17
2159.25
2159.33
2159.4
2159.48
2159.55
2159.63
2159.71
2159.78
2159.86
2159.93
2160.01
2160.08
2160.15
2160.22
2160.3
2160.37
2160.44
2160.51
2160.58
2160.65
2160.72
2160.79
2160.86
2160.93
2161
2161.06
2161.13
2161.19
2161.25
--- next_y
1698.76
1699.1
1699.43
1699.77
1700.1
1700.43
1700.77
1701.1
1701.43
1701.76
1702.09
1702.42
1702.76
1703.08
1703.41
1703.74
1704.07
1704.4
1704.73
1705.05
1705.38
1705.7
1706.03
1706.35
1706.68
1707
1707.32
1707.65
1707.97
1708.29
1708.61
1708.93
1709.25
1709.57
1709.89
1710.21
1710.53
1710.85
1711.16
1711.48
1711.8
1712.11
1712.43
1712.74
1713.05
1713.37
1713.68
1713.99
1714.3
1714.61
