iteracion: 1650
--- next_x
2246.53
2246.62
2246.72
2246.81
2246.9
2246.99
2247.08
2247.17
2247.26
2247.36
2247.45
2247.54
2247.63
2247.72
2247.81
2247.9
2247.99
2248.08
2248.17
2248.26
2248.35
2248.44
2248.53
2248.61
2248.7
2248.79
2248.88
2248.97
2249.05
2249.14
2249.23
2249.31
2249.4
2249.48
2249.57
2249.66
2249.74
2249.82
2249.91
2249.99
2250.08
2250.16
2250.24
2250.33
2250.41
2250.49
2250.58
2250.66
2250.74
2250.83
--- next_y
2162.04
2162.43
2162.81
2163.2
2163.58
2163.97
2164.36
2164.76
2165.15
2165.55
2165.94
2166.34
2166.73
2167.13
2167.52
2167.91
2168.31
2168.7
2169.09
2169.49
2169.88
2170.27
2170.66
2171.05
2171.44
2171.83
2172.22
2172.61
2172.99
2173.38
2173.77
2174.15
2174.54
2174.92
2175.3
2175.69
2176.07
2176.45
2176.84
2177.22
2177.6
2177.98
2178.36
2178.74
2179.12
2179.49
2179.87
2180.25
2180.63
2181.01
iteracion: 1650
--- next_x
2246.53
2246.62
2246.72
2246.81
2246.9
2246.99
2247.08
2247.17
2247.26
2247.36
2247.45
2247.54
2247.63
2247.72
2247.81
2247.9
2247.99
2248.08
2248.17
2248.26
2248.35
2248.44
2248.53
2248.61
2248.7
2248.79
2248.88
2248.97
2249.05
2249.14
2249.23
2249.31
2249.4
2249.48
2249.57
2249.66
2249.74
2249.82
2249.91
2249.99
2250.08
2250.16
2250.24
2250.33
2250.41
2250.49
2250.58
2250.67
2250.76
2250.85
--- next_y
2162.04
2162.43
2162.81
2163.2
2163.58
2163.97
2164.36
2164.76
2165.15
2165.55
2165.94
2166.34
2166.73
2167.13
2167.52
2167.91
2168.31
2168.7
2169.09
2169.49
2169.88
2170.27
2170.66
2171.05
2171.44
2171.83
2172.22
2172.61
2172.99
2173.38
2173.77
2174.15
2174.54
2174.92
2175.3
2175.69
2176.07
2176.45
2176.84
2177.22
2177.6
2177.98
2178.36
2178.74
2179.12
2179.49
2179.87
2180.24
2180.62
2180.99
iteracion: 1650
--- next_x
2246.53
2246.62
2246.72
2246.81
2246.9
2246.99
2247.08
2247.17
2247.26
2247.36
2247.45
2247.54
2247.63
2247.72
2247.81
2247.9
2247.99
2248.08
2248.17
2248.26
2248.35
2248.44
2248.53
2248.61
2248.7
2248.79
2248.88
2248.97
2249.05
2249.14
2249.23
2249.31
2249.4
2249.48
2249.57
2249.66
2249.74
2249.82
2249.91
2249.99
2250.08
2250.16
2250.24
2250.33
2250.41
2250.49
2250.57
2250.65
2250.72
2250.79
--- next_y
2162.04
2162.43
2162.81
2163.2
2163.58
2163.97
2164.36
2164.76
2165.15
2165.55
2165.94
2166.34
2166.73
2167.13
2167.52
2167.91
2168.31
2168.7
2169.09
2169.49
2169.88
2170.27
2170.66
2171.05
2171.44
2171.83
2172.22
2172.61
2172.99
2173.38
2173.77
2174.15
2174.54
2174.92
2175.3
2175.69
2176.07
2176.45
2176.84
2177.22
2177.6
2177.98
2178.36
2178.74
2179.12
2179.49
2179.87
2180.25
2180.62
2181
