iteracion: 1577
--- next_x
2222.85
2222.94
2223.04
2223.13
2223.23
2223.32
2223.42
2223.52
2223.61
2223.71
2223.81
2223.91
2224
2224.1
2224.2
2224.29
2224.39
2224.49
2224.58
2224.68
2224.78
2224.87
2224.97
2225.07
2225.16
2225.26
2225.35
2225.45
2225.54
2225.64
2225.74
2225.83
2225.93
2226.02
2226.12
2226.21
2226.31
2226.4
2226.5
2226.59
2226.68
2226.78
2226.87
2226.97
2227.06
2227.15
2227.25
2227.34
2227.44
2227.53
--- next_y
2079.11
2079.45
2079.79
2080.12
2080.46
2080.8
2081.13
2081.47
2081.8
2082.14
2082.47
2082.8
2083.14
2083.47
2083.8
2084.13
2084.46
2084.78
2085.11
2085.44
2085.76
2086.09
2086.41
2086.74
2087.07
2087.39
2087.71
2088.03
2088.35
2088.67
2088.99
2089.32
2089.63
2089.95
2090.27
2090.59
2090.9
2091.22
2091.54
2091.85
2092.16
2092.48
2092.79
2093.1
2093.41
2093.72
2094.03
2094.35
2094.66
2094.97
iteracion: 1577
--- next_x
2222.85
2222.94
2223.04
2223.13
2223.23
2223.32
2223.42
2223.52
2223.61
2223.71
2223.81
2223.91
2224
2224.1
2224.2
2224.29
2224.39
2224.49
2224.58
2224.68
2224.78
2224.87
2224.97
2225.07
2225.16
2225.26
2225.35
2225.45
2225.54
2225.64
2225.74
2225.83
2225.93
2226.02
2226.12
2226.21
2226.31
2226.4
2226.5
2226.59
2226.68
2226.78
2226.87
2226.97
2227.06
2227.15
2227.25
2227.34
2227.44
2227.54
--- next_y
2079.11
2079.45
2079.79
2080.12
2080.46
2080.8
2081.13
2081.47
2081.8
2082.14
2082.47
2082.8
2083.14
2083.47
2083.8
2084.13
2084.46
2084.78
2085.11
2085.44
2085.76
2086.09
2086.41
2086.74
2087.07
2087.39
2087.71
2088.03
2088.35
2088.67
2088.99
2089.32
2089.63
2089.95
2090.27
2090.59
2090.9
2091.22
2091.54
2091.85
2092.16
2092.48
2092.79
2093.1
2093.41
2093.72
2094.03
2094.34
2094.65
2094.95
iteracion: 1577
--- next_x
2222.85
2222.94
2223.04
2223.13
2223.23
2223.32
2223.42
2223.52
2223.61
2223.71
2223.81
2223.91
2224
2224.1
2224.2
2224.29
2224.39
2224.49
2224.58
2224.68
2224.78
2224.87
2224.97
2225.07
2225.16
2225.26
2225.35
2225.45
2225.54
2225.64
2225.74
2225.83
2225.93
2226.02
2226.12
2226.21
2226.31
2226.4
2226.5
2226.59
2226.68
2226.78
2226.87
2226.97
2227.06
2227.15
2227.24
2227.33
2227.42
2227.51
--- next_y
2079.11
2079.45
2079.79
2080.12
2080.46
2080.8
2081.13
2081.47
2081.8
2082.14
2082.47
2082.8
2083.14
2083.47
2083.8
2084.13
2084.46
2084.78
2085.11
2085.44
2085.76
2086.09
2086.41
2086.74
2087.07
2087.39
2087.71
2088.03
2088.35
2088.67
2088.99
2089.32
2089.63
2089.95
2090.27
2090.59
2090.9
2091.22
2091.54
2091.85
2092.16
2092.48
2092.79
2093.1
2093.41
2093.72
2094.03
2094.34
2094.65
2094.96
