iteracion: 1333
--- next_x
2225.67
2225.77
2225.87
2225.97
2226.07
2226.17
2226.27
2226.37
2226.47
2226.57
2226.66
2226.76
2226.86
2226.96
2227.06
2227.16
2227.26
2227.36
2227.46
2227.55
2227.65
2227.75
2227.85
2227.95
2228.05
2228.14
2228.24
2228.34
2228.43
2228.53
2228.62
2228.72
2228.82
2228.91
2229.01
2229.1
2229.2
2229.29
2229.39
2229.48
2229.57
2229.66
2229.76
2229.85
2229.94
2230.03
2230.13
2230.22
2230.31
2230.4
--- next_y
2088.93
2089.27
2089.61
2089.95
2090.29
2090.63
2090.96
2091.3
2091.63
2091.96
2092.29
2092.63
2092.96
2093.28
2093.61
2093.94
2094.26
2094.59
2094.92
2095.24
2095.56
2095.88
2096.2
2096.53
2096.84
2097.16
2097.48
2097.79
2098.11
2098.42
2098.74
2099.05
2099.36
2099.67
2099.97
2100.28
2100.59
2100.9
2101.2
2101.51
2101.81
2102.11
2102.42
2102.72
2103.02
2103.33
2103.63
2103.93
2104.24
2104.54
iteracion: 1333
--- next_x
2225.67
2225.77
2225.87
2225.97
2226.07
2226.17
2226.27
2226.37
2226.47
2226.57
2226.66
2226.76
2226.86
2226.96
2227.06
2227.16
2227.26
2227.36
2227.46
2227.55
2227.65
2227.75
2227.85
2227.95
2228.05
2228.14
2228.24
2228.34
2228.43
2228.53
2228.62
2228.72
2228.82
2228.91
2229.01
2229.1
2229.2
2229.29
2229.39
2229.48
2229.57
2229.66
2229.76
2229.85
2229.94
2230.03
2230.13
2230.22
2230.32
2230.42
--- next_y
2088.93
2089.27
2089.61
2089.95
2090.29
2090.63
2090.96
2091.3
2091.63
2091.96
2092.29
2092.63
2092.96
2093.28
2093.61
2093.94
2094.26
2094.59
2094.92
2095.24
2095.56
2095.88
2096.2
2096.53
2096.84
2097.16
2097.48
2097.79
2098.11
2098.42
2098.74
2099.05
2099.36
2099.67
2099.97
2100.28
2100.59
2100.9
2101.2
2101.51
2101.81
2102.11
2102.42
2102.72
2103.02
2103.32
2103.62
2103.92
2104.22
2104.52
iteracion: 1333
--- next_x
2225.67
2225.77
2225.87
2225.97
2226.07
2226.17
2226.27
2226.37
2226.47
2226.57
2226.66
2226.76
2226.86
2226.96
2227.06
2227.16
2227.26
2227.36
2227.46
2227.55
2227.65
2227.75
2227.85
2227.95
2228.05
2228.14
2228.24
2228.34
2228.43
2228.53
2228.62
2228.72
2228.82
2228.91
2229.01
2229.1
2229.2
2229.29
2229.39
2229.48
2229.57
2229.66
2229.76
2229.85
2229.94
2230.03
2230.12
2230.21
2230.29
2230.38
--- next_y
2088.93
2089.27
2089.61
2089.95
2090.29
2090.63
2090.96
2091.3
2091.63
2091.96
2092.29
2092.63
2092.96
2093.28
2093.61
2093.94
2094.26
2094.59
2094.92
2095.24
2095.56
2095.88
2096.2
2096.53
2096.84
2097.16
2097.48
2097.79
2098.11
2098.42
2098.74
2099.05
2099.36
2099.67
2099.97
2100.28
2100.59
2100.9
2101.2
2101.51
2101.81
2102.11
2102.42
2102.72
2103.02
2103.32
2103.63
2103.93
2104.23
2104.53
