iteracion: 1921
--- next_x
2324.68
2324.74
2324.79
2324.85
2324.91
2324.97
2325.03
2325.08
2325.14
2325.2
2325.26
2325.31
2325.37
2325.43
2325.48
2325.54
2325.6
2325.65
2325.71
2325.77
2325.82
2325.88
2325.93
2325.99
2326.05
2326.1
2326.16
2326.21
2326.27
2326.32
2326.38
2326.43
2326.49
2326.54
2326.59
2326.65
2326.7
2326.75
2326.81
2326.86
2326.91
2326.97
2327.02
2327.08
2327.13
2327.18
2327.24
2327.29
2327.35
2327.4
--- next_y
2483.25
2483.57
2483.89
2484.21
2484.53
2484.84
2485.16
2485.47
2485.79
2486.1
2486.42
2486.73
2487.05
2487.36
2487.67
2487.98
2488.29
2488.6
2488.91
2489.22
2489.53
2489.84
2490.14
2490.45
2490.76
2491.06
2491.36
2491.67
2491.97
2492.28
2492.58
2492.88
2493.18
2493.48
2493.78
2494.08
2494.39
2494.68
2494.98
2495.28
2495.58
2495.88
2496.17
2496.47
2496.76
2497.06
2497.36
2497.65
2497.95
2498.24
iteracion: 1921
--- next_x
2324.68
2324.74
2324.79
2324.85
2324.91
2324.97
2325.03
2325.08
2325.14
2325.2
2325.26
2325.31
2325.37
2325.43
2325.48
2325.54
2325.6
2325.65
2325.71
2325.77
2325.82
2325.88
2325.93
2325.99
2326.05
2326.1
2326.16
2326.21
2326.27
2326.32
2326.38
2326.43
2326.49
2326.54
2326.59
2326.65
2326.7
2326.75
2326.81
2326.86
2326.91
2326.97
2327.02
2327.08
2327.13
2327.18
2327.24
2327.3
2327.36
2327.42
--- next_y
2483.25
2483.57
2483.89
2484.21
2484.53
2484.84
2485.16
2485.47
2485.79
2486.1
2486.42
2486.73
2487.05
2487.36
2487.67
2487.98
2488.29
2488.6
2488.91
2489.22
2489.53
2489.84
2490.14
2490.45
2490.76
2491.06
2491.36
2491.67
2491.97
2492.28
2492.58
2492.88
2493.18
2493.48
2493.78
2494.08
2494.39
2494.68
2494.98
2495.28
2495.58
2495.88
2496.17
2496.47
2496.76
2497.06
2497.35
2497.64
2497.93
2498.23
iteracion: 1921
--- next_x
2324.68
2324.74
2324.79
2324.85
2324.91
2324.97
2325.03
2325.08
2325.14
2325.2
2325.26
2325.31
2325.37
2325.43
2325.48
2325.54
2325.6
2325.65
2325.71
2325.77
2325.82
2325.88
2325.93
2325.99
2326.05
2326.1
2326.16
2326.21
2326.27
2326.32
2326.38
2326.43
2326.49
2326.54
2326.59
2326.65
2326.7
2326.75
2326.81
2326.86
2326.91
2326.97
2327.02
2327.08
2327.13
2327.18
2327.23
2327.28
2327.33
2327.38
--- next_y
2483.25
2483.57
2483.89
2484.21
2484.53
2484.84
2485.16
2485.47
2485.79
2486.1
2486.42
2486.73
2487.05
2487.36
2487.67
2487.98
2488.29
2488.6
2488.91
2489.22
2489.53
2489.84
2490.14
2490.45
2490.76
2491.06
2491.36
2491.67
2491.97
2492.28
2492.58
2492.88
2493.18
2493.48
2493.78
2494.08
2494.39
2494.68
2494.98
2495.28
2495.58
2495.88
2496.17
2496.47
2496.76
2497.06
2497.35
2497.64
2497.94
2498.23
