iteracion: 1021
--- next_x
2089.56
2089.69
2089.81
2089.94
2090.07
2090.19
2090.32
2090.45
2090.57
2090.7
2090.82
2090.94
2091.07
2091.19
2091.32
2091.44
2091.56
2091.69
2091.81
2091.93
2092.06
2092.18
2092.3
2092.42
2092.55
2092.67
2092.79
2092.91
2093.03
2093.15
2093.27
2093.39
2093.51
2093.64
2093.76
2093.88
2093.99
2094.11
2094.23
2094.35
2094.47
2094.59
2094.71
2094.83
2094.95
2095.06
2095.18
2095.3
2095.41
2095.53
--- next_y
1368.59
1369.01
1369.43
1369.85
1370.27
1370.69
1371.11
1371.53
1371.95
1372.37
1372.79
1373.2
1373.62
1374.04
1374.45
1374.86
1375.28
1375.69
1376.1
1376.51
1376.93
1377.34
1377.74
1378.15
1378.56
1378.97
1379.38
1379.79
1380.2
1380.6
1381.01
1381.42
1381.82
1382.23
1382.63
1383.04
1383.44
1383.84
1384.25
1384.65
1385.05
1385.45
1385.86
1386.26
1386.65
1387.05
1387.45
1387.85
1388.25
1388.65
iteracion: 1021
--- next_x
2089.56
2089.69
2089.81
2089.94
2090.07
2090.19
2090.32
2090.45
2090.57
2090.7
2090.82
2090.94
2091.07
2091.19
2091.32
2091.44
2091.56
2091.69
2091.81
2091.93
2092.06
2092.18
2092.3
2092.42
2092.55
2092.67
2092.79
2092.91
2093.03
2093.15
2093.27
2093.39
2093.51
2093.64
2093.76
2093.88
2093.99
2094.11
2094.23
2094.35
2094.47
2094.59
2094.71
2094.83
2094.95
2095.06
2095.18
2095.3
2095.42
2095.55
--- next_y
1368.59
1369.01
1369.43
1369.85
1370.27
1370.69
1371.11
1371.53
1371.95
1372.37
1372.79
1373.2
1373.62
1374.04
1374.45
1374.86
1375.28
1375.69
1376.1
1376.51
1376.93
1377.34
1377.74
1378.15
1378.56
1378.97
1379.38
1379.79
1380.2
1380.6
1381.01
1381.42
1381.82
1382.23
1382.63
1383.04
1383.44
1383.84
1384.25
1384.65
1385.05
1385.45
1385.86
1386.26
1386.65
1387.05
1387.45
1387.85
1388.24
1388.63
iteracion: 1021
--- next_x
2089.56
2089.69
2089.81
2089.94
2090.07
2090.19
2090.32
2090.45
2090.57
2090.7
2090.82
2090.94
2091.07
2091.19
2091.32
2091.44
2091.56
2091.69
2091.81
2091.93
2092.06
2092.18
2092.3
2092.42
2092.55
2092.67
2092.79
2092.91
2093.03
2093.15
2093.27
2093.39
2093.51
2093.64
2093.76
2093.88
2093.99
2094.11
2094.23
2094.35
2094.47
2094.59
2094.71
2094.83
2094.95
2095.06
2095.18
2095.29
2095.4
2095.5
--- next_y
1368.59
1369.01
1369.43
1369.85
1370.27
1370.69
1371.11
1371.53
1371.95
1372.37
1372.79
1373.2
1373.62
1374.04
1374.45
1374.86
1375.28
1375.69
1376.1
1376.51
1376.93
1377.34
1377.74
1378.15
1378.56
1378.97
1379.38
1379.79
1380.2
1380.6
1381.01
1381.42
1381.82
1382.23
1382.63
1383.04
1383.44
1383.84
1384.25
1384.65
1385.05
1385.45
1385.86
1386.26
1386.65
1387.05
1387.45
1387.85
1388.24
1388.64
