iteracion: 706
--- next_x
1835.22
1835.55
1835.88
1836.21
1836.55
1836.87
1837.2
1837.53
1837.86
1838.18
1838.51
1838.84
1839.16
1839.49
1839.81
1840.13
1840.46
1840.78
1841.1
1841.42
1841.74
1842.06
1842.38
1842.7
1843.02
1843.34
1843.65
1843.97
1844.29
1844.6
1844.91
1845.23
1845.54
1845.85
1846.17
1846.48
1846.79
1847.1
1847.41
1847.71
1848.02
1848.33
1848.64
1848.94
1849.25
1849.55
1849.86
1850.16
1850.47
1850.78
--- next_y
1141.31
1141.34
1141.36
1141.39
1141.42
1141.45
1141.48
1141.51
1141.54
1141.57
1141.6
1141.63
1141.66
1141.69
1141.72
1141.75
1141.79
1141.82
1141.85
1141.88
1141.91
1141.95
1141.98
1142.01
1142.04
1142.07
1142.11
1142.14
1142.17
1142.2
1142.23
1142.27
1142.3
1142.33
1142.37
1142.4
1142.43
1142.46
1142.5
1142.53
1142.56
1142.6
1142.63
1142.66
1142.7
1142.73
1142.76
1142.8
1142.83
1142.86
iteracion: 706
--- next_x
1835.22
1835.55
1835.88
1836.21
1836.55
1836.87
1837.2
1837.53
1837.86
1838.18
1838.51
1838.84
1839.16
1839.49
1839.81
1840.13
1840.46
1840.78
1841.1
1841.42
1841.74
1842.06
1842.38
1842.7
1843.02
1843.34
1843.65
1843.97
1844.29
1844.6
1844.91
1845.23
1845.54
1845.85
1846.17
1846.48
1846.79
1847.1
1847.41
1847.71
1848.02
1848.33
1848.64
1848.94
1849.25
1849.55
1849.86
1850.16
1850.47
1850.77
--- next_y
1141.31
1141.34
1141.36
1141.39
1141.42
1141.45
1141.48
1141.51
1141.54
1141.57
1141.6
1141.63
1141.66
1141.69
1141.72
1141.75
1141.79
1141.82
1141.85
1141.88
1141.91
1141.95
1141.98
1142.01
1142.04
1142.07
1142.11
1142.14
1142.17
1142.2
1142.23
1142.27
1142.3
1142.33
1142.37
1142.4
1142.43
1142.46
1142.5
1142.53
1142.56
1142.6
1142.63
1142.66
1142.7
1142.73
1142.76
1142.79
1142.82
1142.85
iteracion: 706
--- next_x
1835.22
1835.55
1835.88
1836.21
1836.55
1836.87
1837.2
1837.53
1837.86
1838.18
1838.51
1838.84
1839.16
1839.49
1839.81
1840.13
1840.46
1840.78
1841.1
1841.42
1841.74
1842.06
1842.38
1842.7
1843.02
1843.34
1843.65
1843.97
1844.29
1844.6
1844.91
1845.23
1845.54
1845.85
1846.17
1846.48
1846.79
1847.1
1847.41
1847.71
1848.02
1848.33
1848.64
1848.94
1849.25
1849.55
1849.85
1850.16
1850.46
1850.76
--- next_y
1141.31
1141.34
1141.36
1141.39
1141.42
1141.45
1141.48
1141.51
1141.54
1141.57
1141.6
1141.63
1141.66
1141.69
1141.72
1141.75
1141.79
1141.82
1141.85
1141.88
1141.91
1141.95
1141.98
1142.01
1142.04
1142.07
1142.11
1142.14
1142.17
1142.2
1142.23
1142.27
1142.3
1142.33
1142.37
1142.4
1142.43
1142.46
1142.5
1142.53
1142.56
1142.6
1142.63
1142.66
1142.7
1142.73
1142.76
1142.8
1142.84
1142.88
