iteracion: 1424
--- next_x
2185.57
2185.6
2185.64
2185.67
2185.71
2185.74
2185.78
2185.81
2185.85
2185.88
2185.92
2185.95
2185.99
2186.03
2186.06
2186.1
2186.13
2186.17
2186.21
2186.24
2186.28
2186.31
2186.35
2186.39
2186.42
2186.46
2186.49
2186.53
2186.57
2186.6
2186.64
2186.68
2186.71
2186.75
2186.79
2186.82
2186.86
2186.9
2186.94
2186.97
2187.01
2187.05
2187.08
2187.12
2187.16
2187.2
2187.24
2187.27
2187.31
2187.35
--- next_y
1880.76
1881.11
1881.45
1881.8
1882.14
1882.49
1882.83
1883.17
1883.52
1883.86
1884.2
1884.54
1884.88
1885.22
1885.56
1885.9
1886.23
1886.57
1886.91
1887.24
1887.58
1887.91
1888.25
1888.58
1888.91
1889.24
1889.58
1889.91
1890.24
1890.57
1890.9
1891.22
1891.55
1891.88
1892.21
1892.53
1892.86
1893.18
1893.51
1893.83
1894.15
1894.47
1894.79
1895.12
1895.43
1895.75
1896.07
1896.39
1896.71
1897.03
iteracion: 1424
--- next_x
2185.57
2185.6
2185.64
2185.67
2185.71
2185.74
2185.78
2185.81
2185.85
2185.88
2185.92
2185.95
2185.99
2186.03
2186.06
2186.1
2186.13
2186.17
2186.21
2186.24
2186.28
2186.31
2186.35
2186.39
2186.42
2186.46
2186.49
2186.53
2186.57
2186.6
2186.64
2186.68
2186.71
2186.75
2186.79
2186.82
2186.86
2186.9
2186.94
2186.97
2187.01
2187.05
2187.08
2187.12
2187.16
2187.2
2187.24
2187.28
2187.32
2187.36
--- next_y
1880.76
1881.11
1881.45
1881.8
1882.14
1882.49
1882.83
1883.17
1883.52
1883.86
1884.2
1884.54
1884.88
1885.22
1885.56
1885.9
1886.23
1886.57
1886.91
1887.24
1887.58
1887.91
1888.25
1888.58
1888.91
1889.24
1889.58
1889.91
1890.24
1890.57
1890.9
1891.22
1891.55
1891.88
1892.21
1892.53
1892.86
1893.18
1893.51
1893.83
1894.15
1894.47
1894.79
1895.12
1895.43
1895.75
1896.07
1896.39
1896.7
1897.02
iteracion: 1424
--- next_x
2185.57
2185.6
2185.64
2185.67
2185.71
2185.74
2185.78
2185.81
2185.85
2185.88
2185.92
2185.95
2185.99
2186.03
2186.06
2186.1
2186.13
2186.17
2186.21
2186.24
2186.28
2186.31
2186.35
2186.39
2186.42
2186.46
2186.49
2186.53
2186.57
2186.6
2186.64
2186.68
2186.71
2186.75
2186.79
2186.82
2186.86
2186.9
2186.94
2186.97
2187.01
2187.05
2187.08
2187.12
2187.16
2187.2
2187.24
2187.27
2187.31
2187.34
--- next_y
1880.76
1881.11
1881.45
1881.8
1882.14
1882.49
1882.83
1883.17
1883.52
1883.86
1884.2
1884.54
1884.88
1885.22
1885.56
1885.9
1886.23
1886.57
1886.91
1887.24
1887.58
1887.91
1888.25
1888.58
1888.91
1889.24
1889.58
1889.91
1890.24
1890.57
1890.9
1891.22
1891.55
1891.88
1892.21
1892.53
1892.86
1893.18
1893.51
1893.83
1894.15
1894.47
1894.79
1895.12
1895.43
1895.75
1896.07
1896.39
1896.71
1897.03
