iteracion: 1420
--- next_x
2185.13
2185.16
2185.19
2185.23
2185.26
2185.3
2185.33
2185.36
2185.4
2185.43
2185.47
2185.5
2185.53
2185.57
2185.6
2185.64
2185.67
2185.71
2185.74
2185.78
2185.81
2185.85
2185.88
2185.92
2185.95
2185.99
2186.03
2186.06
2186.1
2186.13
2186.17
2186.21
2186.24
2186.28
2186.31
2186.35
2186.39
2186.42
2186.46
2186.49
2186.53
2186.57
2186.6
2186.64
2186.68
2186.71
2186.75
2186.79
2186.83
2186.86
--- next_y
1876.19
1876.55
1876.9
1877.26
1877.61
1877.96
1878.32
1878.67
1879.02
1879.37
1879.71
1880.06
1880.41
1880.76
1881.11
1881.45
1881.8
1882.14
1882.49
1882.83
1883.17
1883.52
1883.86
1884.2
1884.54
1884.88
1885.22
1885.56
1885.9
1886.23
1886.57
1886.91
1887.24
1887.58
1887.91
1888.25
1888.58
1888.91
1889.24
1889.58
1889.91
1890.24
1890.57
1890.9
1891.22
1891.55
1891.88
1892.21
1892.54
1892.87
iteracion: 1420
--- next_x
2185.13
2185.16
2185.19
2185.23
2185.26
2185.3
2185.33
2185.36
2185.4
2185.43
2185.47
2185.5
2185.53
2185.57
2185.6
2185.64
2185.67
2185.71
2185.74
2185.78
2185.81
2185.85
2185.88
2185.92
2185.95
2185.99
2186.03
2186.06
2186.1
2186.13
2186.17
2186.21
2186.24
2186.28
2186.31
2186.35
2186.39
2186.42
2186.46
2186.49
2186.53
2186.57
2186.6
2186.64
2186.68
2186.71
2186.75
2186.79
2186.83
2186.87
--- next_y
1876.19
1876.55
1876.9
1877.26
1877.61
1877.96
1878.32
1878.67
1879.02
1879.37
1879.71
1880.06
1880.41
1880.76
1881.11
1881.45
1881.8
1882.14
1882.49
1882.83
1883.17
1883.52
1883.86
1884.2
1884.54
1884.88
1885.22
1885.56
1885.9
1886.23
1886.57
1886.91
1887.24
1887.58
1887.91
1888.25
1888.58
1888.91
1889.24
1889.58
1889.91
1890.24
1890.57
1890.9
1891.22
1891.55
1891.88
1892.2
1892.53
1892.85
iteracion: 1420
--- next_x
2185.13
2185.16
2185.19
2185.23
2185.26
2185.3
2185.33
2185.36
2185.4
2185.43
2185.47
2185.5
2185.53
2185.57
2185.6
2185.64
2185.67
2185.71
2185.74
2185.78
2185.81
2185.85
2185.88
2185.92
2185.95
2185.99
2186.03
2186.06
2186.1
2186.13
2186.17
2186.21
2186.24
2186.28
2186.31
2186.35
2186.39
2186.42
2186.46
2186.49
2186.53
2186.57
2186.6
2186.64
2186.68
2186.71
2186.75
2186.79
2186.82
2186.85
--- next_y
1876.19
1876.55
1876.9
1877.26
1877.61
1877.96
1878.32
1878.67
1879.02
1879.37
1879.71
1880.06
1880.41
1880.76
1881.11
1881.45
1881.8
1882.14
1882.49
1882.83
1883.17
1883.52
1883.86
1884.2
1884.54
1884.88
1885.22
1885.56
1885.9
1886.23
1886.57
1886.91
1887.24
1887.58
1887.91
1888.25
1888.58
1888.91
1889.24
1889.58
1889.91
1890.24
1890.57
1890.9
1891.22
1891.55
1891.88
1892.21
1892.53
1892.86
