iteracion: 1968
--- next_x
2334.6
2334.65
2334.69
2334.74
2334.78
2334.83
2334.87
2334.92
2334.96
2335.01
2335.05
2335.09
2335.14
2335.18
2335.22
2335.26
2335.31
2335.35
2335.39
2335.43
2335.47
2335.51
2335.55
2335.59
2335.63
2335.67
2335.71
2335.74
2335.78
2335.82
2335.86
2335.89
2335.93
2335.96
2336
2336.03
2336.07
2336.1
2336.14
2336.17
2336.2
2336.23
2336.26
2336.29
2336.32
2336.35
2336.38
2336.41
2336.44
2336.47
--- next_y
2539.26
2539.6
2539.94
2540.28
2540.61
2540.95
2541.29
2541.62
2541.96
2542.29
2542.63
2542.96
2543.29
2543.62
2543.96
2544.29
2544.62
2544.95
2545.28
2545.61
2545.94
2546.26
2546.59
2546.92
2547.24
2547.57
2547.89
2548.22
2548.54
2548.86
2549.19
2549.51
2549.83
2550.15
2550.47
2550.79
2551.11
2551.43
2551.75
2552.07
2552.38
2552.7
2553.01
2553.33
2553.64
2553.96
2554.27
2554.58
2554.9
2555.21
iteracion: 1968
--- next_x
2334.6
2334.65
2334.69
2334.74
2334.78
2334.83
2334.87
2334.92
2334.96
2335.01
2335.05
2335.09
2335.14
2335.18
2335.22
2335.26
2335.31
2335.35
2335.39
2335.43
2335.47
2335.51
2335.55
2335.59
2335.63
2335.67
2335.71
2335.74
2335.78
2335.82
2335.86
2335.89
2335.93
2335.96
2336
2336.03
2336.07
2336.1
2336.14
2336.17
2336.2
2336.23
2336.26
2336.29
2336.32
2336.35
2336.38
2336.41
2336.45
2336.48
--- next_y
2539.26
2539.6
2539.94
2540.28
2540.61
2540.95
2541.29
2541.62
2541.96
2542.29
2542.63
2542.96
2543.29
2543.62
2543.96
2544.29
2544.62
2544.95
2545.28
2545.61
2545.94
2546.26
2546.59
2546.92
2547.24
2547.57
2547.89
2548.22
2548.54
2548.86
2549.19
2549.51
2549.83
2550.15
2550.47
2550.79
2551.11
2551.43
2551.75
2552.07
2552.38
2552.7
2553.01
2553.33
2553.64
2553.96
2554.27
2554.58
2554.89
2555.21
iteracion: 1968
--- next_x
2334.6
2334.65
2334.69
2334.74
2334.78
2334.83
2334.87
2334.92
2334.96
2335.01
2335.05
2335.09
2335.14
2335.18
2335.22
2335.26
2335.31
2335.35
2335.39
2335.43
2335.47
2335.51
2335.55
2335.59
2335.63
2335.67
2335.71
2335.74
2335.78
2335.82
2335.86
2335.89
2335.93
2335.96
2336
2336.03
2336.07
2336.1
2336.14
2336.17
2336.2
2336.23
2336.26
2336.29
2336.32
2336.35
2336.38
2336.41
2336.44
2336.46
--- next_y
2539.26
2539.6
2539.94
2540.28
2540.61
2540.95
2541.29
2541.62
2541.96
2542.29
2542.63
2542.96
2543.29
2543.62
2543.96
2544.29
2544.62
2544.95
2545.28
2545.61
2545.94
2546.26
2546.59
2546.92
2547.24
2547.57
2547.89
2548.22
2548.54
2548.86
2549.19
2549.51
2549.83
2550.15
2550.47
2550.79
2551.11
2551.43
2551.75
2552.07
2552.38
2552.7
2553.01
2553.33
2553.64
2553.96
2554.27
2554.58
2554.89
2555.2
