iteracion: 1098
--- next_x
2115.41
2115.45
2115.48
2115.52
2115.56
2115.6
2115.64
2115.67
2115.71
2115.75
2115.79
2115.82
2115.86
2115.9
2115.94
2115.97
2116.01
2116.05
2116.09
2116.13
2116.16
2116.2
2116.24
2116.28
2116.32
2116.35
2116.39
2116.43
2116.47
2116.5
2116.54
2116.58
2116.62
2116.66
2116.69
2116.73
2116.77
2116.8
2116.84
2116.88
2116.91
2116.95
2116.99
2117.02
2117.06
2117.1
2117.13
2117.17
2117.2
2117.24
--- next_y
1485.32
1485.57
1485.83
1486.09
1486.34
1486.6
1486.86
1487.11
1487.37
1487.62
1487.87
1488.12
1488.37
1488.63
1488.88
1489.13
1489.38
1489.62
1489.87
1490.12
1490.37
1490.62
1490.87
1491.11
1491.36
1491.61
1491.85
1492.1
1492.34
1492.59
1492.83
1493.07
1493.31
1493.56
1493.8
1494.04
1494.28
1494.52
1494.76
1495
1495.24
1495.48
1495.71
1495.95
1496.19
1496.43
1496.67
1496.91
1497.14
1497.38
iteracion: 1098
--- next_x
2115.41
2115.45
2115.48
2115.52
2115.56
2115.6
2115.64
2115.67
2115.71
2115.75
2115.79
2115.82
2115.86
2115.9
2115.94
2115.97
2116.01
2116.05
2116.09
2116.13
2116.16
2116.2
2116.24
2116.28
2116.32
2116.35
2116.39
2116.43
2116.47
2116.5
2116.54
2116.58
2116.62
2116.66
2116.69
2116.73
2116.77
2116.8
2116.84
2116.88
2116.91
2116.95
2116.99
2117.02
2117.06
2117.1
2117.13
2117.17
2117.21
2117.25
--- next_y
1485.32
1485.57
1485.83
1486.09
1486.34
1486.6
1486.86
1487.11
1487.37
1487.62
1487.87
1488.12
1488.37
1488.63
1488.88
1489.13
1489.38
1489.62
1489.87
1490.12
1490.37
1490.62
1490.87
1491.11
1491.36
1491.61
1491.85
1492.1
1492.34
1492.59
1492.83
1493.07
1493.31
1493.56
1493.8
1494.04
1494.28
1494.52
1494.76
1495
1495.24
1495.48
1495.71
1495.95
1496.19
1496.43
1496.66
1496.9
1497.14
1497.37
iteracion: 1098
--- next_x
2115.41
2115.45
2115.48
2115.52
2115.56
2115.6
2115.64
2115.67
2115.71
2115.75
2115.79
2115.82
2115.86
2115.9
2115.94
2115.97
2116.01
2116.05
2116.09
2116.13
2116.16
2116.2
2116.24
2116.28
2116.32
2116.35
2116.39
2116.43
2116.47
2116.5
2116.54
2116.58
2116.62
2116.66
2116.69
2116.73
2116.77
2116.8
2116.84
2116.88
2116.91
2116.95
2116.99
2117.02
2117.06
2117.1
2117.13
2117.17
2117.2
2117.23
--- next_y
1485.32
1485.57
1485.83
1486.09
1486.34
1486.6
1486.86
1487.11
1487.37
1487.62
1487.87
1488.12
1488.37
1488.63
1488.88
1489.13
1489.38
1489.62
1489.87
1490.12
1490.37
1490.62
1490.87
1491.11
1491.36
1491.61
1491.85
1492.1
1492.34
1492.59
1492.83
1493.07
1493.31
1493.56
1493.8
1494.04
1494.28
1494.52
1494.76
1495
1495.24
1495.48
1495.71
1495.95
1496.19
1496.43
1496.67
1496.9
1497.14
1497.38
