iteracion: 1279
--- next_x
2160.79
2160.86
2160.93
2161
2161.07
2161.14
2161.2
2161.27
2161.34
2161.4
2161.47
2161.53
2161.6
2161.66
2161.73
2161.79
2161.86
2161.92
2161.98
2162.05
2162.11
2162.17
2162.23
2162.3
2162.36
2162.42
2162.48
2162.54
2162.6
2162.66
2162.72
2162.78
2162.84
2162.9
2162.96
2163.02
2163.08
2163.14
2163.2
2163.25
2163.31
2163.37
2163.43
2163.48
2163.54
2163.6
2163.66
2163.71
2163.77
2163.83
--- next_y
1712.43
1712.74
1713.05
1713.37
1713.68
1713.99
1714.3
1714.61
1714.92
1715.23
1715.54
1715.85
1716.15
1716.46
1716.77
1717.07
1717.38
1717.68
1717.98
1718.29
1718.59
1718.89
1719.19
1719.49
1719.79
1720.09
1720.39
1720.69
1720.99
1721.29
1721.58
1721.88
1722.17
1722.47
1722.76
1723.06
1723.35
1723.64
1723.94
1724.23
1724.52
1724.81
1725.1
1725.39
1725.67
1725.96
1726.25
1726.54
1726.83
1727.11
iteracion: 1279
--- next_x
2160.79
2160.86
2160.93
2161
2161.07
2161.14
2161.2
2161.27
2161.34
2161.4
2161.47
2161.53
2161.6
2161.66
2161.73
2161.79
2161.86
2161.92
2161.98
2162.05
2162.11
2162.17
2162.23
2162.3
2162.36
2162.42
2162.48
2162.54
2162.6
2162.66
2162.72
2162.78
2162.84
2162.9
2162.96
2163.02
2163.08
2163.14
2163.2
2163.25
2163.31
2163.37
2163.43
2163.48
2163.54
2163.6
2163.66
2163.71
2163.77
2163.83
--- next_y
1712.43
1712.74
1713.05
1713.37
1713.68
1713.99
1714.3
1714.61
1714.92
1715.23
1715.54
1715.85
1716.15
1716.46
1716.77
1717.07
1717.38
1717.68
1717.98
1718.29
1718.59
1718.89
1719.19
1719.49
1719.79
1720.09
1720.39
1720.69
1720.99
1721.29
1721.58
1721.88
1722.17
1722.47
1722.76
1723.06
1723.35
1723.64
1723.94
1724.23
1724.52
1724.81
1725.1
1725.39
1725.67
1725.96
1726.25
1726.54
1726.82
1727.11
iteracion: 1279
--- next_x
2160.79
2160.86
2160.93
2161
2161.07
2161.14
2161.2
2161.27
2161.34
2161.4
2161.47
2161.53
2161.6
2161.66
2161.73
2161.79
2161.86
2161.92
2161.98
2162.05
2162.11
2162.17
2162.23
2162.3
2162.36
2162.42
2162.48
2162.54
2162.6
2162.66
2162.72
2162.78
2162.84
2162.9
2162.96
2163.02
2163.08
2163.14
2163.2
2163.25
2163.31
2163.37
2163.43
2163.48
2163.54
2163.6
2163.66
2163.71
2163.76
2163.82
--- next_y
1712.43
1712.74
1713.05
1713.37
1713.68
1713.99
1714.3
1714.61
1714.92
1715.23
1715.54
1715.85
1716.15
1716.46
1716.77
1717.07
1717.38
1717.68
1717.98
1718.29
1718.59
1718.89
1719.19
1719.49
1719.79
1720.09
1720.39
1720.69
1720.99
1721.29
1721.58
1721.88
1722.17
1722.47
1722.76
1723.06
1723.35
1723.64
1723.94
1724.23
1724.52
1724.81
1725.1
1725.39
1725.67
1725.96
1726.25
1726.54
1726.82
1727.11
