iteracion: 1164
--- next_x
2128.29
2128.36
2128.43
2128.5
2128.57
2128.64
2128.71
2128.78
2128.85
2128.91
2128.98
2129.05
2129.12
2129.19
2129.25
2129.32
2129.39
2129.46
2129.52
2129.59
2129.66
2129.72
2129.79
2129.86
2129.92
2129.99
2130.05
2130.12
2130.19
2130.25
2130.32
2130.39
2130.45
2130.52
2130.58
2130.65
2130.71
2130.78
2130.84
2130.9
2130.97
2131.03
2131.09
2131.16
2131.22
2131.28
2131.34
2131.41
2131.47
2131.53
--- next_y
1560.2
1560.56
1560.92
1561.28
1561.64
1562
1562.36
1562.71
1563.07
1563.43
1563.78
1564.14
1564.49
1564.85
1565.2
1565.55
1565.91
1566.26
1566.61
1566.96
1567.31
1567.66
1568.01
1568.36
1568.7
1569.05
1569.4
1569.74
1570.09
1570.43
1570.78
1571.12
1571.46
1571.8
1572.14
1572.49
1572.83
1573.16
1573.5
1573.84
1574.18
1574.52
1574.86
1575.19
1575.53
1575.86
1576.2
1576.53
1576.87
1577.2
iteracion: 1164
--- next_x
2128.29
2128.36
2128.43
2128.5
2128.57
2128.64
2128.71
2128.78
2128.85
2128.91
2128.98
2129.05
2129.12
2129.19
2129.25
2129.32
2129.39
2129.46
2129.52
2129.59
2129.66
2129.72
2129.79
2129.86
2129.92
2129.99
2130.05
2130.12
2130.19
2130.25
2130.32
2130.39
2130.45
2130.52
2130.58
2130.65
2130.71
2130.78
2130.84
2130.9
2130.97
2131.03
2131.09
2131.16
2131.22
2131.28
2131.35
2131.41
2131.48
2131.55
--- next_y
1560.2
1560.56
1560.92
1561.28
1561.64
1562
1562.36
1562.71
1563.07
1563.43
1563.78
1564.14
1564.49
1564.85
1565.2
1565.55
1565.91
1566.26
1566.61
1566.96
1567.31
1567.66
1568.01
1568.36
1568.7
1569.05
1569.4
1569.74
1570.09
1570.43
1570.78
1571.12
1571.46
1571.8
1572.14
1572.49
1572.83
1573.16
1573.5
1573.84
1574.18
1574.52
1574.86
1575.19
1575.53
1575.86
1576.19
1576.52
1576.85
1577.19
iteracion: 1164
--- next_x
2128.29
2128.36
2128.43
2128.5
2128.57
2128.64
2128.71
2128.78
2128.85
2128.91
2128.98
2129.05
2129.12
2129.19
2129.25
2129.32
2129.39
2129.46
2129.52
2129.59
2129.66
2129.72
2129.79
2129.86
2129.92
2129.99
2130.05
2130.12
2130.19
2130.25
2130.32
2130.39
2130.45
2130.52
2130.58
2130.65
2130.71
2130.78
2130.84
2130.9
2130.97
2131.03
2131.09
2131.16
2131.22
2131.28
2131.34
2131.4
2131.46
2131.51
--- next_y
1560.2
1560.56
1560.92
1561.28
1561.64
1562
1562.36
1562.71
1563.07
1563.43
1563.78
1564.14
1564.49
1564.85
1565.2
1565.55
1565.91
1566.26
1566.61
1566.96
1567.31
1567.66
1568.01
1568.36
1568.7
1569.05
1569.4
1569.74
1570.09
1570.43
1570.78
1571.12
1571.46
1571.8
1572.14
1572.49
1572.83
1573.16
1573.5
1573.84
1574.18
1574.52
1574.86
1575.19
1575.53
1575.86
1576.19
1576.53
1576.86
1577.19
