iteracion: 1647
--- next_x
2245.44
2245.53
2245.62
2245.71
2245.8
2245.89
2245.98
2246.07
2246.16
2246.26
2246.35
2246.44
2246.53
2246.62
2246.72
2246.81
2246.9
2246.99
2247.08
2247.17
2247.26
2247.36
2247.45
2247.54
2247.63
2247.72
2247.81
2247.9
2247.99
2248.08
2248.17
2248.26
2248.35
2248.44
2248.53
2248.61
2248.7
2248.79
2248.88
2248.97
2249.05
2249.14
2249.23
2249.31
2249.4
2249.48
2249.57
2249.66
2249.74
2249.83
--- next_y
2157.52
2157.89
2158.26
2158.64
2159.01
2159.38
2159.76
2160.14
2160.51
2160.89
2161.27
2161.65
2162.04
2162.43
2162.81
2163.2
2163.58
2163.97
2164.36
2164.76
2165.15
2165.55
2165.94
2166.34
2166.73
2167.13
2167.52
2167.91
2168.31
2168.7
2169.09
2169.49
2169.88
2170.27
2170.66
2171.05
2171.44
2171.83
2172.22
2172.61
2172.99
2173.38
2173.77
2174.15
2174.54
2174.92
2175.31
2175.69
2176.08
2176.46
iteracion: 1647
--- next_x
2245.44
2245.53
2245.62
2245.71
2245.8
2245.89
2245.98
2246.07
2246.16
2246.26
2246.35
2246.44
2246.53
2246.62
2246.72
2246.81
2246.9
2246.99
2247.08
2247.17
2247.26
2247.36
2247.45
2247.54
2247.63
2247.72
2247.81
2247.9
2247.99
2248.08
2248.17
2248.26
2248.35
2248.44
2248.53
2248.61
2248.7
2248.79
2248.88
2248.97
2249.05
2249.14
2249.23
2249.31
2249.4
2249.48
2249.57
2249.66
2249.76
2249.85
--- next_y
2157.52
2157.89
2158.26
2158.64
2159.01
2159.38
2159.76
2160.14
2160.51
2160.89
2161.27
2161.65
2162.04
2162.43
2162.81
2163.2
2163.58
2163.97
2164.36
2164.76
2165.15
2165.55
2165.94
2166.34
2166.73
2167.13
2167.52
2167.91
2168.31
2168.7
2169.09
2169.49
2169.88
2170.27
2170.66
2171.05
2171.44
2171.83
2172.22
2172.61
2172.99
2173.38
2173.77
2174.15
2174.54
2174.92
2175.3
2175.68
2176.06
2176.44
iteracion: 1647
--- next_x
2245.44
2245.53
2245.62
2245.71
2245.8
2245.89
2245.98
2246.07
2246.16
2246.26
2246.35
2246.44
2246.53
2246.62
2246.72
2246.81
2246.9
2246.99
2247.08
2247.17
2247.26
2247.36
2247.45
2247.54
2247.63
2247.72
2247.81
2247.9
2247.99
2248.08
2248.17
2248.26
2248.35
2248.44
2248.53
2248.61
2248.7
2248.79
2248.88
2248.97
2249.05
2249.14
2249.23
2249.31
2249.4
2249.48
2249.57
2249.65
2249.72
2249.79
--- next_y
2157.52
2157.89
2158.26
2158.64
2159.01
2159.38
2159.76
2160.14
2160.51
2160.89
2161.27
2161.65
2162.04
2162.43
2162.81
2163.2
2163.58
2163.97
2164.36
2164.76
2165.15
2165.55
2165.94
2166.34
2166.73
2167.13
2167.52
2167.91
2168.31
2168.7
2169.09
2169.49
2169.88
2170.27
2170.66
2171.05
2171.44
2171.83
2172.22
2172.61
2172.99
2173.38
2173.77
2174.15
2174.54
2174.92
2175.3
2175.69
2176.07
2176.45
