iteracion: 328
--- next_x
1355.44
1355.86
1356.27
1356.68
1357.1
1357.51
1357.92
1358.34
1358.75
1359.16
1359.57
1359.98
1360.39
1360.8
1361.2
1361.61
1362.02
1362.42
1362.83
1363.23
1363.64
1364.04
1364.44
1364.85
1365.25
1365.65
1366.05
1366.45
1366.85
1367.25
1367.65
1368.05
1368.44
1368.84
1369.23
1369.63
1370.03
1370.42
1370.81
1371.21
1371.6
1371.99
1372.39
1372.78
1373.17
1373.56
1373.95
1374.35
1374.74
1375.13
--- next_y
1180.95
1180.91
1180.87
1180.83
1180.79
1180.75
1180.71
1180.68
1180.64
1180.6
1180.56
1180.52
1180.48
1180.44
1180.4
1180.37
1180.33
1180.29
1180.25
1180.21
1180.17
1180.14
1180.1
1180.06
1180.02
1179.99
1179.95
1179.91
1179.87
1179.84
1179.8
1179.76
1179.72
1179.69
1179.65
1179.61
1179.58
1179.54
1179.5
1179.47
1179.43
1179.39
1179.36
1179.32
1179.29
1179.25
1179.21
1179.18
1179.14
1179.11
iteracion: 328
--- next_x
1355.44
1355.86
1356.27
1356.68
1357.1
1357.51
1357.92
1358.34
1358.75
1359.16
1359.57
1359.98
1360.39
1360.8
1361.2
1361.61
1362.02
1362.42
1362.83
1363.23
1363.64
1364.04
1364.44
1364.85
1365.25
1365.65
1366.05
1366.45
1366.85
1367.25
1367.65
1368.05
1368.44
1368.84
1369.23
1369.63
1370.03
1370.42
1370.81
1371.21
1371.6
1371.99
1372.39
1372.78
1373.17
1373.56
1373.95
1374.33
1374.72
1375.11
--- next_y
1180.95
1180.91
1180.87
1180.83
1180.79
1180.75
1180.71
1180.68
1180.64
1180.6
1180.56
1180.52
1180.48
1180.44
1180.4
1180.37
1180.33
1180.29
1180.25
1180.21
1180.17
1180.14
1180.1
1180.06
1180.02
1179.99
1179.95
1179.91
1179.87
1179.84
1179.8
1179.76
1179.72
1179.69
1179.65
1179.61
1179.58
1179.54
1179.5
1179.47
1179.43
1179.39
1179.36
1179.32
1179.29
1179.25
1179.21
1179.17
1179.13
1179.08
iteracion: 328
--- next_x
1355.44
1355.86
1356.27
1356.68
1357.1
1357.51
1357.92
1358.34
1358.75
1359.16
1359.57
1359.98
1360.39
1360.8
1361.2
1361.61
1362.02
1362.42
1362.83
1363.23
1363.64
1364.04
1364.44
1364.85
1365.25
1365.65
1366.05
1366.45
1366.85
1367.25
1367.65
1368.05
1368.44
1368.84
1369.23
1369.63
1370.03
1370.42
1370.81
1371.21
1371.6
1371.99
1372.39
1372.78
1373.17
1373.56
1373.95
1374.34
1374.73
1375.12
--- next_y
1180.95
1180.91
1180.87
1180.83
1180.79
1180.75
1180.71
1180.68
1180.64
1180.6
1180.56
1180.52
1180.48
1180.44
1180.4
1180.37
1180.33
1180.29
1180.25
1180.21
1180.17
1180.14
1180.1
1180.06
1180.02
1179.99
1179.95
1179.91
1179.87
1179.84
1179.8
1179.76
1179.72
1179.69
1179.65
1179.61
1179.58
1179.54
1179.5
1179.47
1179.43
1179.39
1179.36
1179.32
1179.29
1179.25
1179.22
1179.19
1179.16
1179.14
