iteracion: 1384
--- next_x
2179.11
2179.18
2179.24
2179.3
2179.37
2179.43
2179.5
2179.56
2179.62
2179.69
2179.75
2179.81
2179.88
2179.94
2180
2180.06
2180.12
2180.18
2180.24
2180.3
2180.37
2180.43
2180.49
2180.55
2180.6
2180.66
2180.72
2180.78
2180.84
2180.89
2180.95
2181.01
2181.06
2181.12
2181.17
2181.23
2181.28
2181.33
2181.39
2181.44
2181.49
2181.55
2181.6
2181.65
2181.7
2181.75
2181.8
2181.85
2181.9
2181.95
--- next_y
1823.62
1824.05
1824.48
1824.91
1825.35
1825.78
1826.21
1826.64
1827.07
1827.5
1827.93
1828.36
1828.78
1829.21
1829.63
1830.06
1830.48
1830.91
1831.33
1831.76
1832.18
1832.6
1833.02
1833.44
1833.86
1834.28
1834.7
1835.12
1835.54
1835.95
1836.37
1836.79
1837.2
1837.62
1838.03
1838.45
1838.86
1839.27
1839.69
1840.1
1840.51
1840.92
1841.33
1841.74
1842.15
1842.56
1842.97
1843.38
1843.79
1844.2
iteracion: 1384
--- next_x
2179.11
2179.18
2179.24
2179.3
2179.37
2179.43
2179.5
2179.56
2179.62
2179.69
2179.75
2179.81
2179.88
2179.94
2180
2180.06
2180.12
2180.18
2180.24
2180.3
2180.37
2180.43
2180.49
2180.55
2180.6
2180.66
2180.72
2180.78
2180.84
2180.89
2180.95
2181.01
2181.06
2181.12
2181.17
2181.23
2181.28
2181.33
2181.39
2181.44
2181.49
2181.55
2181.6
2181.65
2181.7
2181.75
2181.81
2181.86
2181.92
2181.99
--- next_y
1823.62
1824.05
1824.48
1824.91
1825.35
1825.78
1826.21
1826.64
1827.07
1827.5
1827.93
1828.36
1828.78
1829.21
1829.63
1830.06
1830.48
1830.91
1831.33
1831.76
1832.18
1832.6
1833.02
1833.44
1833.86
1834.28
1834.7
1835.12
1835.54
1835.95
1836.37
1836.79
1837.2
1837.62
1838.03
1838.45
1838.86
1839.27
1839.69
1840.1
1840.51
1840.92
1841.33
1841.74
1842.15
1842.56
1842.96
1843.37
1843.77
1844.18
iteracion: 1384
--- next_x
2179.11
2179.18
2179.24
2179.3
2179.37
2179.43
2179.5
2179.56
2179.62
2179.69
2179.75
2179.81
2179.88
2179.94
2180
2180.06
2180.12
2180.18
2180.24
2180.3
2180.37
2180.43
2180.49
2180.55
2180.6
2180.66
2180.72
2180.78
2180.84
2180.89
2180.95
2181.01
2181.06
2181.12
2181.17
2181.23
2181.28
2181.33
2181.39
2181.44
2181.49
2181.55
2181.6
2181.65
2181.7
2181.75
2181.8
2181.84
2181.88
2181.92
--- next_y
1823.62
1824.05
1824.48
1824.91
1825.35
1825.78
1826.21
1826.64
1827.07
1827.5
1827.93
1828.36
1828.78
1829.21
1829.63
1830.06
1830.48
1830.91
1831.33
1831.76
1832.18
1832.6
1833.02
1833.44
1833.86
1834.28
1834.7
1835.12
1835.54
1835.95
1836.37
1836.79
1837.2
1837.62
1838.03
1838.45
1838.86
1839.27
1839.69
1840.1
1840.51
1840.92
1841.33
1841.74
1842.15
1842.56
1842.96
1843.37
1843.77
1844.18
