iteracion: 377
--- next_x
1424.13
1424.43
1424.74
1425.04
1425.34
1425.64
1425.94
1426.25
1426.55
1426.85
1427.14
1427.44
1427.74
1428.04
1428.34
1428.63
1428.93
1429.22
1429.52
1429.81
1430.11
1430.4
1430.69
1430.98
1431.28
1431.57
1431.86
1432.15
1432.44
1432.73
1433.02
1433.3
1433.59
1433.88
1434.16
1434.45
1434.73
1435.02
1435.3
1435.58
1435.87
1436.15
1436.43
1436.71
1436.99
1437.27
1437.55
1437.83
1438.11
1438.39
--- next_y
1173.5
1173.46
1173.43
1173.39
1173.35
1173.32
1173.28
1173.24
1173.21
1173.17
1173.13
1173.1
1173.06
1173.02
1172.98
1172.95
1172.91
1172.87
1172.84
1172.8
1172.76
1172.73
1172.69
1172.65
1172.62
1172.58
1172.54
1172.51
1172.47
1172.43
1172.4
1172.36
1172.32
1172.29
1172.25
1172.21
1172.17
1172.14
1172.1
1172.06
1172.03
1171.99
1171.95
1171.92
1171.88
1171.84
1171.81
1171.77
1171.73
1171.7
iteracion: 377
--- next_x
1424.13
1424.43
1424.74
1425.04
1425.34
1425.64
1425.94
1426.25
1426.55
1426.85
1427.14
1427.44
1427.74
1428.04
1428.34
1428.63
1428.93
1429.22
1429.52
1429.81
1430.11
1430.4
1430.69
1430.98
1431.28
1431.57
1431.86
1432.15
1432.44
1432.73
1433.02
1433.3
1433.59
1433.88
1434.16
1434.45
1434.73
1435.02
1435.3
1435.58
1435.87
1436.15
1436.43
1436.71
1436.99
1437.27
1437.55
1437.82
1438.1
1438.38
--- next_y
1173.5
1173.46
1173.43
1173.39
1173.35
1173.32
1173.28
1173.24
1173.21
1173.17
1173.13
1173.1
1173.06
1173.02
1172.98
1172.95
1172.91
1172.87
1172.84
1172.8
1172.76
1172.73
1172.69
1172.65
1172.62
1172.58
1172.54
1172.51
1172.47
1172.43
1172.4
1172.36
1172.32
1172.29
1172.25
1172.21
1172.17
1172.14
1172.1
1172.06
1172.03
1171.99
1171.95
1171.92
1171.88
1171.84
1171.81
1171.77
1171.73
1171.69
iteracion: 377
--- next_x
1424.13
1424.43
1424.74
1425.04
1425.34
1425.64
1425.94
1426.25
1426.55
1426.85
1427.14
1427.44
1427.74
1428.04
1428.34
1428.63
1428.93
1429.22
1429.52
1429.81
1430.11
1430.4
1430.69
1430.98
1431.28
1431.57
1431.86
1432.15
1432.44
1432.73
1433.02
1433.3
1433.59
1433.88
1434.16
1434.45
1434.73
1435.02
1435.3
1435.58
1435.87
1436.15
1436.43
1436.71
1436.99
1437.27
1437.55
1437.82
1438.1
1438.38
--- next_y
1173.5
1173.46
1173.43
1173.39
1173.35
1173.32
1173.28
1173.24
1173.21
1173.17
1173.13
1173.1
1173.06
1173.02
1172.98
1172.95
1172.91
1172.87
1172.84
1172.8
1172.76
1172.73
1172.69
1172.65
1172.62
1172.58
1172.54
1172.51
1172.47
1172.43
1172.4
1172.36
1172.32
1172.29
1172.25
1172.21
1172.17
1172.14
1172.1
1172.06
1172.03
1171.99
1171.95
1171.92
1171.88
1171.84
1171.81
1171.77
1171.74
1171.71
