iteracion: 1072
--- next_x
2110.58
2110.63
2110.68
2110.72
2110.77
2110.82
2110.87
2110.91
2110.96
2111.01
2111.06
2111.1
2111.15
2111.2
2111.24
2111.29
2111.33
2111.38
2111.43
2111.47
2111.51
2111.56
2111.6
2111.65
2111.69
2111.74
2111.78
2111.82
2111.87
2111.91
2111.95
2112
2112.04
2112.08
2112.12
2112.17
2112.21
2112.25
2112.29
2112.33
2112.37
2112.41
2112.45
2112.49
2112.54
2112.58
2112.62
2112.66
2112.7
2112.74
--- next_y
1451.04
1451.36
1451.67
1451.98
1452.3
1452.61
1452.93
1453.24
1453.55
1453.86
1454.18
1454.49
1454.8
1455.11
1455.42
1455.73
1456.04
1456.34
1456.65
1456.96
1457.27
1457.57
1457.88
1458.18
1458.49
1458.8
1459.1
1459.4
1459.71
1460.01
1460.32
1460.62
1460.92
1461.22
1461.52
1461.82
1462.12
1462.42
1462.72
1463.02
1463.32
1463.61
1463.91
1464.21
1464.51
1464.8
1465.1
1465.4
1465.69
1465.99
iteracion: 1072
--- next_x
2110.58
2110.63
2110.68
2110.72
2110.77
2110.82
2110.87
2110.91
2110.96
2111.01
2111.06
2111.1
2111.15
2111.2
2111.24
2111.29
2111.33
2111.38
2111.43
2111.47
2111.51
2111.56
2111.6
2111.65
2111.69
2111.74
2111.78
2111.82
2111.87
2111.91
2111.95
2112
2112.04
2112.08
2112.12
2112.17
2112.21
2112.25
2112.29
2112.33
2112.37
2112.41
2112.45
2112.49
2112.54
2112.58
2112.62
2112.67
2112.71
2112.76
--- next_y
1451.04
1451.36
1451.67
1451.98
1452.3
1452.61
1452.93
1453.24
1453.55
1453.86
1454.18
1454.49
1454.8
1455.11
1455.42
1455.73
1456.04
1456.34
1456.65
1456.96
1457.27
1457.57
1457.88
1458.18
1458.49
1458.8
1459.1
1459.4
1459.71
1460.01
1460.32
1460.62
1460.92
1461.22
1461.52
1461.82
1462.12
1462.42
1462.72
1463.02
1463.32
1463.61
1463.91
1464.21
1464.51
1464.8
1465.1
1465.39
1465.68
1465.98
iteracion: 1072
--- next_x
2110.58
2110.63
2110.68
2110.72
2110.77
2110.82
2110.87
2110.91
2110.96
2111.01
2111.06
2111.1
2111.15
2111.2
2111.24
2111.29
2111.33
2111.38
2111.43
2111.47
2111.51
2111.56
2111.6
2111.65
2111.69
2111.74
2111.78
2111.82
2111.87
2111.91
2111.95
2112
2112.04
2112.08
2112.12
2112.17
2112.21
2112.25
2112.29
2112.33
2112.37
2112.41
2112.45
2112.49
2112.54
2112.58
2112.61
2112.65
2112.68
2112.72
--- next_y
1451.04
1451.36
1451.67
1451.98
1452.3
1452.61
1452.93
1453.24
1453.55
1453.86
1454.18
1454.49
1454.8
1455.11
1455.42
1455.73
1456.04
1456.34
1456.65
1456.96
1457.27
1457.57
1457.88
1458.18
1458.49
1458.8
1459.1
1459.4
1459.71
1460.01
1460.32
1460.62
1460.92
1461.22
1461.52
1461.82
1462.12
1462.42
1462.72
1463.02
1463.32
1463.61
1463.91
1464.21
1464.51
1464.8
1465.1
1465.39
1465.69
1465.98
