iteracion: 456
--- next_x
1512.95
1513.39
1513.83
1514.27
1514.71
1515.15
1515.59
1516.04
1516.48
1516.92
1517.36
1517.8
1518.23
1518.67
1519.11
1519.54
1519.97
1520.41
1520.84
1521.27
1521.69
1522.12
1522.55
1522.97
1523.39
1523.81
1524.23
1524.64
1525.06
1525.48
1525.89
1526.31
1526.72
1527.13
1527.54
1527.95
1528.36
1528.76
1529.17
1529.57
1529.97
1530.38
1530.77
1531.17
1531.57
1531.97
1532.37
1532.77
1533.17
1533.56
--- next_y
1162.62
1162.58
1162.54
1162.5
1162.46
1162.42
1162.38
1162.34
1162.31
1162.27
1162.23
1162.19
1162.15
1162.12
1162.08
1162.04
1162.01
1161.97
1161.93
1161.9
1161.86
1161.83
1161.79
1161.76
1161.72
1161.69
1161.66
1161.62
1161.59
1161.56
1161.52
1161.49
1161.46
1161.42
1161.39
1161.36
1161.32
1161.29
1161.26
1161.22
1161.19
1161.16
1161.12
1161.09
1161.06
1161.03
1160.99
1160.96
1160.93
1160.89
iteracion: 456
--- next_x
1512.95
1513.39
1513.83
1514.27
1514.71
1515.15
1515.59
1516.04
1516.48
1516.92
1517.36
1517.8
1518.23
1518.67
1519.11
1519.54
1519.97
1520.41
1520.84
1521.27
1521.69
1522.12
1522.55
1522.97
1523.39
1523.81
1524.23
1524.64
1525.06
1525.48
1525.89
1526.31
1526.72
1527.13
1527.54
1527.95
1528.36
1528.76
1529.17
1529.57
1529.97
1530.38
1530.77
1531.17
1531.57
1531.97
1532.36
1532.76
1533.15
1533.54
--- next_y
1162.62
1162.58
1162.54
1162.5
1162.46
1162.42
1162.38
1162.34
1162.31
1162.27
1162.23
1162.19
1162.15
1162.12
1162.08
1162.04
1162.01
1161.97
1161.93
1161.9
1161.86
1161.83
1161.79
1161.76
1161.72
1161.69
1161.66
1161.62
1161.59
1161.56
1161.52
1161.49
1161.46
1161.42
1161.39
1161.36
1161.32
1161.29
1161.26
1161.22
1161.19
1161.16
1161.12
1161.09
1161.06
1161.03
1160.99
1160.95
1160.91
1160.86
iteracion: 456
--- next_x
1512.95
1513.39
1513.83
1514.27
1514.71
1515.15
1515.59
1516.04
1516.48
1516.92
1517.36
1517.8
1518.23
1518.67
1519.11
1519.54
1519.97
1520.41
1520.84
1521.27
1521.69
1522.12
1522.55
1522.97
1523.39
1523.81
1524.23
1524.64
1525.06
1525.48
1525.89
1526.31
1526.72
1527.13
1527.54
1527.95
1528.36
1528.76
1529.17
1529.57
1529.97
1530.38
1530.77
1531.17
1531.57
1531.97
1532.36
1532.76
1533.15
1533.55
--- next_y
1162.62
1162.58
1162.54
1162.5
1162.46
1162.42
1162.38
1162.34
1162.31
1162.27
1162.23
1162.19
1162.15
1162.12
1162.08
1162.04
1162.01
1161.97
1161.93
1161.9
1161.86
1161.83
1161.79
1161.76
1161.72
1161.69
1161.66
1161.62
1161.59
1161.56
1161.52
1161.49
1161.46
1161.42
1161.39
1161.36
1161.32
1161.29
1161.26
1161.22
1161.19
1161.16
1161.12
1161.09
1161.06
1161.03
1161
1160.97
1160.95
1160.93
