iteracion: 637
--- next_x
1749.97
1750.39
1750.81
1751.23
1751.65
1752.07
1752.49
1752.92
1753.34
1753.77
1754.19
1754.62
1755.06
1755.49
1755.92
1756.35
1756.79
1757.22
1757.66
1758.1
1758.54
1758.98
1759.43
1759.87
1760.31
1760.76
1761.2
1761.64
1762.08
1762.53
1762.97
1763.41
1763.85
1764.3
1764.74
1765.18
1765.62
1766.07
1766.51
1766.95
1767.38
1767.82
1768.26
1768.69
1769.12
1769.55
1769.99
1770.42
1770.85
1771.28
--- next_y
1143.35
1143.32
1143.29
1143.26
1143.24
1143.21
1143.18
1143.15
1143.12
1143.09
1143.06
1143.03
1143.01
1142.97
1142.95
1142.92
1142.89
1142.86
1142.83
1142.8
1142.77
1142.74
1142.71
1142.68
1142.65
1142.62
1142.59
1142.56
1142.53
1142.5
1142.47
1142.44
1142.41
1142.38
1142.35
1142.32
1142.29
1142.26
1142.23
1142.19
1142.16
1142.13
1142.1
1142.07
1142.04
1142.01
1141.98
1141.95
1141.92
1141.88
iteracion: 637
--- next_x
1749.97
1750.39
1750.81
1751.23
1751.65
1752.07
1752.49
1752.92
1753.34
1753.77
1754.19
1754.62
1755.06
1755.49
1755.92
1756.35
1756.79
1757.22
1757.66
1758.1
1758.54
1758.98
1759.43
1759.87
1760.31
1760.76
1761.2
1761.64
1762.08
1762.53
1762.97
1763.41
1763.85
1764.3
1764.74
1765.18
1765.62
1766.07
1766.51
1766.95
1767.38
1767.82
1768.26
1768.69
1769.12
1769.55
1769.98
1770.41
1770.84
1771.27
--- next_y
1143.35
1143.32
1143.29
1143.26
1143.24
1143.21
1143.18
1143.15
1143.12
1143.09
1143.06
1143.03
1143.01
1142.97
1142.95
1142.92
1142.89
1142.86
1142.83
1142.8
1142.77
1142.74
1142.71
1142.68
1142.65
1142.62
1142.59
1142.56
1142.53
1142.5
1142.47
1142.44
1142.41
1142.38
1142.35
1142.32
1142.29
1142.26
1142.23
1142.19
1142.16
1142.13
1142.1
1142.07
1142.04
1142.01
1141.97
1141.93
1141.89
1141.84
iteracion: 637
--- next_x
1749.97
1750.39
1750.81
1751.23
1751.65
1752.07
1752.49
1752.92
1753.34
1753.77
1754.19
1754.62
1755.06
1755.49
1755.92
1756.35
1756.79
1757.22
1757.66
1758.1
1758.54
1758.98
1759.43
1759.87
1760.31
1760.76
1761.2
1761.64
1762.08
1762.53
1762.97
1763.41
1763.85
1764.3
1764.74
1765.18
1765.62
1766.07
1766.51
1766.95
1767.38
1767.82
1768.26
1768.69
1769.12
1769.55
1769.98
1770.41
1770.83
1771.26
--- next_y
1143.35
1143.32
1143.29
1143.26
1143.24
1143.21
1143.18
1143.15
1143.12
1143.09
1143.06
1143.03
1143.01
1142.97
1142.95
1142.92
1142.89
1142.86
1142.83
1142.8
1142.77
1142.74
1142.71
1142.68
1142.65
1142.62
1142.59
1142.56
1142.53
1142.5
1142.47
1142.44
1142.41
1142.38
1142.35
1142.32
1142.29
1142.26
1142.23
1142.19
1142.16
1142.13
1142.1
1142.07
1142.04
1142.01
1141.98
1141.96
1141.94
1141.93
